taylor_setup_files/outputs/scen0_calibrated_taylor_28yr_base_handCalibrated/DEM_taylor_Dredge_EEX_Flat_10m.asc
ncols 280
nrows 300
xllcorner 555200.0
yllcorner 5259500.0
cellsize 10.0
nodata_value -9999.0
[rows 252 to 279 of 300, columns 63 to 125 of 280]
94.30291 94.57152 94.84234 95.1227 95.36589 95.56956 95.71454 95.84315 96.01633 96.39677 96.88686 97.34545 97.79975 98.23201 98.70587 99.25961 99.8971 100.6784 101.4772 102.227 102.8848 103.5348 104.1961 104.8587 105.5052 106.2425 106.9173 107.6475 108.4752 109.4315 110.2817 111.0408 111.5816 112.3166 113.1676 114.1204 115.0807 115.7543 116.2728 116.7313 117.1934 117.5788 117.9474 118.3455 118.7876 119.3368 119.8603 120.4032 120.8679 121.3199 121.7487 122.2145 122.5995 123.4416 124.5551 124.954 124.7948 125.2199 125.9131 126.107 125.6594 125.245 124.867
94.20937 94.43269 94.63937 94.86647 95.05835 95.2412 95.33656 95.38769 95.48816 95.82094 96.24994 96.76845 97.37435 98.02085 98.58389 99.18421 99.80921 100.609 101.3929 102.1433 102.7482 103.3589 103.9838 104.5865 105.2064 105.9284 106.6086 107.3125 108.0858 108.91 109.7087 110.416 110.9245 111.3634 112.0623 113.0898 114.1117 114.9967 115.638 116.2065 116.6646 116.8871 117.1194 117.4852 117.8147 118.204 118.6739 119.2336 119.6809 120.1133 120.4724 120.8154 120.983 120.8749 120.8012 121.0285 121.4654 121.9443 122.4998 122.7572 122.6145 122.3454 122.2455
94.06816 94.28877 94.46456 94.67235 94.82596 94.90775 94.91609 94.85028 94.81217 95.02495 95.49668 96.10039 96.84735 97.72289 98.42387 99.05377 99.75582 100.5795 101.3064 102.008 102.6228 103.1684 103.7382 104.3503 104.9426 105.605 106.2439 106.9374 107.7003 108.4488 109.098 109.6673 110.1021 110.4008 110.801 111.5802 112.4053 113.44 114.4896 115.4121 115.8576 116.0066 116.2351 116.544 116.8598 117.2551 117.6542 118.0659 118.5015 118.9116 119.2496 119.5708 119.7196 119.5312 119.2578 119.2023 119.4648 119.6922 119.929 120.046 120.05 119.9737 119.8506
93.91718 94.13223 94.29728 94.43494 94.53233 94.53738 94.43613 94.21387 93.98675 94.15181 94.6365 95.30271 96.13184 97.12765 98.07943 98.89577 99.74569 100.5627 101.2265 101.8761 102.4478 102.959 103.4354 104.0055 104.5638 105.2252 105.8229 106.486 107.1734 107.8309 108.3978 108.8273 109.0594 109.2259 109.3765 109.6224 110.0558 110.7025 111.5938 113.0113 114.0343 114.7642 115.2445 115.5246 115.8682 116.2248 116.5692 116.9916 117.3393 117.6999 118.0664 118.3833 118.5106 118.3093 118.0697 117.9048 117.9504 118.0329 118.0845 117.97 117.8569 117.6819 117.453
93.77528 94.0189 94.15517 94.19134 94.18559 94.12756 93.97516 93.63692 93.28583 93.41723 93.84253 94.48917 95.36305 96.46337 97.71213 98.76901 99.71365 100.5198 101.1188 101.6899 102.145 102.6287 103.0618 103.5196 104.057 104.6864 105.2912 105.9433 106.5525 107.1334 107.5676 107.877 107.9583 108.0414 108.0531 108.0093 108.0309 108.1097 108.4766 109.7839 111.1575 112.4917 113.3623 114.0383 114.5654 115.0557 115.4104 115.8785 116.3349 116.7744 117.1353 117.2965 117.335 117.1866 116.9918 116.7534 116.6305 116.6283 116.522 116.2475 115.9822 115.6785 115.397
93.55283 93.79136 93.9104 93.94064 93.87752 93.71467 93.4577 93.00425 92.67542 92.80805 93.18542 93.74232 94.48244 95.68185 97.17576 98.5534 99.64988 100.4775 100.9778 101.4242 101.7989 102.1888 102.5671 102.9307 103.4175 103.9782 104.5761 105.2038 105.7698 106.2915 106.6514 106.9051 106.9724 106.9372 106.9562 106.9368 106.8505 106.771 106.7735 107.3859 108.4578 109.7387 110.8466 111.9019 112.6483 113.3376 113.9407 114.5728 115.2013 115.7308 116.0917 116.1698 116.1076 115.9549 115.7246 115.4602 115.3764 115.3487 115.1197 114.6781 114.4495 114.3807 114.3313
93.27184 93.45191 93.55909 93.59941 93.53126 93.334 92.97883 92.53539 92.11897 92.1376 92.51996 93.03685 93.75237 94.87524 96.35207 98.08554 99.40794 100.3277 100.7751 101.135 101.4721 101.7999 102.1447 102.4696 102.8467 103.3293 103.8178 104.3941 104.9332 105.3473 105.6515 105.9604 106.0995 106.1167 106.1777 106.1509 106.1557 106.1975 106.3112 106.5578 106.9573 107.5898 108.5908 109.6885 110.6532 111.5201 112.2394 112.9885 113.6805 114.3474 114.754 114.7411 114.7186 114.6056 114.3646 114.2031 114.2197 114.2269 114.069 113.7751 113.6069 113.6001 113.5348
93.02172 93.16553 93.25113 93.25244 93.2007 92.98265 92.59458 92.05979 91.56783 91.45506 91.78229 92.24216 92.95219 94.06845 95.46809 97.1631 98.62316 99.77328 100.4212 100.8135 101.1018 101.3601 101.6724 102.0004 102.3486 102.7534 103.0755 103.4236 103.9309 104.3321 104.6055 104.9505 105.1769 105.2993 105.3793 105.4094 105.4201 105.4734 105.6534 105.8911 106.2151 106.6539 107.085 107.7456 108.647 109.6584 110.4052 111.0656 111.5893 112.2464 112.6877 112.8837 113.0229 113.0113 112.9268 112.9816 113.1513 113.2436 113.137 112.9576 112.7714 112.7859 112.7637
92.70932 92.80965 92.82373 92.78934 92.76663 92.55647 92.11387 91.50527 91.03283 90.87919 91.11932 91.59658 92.21782 93.19548 94.52951 96.0611 97.55571 98.85891 99.68614 100.2014 100.5714 100.9142 101.1857 101.4552 101.749 102.057 102.3444 102.615 103.0126 103.3499 103.5709 103.894 104.2773 104.4887 104.5684 104.6673 104.7024 104.7985 104.9883 105.1779 105.4726 105.8762 106.2836 106.7386 107.3215 107.9653 108.5008 108.9932 109.4338 109.932 110.28 110.7024 111.068 111.4086 111.6618 111.9538 112.2568 112.4073 112.3816 112.3625 112.1775 112.0387 112.008
92.02016 92.12751 92.12373 92.12661 92.02583 91.73663 91.24523 90.73531 90.39707 90.27214 90.44128 90.88107 91.51044 92.3448 93.39947 94.83389 96.1456 97.5347 98.53677 99.2199 99.71975 100.2052 100.5615 100.8291 101.0667 101.2943 101.5507 101.7658 102.0906 102.4568 102.6584 102.8904 103.2509 103.57 103.7858 103.8961 103.985 104.1023 104.2654 104.4903 104.7482 105.0472 105.4096 105.7911 106.257 106.6925 106.9455 107.2161 107.5105 107.836 108.2336 108.6665 109.1761 109.9134 110.5786 111.0859 111.4265 111.6238 111.5713 111.4658 111.4509 111.3757 111.2702
91.04479 91.19134 91.2084 91.15363 91.00225 90.64026 90.1394 89.66856 89.39816 89.36163 89.58271 90.04478 90.69249 91.49226 92.45735 93.71678 94.85528 96.06985 97.13827 97.95063 98.67244 99.25907 99.73344 100.0432 100.2608 100.5406 100.7842 100.9767 101.2776 101.6598 101.963 102.1941 102.4205 102.7848 103.072 103.2261 103.389 103.5204 103.5864 103.7581 103.979 104.2584 104.5475 104.832 105.2018 105.5042 105.7389 106.0154 106.2433 106.4934 106.77 107.2162 107.9137 108.8187 109.5822 110.2127 110.6457 110.9386 110.8619 110.6353 110.6348 110.6835 110.6119
89.8503 90.10645 90.11255 89.97311 89.63303 89.2336 88.791 88.25555 87.9059 87.90776 88.20584 88.82484 89.58149 90.45528 91.50837 92.53838 93.53359 94.60841 95.62756 96.54776 97.33423 98.03286 98.55936 98.95348 99.26543 99.55482 99.78356 100.1206 100.534 100.9588 101.265 101.5517 101.8113 102.1588 102.4629 102.6327 102.7797 102.8746 102.9228 103.0041 103.1493 103.3354 103.5161 103.7842 104.044 104.3027 104.5722 104.838 105.1048 105.382 105.6957 106.164 106.8348 107.6992 108.5882 109.354 109.8303 110.1627 110.0689 109.7857 109.7743 109.8671 109.9896
88.61806 88.85387 88.94951 88.7538 88.24097 87.73595 87.21616 86.78613 86.51471 86.46584 86.78561 87.41911 88.27797 89.33967 90.4045 91.43458 92.35098 93.28394 94.2048 95.13799 95.9515 96.75534 97.29964 97.75073 98.14315 98.46526 98.75427 99.14134 99.62553 100.2008 100.6323 100.9987 101.2799 101.5599 101.8826 102.107 102.1961 102.2556 102.2825 102.309 102.402 102.4968 102.6068 102.7942 102.9434 103.2241 103.4838 103.7133 103.9604 104.2183 104.6094 105.1802 105.8292 106.6519 107.4397 108.3602 108.9352 109.3437 109.2949 108.9751 109.097 109.3566 109.6939
87.63523 87.76071 87.80521 87.55355 86.97715 86.22702 85.6693 85.4142 85.20308 85.0941 85.35551 86.018 86.93795 87.97533 89.00965 90.14 91.11682 92.0666 92.9218 93.74376 94.56957 95.40086 96.05394 96.52988 96.84273 97.15975 97.56133 98.00084 98.50181 99.12652 99.7218 100.3087 100.7411 101.0479 101.2951 101.4638 101.5038 101.5479 101.5711 101.618 101.6705 101.6891 101.7458 101.8344 101.979 102.1572 102.3451 102.6079 102.8551 103.1067 103.4034 103.8123 104.3573 105.0513 105.8295 106.887 107.6029 108.1514 108.3736 108.4464 109.0682 109.5689 109.6319
86.80622 86.89662 86.84183 86.53224 85.90742 85.09185 84.58846 84.41357 84.34234 84.31284 84.42709 84.85738 85.58913 86.57403 87.6825 88.88422 89.90704 90.8774 91.75701 92.621 93.43731 94.17452 94.84523 95.27959 95.5341 95.81442 96.10072 96.5978 97.12061 97.83553 98.55637 99.30117 99.89369 100.3395 100.6031 100.8567 100.9082 100.8681 100.8802 100.9299 100.939 100.9406 100.9075 100.9166 101.0489 101.2199 101.422 101.6042 101.8255 102.077 102.308 102.5779 102.831 103.15 103.8072 104.903 105.8284 106.6715 107.4231 108.2725 109.0779 109.4756 109.093
85.88063 86.05215 85.95182 85.51322 84.90326 84.38947 84.01845 83.74008 83.68218 83.70007 83.90639 84.23546 84.56307 85.21392 86.30996 87.56799 88.71164 89.66755 90.52333 91.46159 92.26975 93.06065 93.63493 93.90811 94.05012 94.15611 94.39355 94.91199 95.49535 96.15076 96.92367 97.69027 98.4753 99.05709 99.42127 99.75692 99.86157 99.86272 99.86506 99.81118 99.78078 99.76351 99.76374 99.78863 99.85386 100.0692 100.2976 100.4997 100.7345 100.9976 101.1514 101.2555 101.2828 101.4462 101.8503 102.6796 103.7723 104.7543 106.0275 107.6002 108.2872 108.4277 107.9968
85.05106 85.2533 85.16887 84.7668 84.30333 83.83651 83.47401 83.2606 83.14341 83.16125 83.35479 83.69991 84.0457 84.5047 85.2577 86.47495 87.60184 88.57332 89.45075 90.3434 91.16598 91.99509 92.46973 92.63827 92.67542 92.62686 92.73681 93.1822 93.77756 94.42191 95.10321 95.86397 96.54501 97.19309 97.71078 98.00324 98.15412 98.19834 98.19583 98.24591 98.22782 98.21506 98.25176 98.32714 98.53043 98.79566 99.05727 99.2932 99.52102 99.7667 99.96136 99.99834 99.99181 100.0608 100.2638 101.0196 102.0068 102.9262 104.3998 106.3042 107.0414 106.9311 106.4758
83.99933 84.30048 84.30848 84.06996 83.65036 83.20609 82.87749 82.70312 82.62571 82.67867 82.86146 83.18783 83.58295 84.04268 84.57803 85.50143 86.47298 87.36959 88.13242 88.98372 89.84426 90.65029 91.0969 91.22341 91.29111 91.42625 91.63139 91.91404 92.24049 92.65171 93.17915 93.81634 94.3304 94.86903 95.2603 95.63137 95.92348 96.04336 96.05478 96.12486 96.1431 96.24332 96.39669 96.57032 96.9151 97.22198 97.5808 97.95499 98.22081 98.4938 98.64127 98.75887 98.85786 98.9562 99.15247 99.69285 100.3877 101.2131 102.5039 104.2227 105.1092 104.8908 104.4809
82.84498 83.26904 83.43501 83.31795 82.98041 82.66484 82.4093 82.2402 82.21629 82.2933 82.44748 82.74502 83.12076 83.6088 84.16483 84.76152 85.42333 86.16628 86.91723 87.69442 88.37965 89.11951 89.67606 90.02026 90.24683 90.43722 90.68922 91.00097 91.29899 91.6357 91.9642 92.29081 92.65177 92.95619 93.22378 93.48618 93.6812 93.84583 93.9085 93.94569 93.97131 93.9641 94.19875 94.74458 95.27697 95.7075 96.11231 96.53495 96.88458 97.22864 97.49352 97.74254 97.90199 98.10457 98.35266 98.67377 99.18031 99.73989 100.6251 101.9773 102.8753 102.8472 102.3869
81.40921 81.84047 82.20782 82.32475 82.20921 82.08508 81.94965 81.80536 81.78053 81.87242 82.05297 82.31372 82.66451 83.1553 83.67587 84.16183 84.51936 84.96582 85.59848 86.32486 86.94411 87.57133 88.03946 88.61216 89.09967 89.47832 89.81969 90.15417 90.42321 90.79117 91.13761 91.41635 91.634 91.75552 91.9209 92.09177 92.21825 92.33153 92.3117 92.27356 92.28921 92.35497 92.6257 93.13994 93.54932 94.14397 94.69838 95.16356 95.55672 95.86694 96.1866 96.56763 96.89424 97.16347 97.4095 97.65327 98.03915 98.46514 99.16551 100.1017 100.6981 100.778 100.4163
79.96427 80.53376 81.0554 81.34396 81.36191 81.33414 81.36962 81.32503 81.28245 81.43148 81.64527 81.86063 82.18832 82.58539 83.02917 83.48641 83.87612 84.21944 84.57891 85.0774 85.66674 86.3 86.83153 87.3736 87.90427 88.44046 88.96331 89.41439 89.74928 90.04784 90.38206 90.65919 90.85535 91.05978 91.19814 91.3308 91.45058 91.57195 91.58273 91.44612 91.44644 91.56986 91.83567 92.12068 92.46203 92.92721 93.3621 93.84418 94.34742 94.78223 95.10789 95.492 95.9184 96.24231 96.53558 96.78872 97.04485 97.41635 97.98369 98.78481 99.22592 99.22254 98.97336
79.2 79.57635 79.93868 80.34611 80.49556 80.51036 80.62334 80.75411 80.86605 80.97946 81.12417 81.42 81.71977 82.035 82.39058 82.81344 83.17404 83.58823 83.92219 84.29097 84.69684 85.19169 85.82143 86.4501 86.97309 87.5105 88.03238 88.59915 89.01665 89.36582 89.67574 89.95729 90.17518 90.38481 90.56978 90.70707 90.83849 90.99669 91.02352 90.86366 90.87427 91.05669 91.29117 91.57278 91.85565 92.12225 92.39761 92.75138 93.21042 93.69537 94.13869 94.65923 95.11129 95.50208 95.75868 95.96087 96.23389 96.57491 97.05119 97.72867 98.12209 98.12654 97.99841
78.63043 79.05038 79.36633 79.61532 79.79824 79.88588 79.94505 80.10387 80.25309 80.4072 80.60622 80.89448 81.19115 81.49203 81.78929 82.15224 82.50996 82.86314 83.1937 83.58067 83.98058 84.41077 84.94901 85.60881 86.18713 86.76479 87.28805 87.79282 88.20638 88.68382 89.02767 89.32726 89.57532 89.77195 89.87962 90.05107 90.26614 90.49828 90.5423 90.35995 90.34108 90.56688 90.83273 91.12856 91.34783 91.63801 91.89391 92.10537 92.36553 92.74698 93.24237 93.85074 94.37773 94.81483 95.04537 95.1521 95.41467 95.71317 96.15579 96.75732 97.01112 97.16048 96.98478
78.13616 78.57635 78.91311 79.11418 79.2553 79.36193 79.44397 79.564 79.74043 79.88227 80.0565 80.31413 80.61791 80.92183 81.19169 81.50985 81.86011 82.21737 82.58167 82.99376 83.38276 83.88711 84.37716 84.98991 85.64735 86.23101 86.71133 87.13498 87.59061 88.04006 88.34796 88.65558 88.94213 89.16625 89.31424 89.48454 89.69154 89.96548 90.08366 89.96599 89.96278 90.15862 90.48597 90.79099 91.02147 91.31048 91.54475 91.77174 91.93056 92.24093 92.62039 93.09191 93.60022 94.05342 94.26847 94.42182 94.67605 94.93266 95.14558 95.37262 95.46886 95.79804 95.91364
77.62922 78.04071 78.31892 78.48699 78.6566 78.8024 78.90947 79.01035 79.17645 79.39119 79.58461 79.79646 80.03278 80.28757 80.55998 80.8828 81.22124 81.59058 81.94868 82.33582 82.75436 83.31972 83.85321 84.45263 85.13152 85.77647 86.21931 86.60556 87.00711 87.3839 87.69721 88.01614 88.30702 88.54288 88.7177 88.92549 89.17159 89.48869 89.6291 89.54536 89.52233 89.75427 90.09731 90.36913 90.61581 90.87967 91.19014 91.45747 91.61092 91.86066 92.15488 92.46534 92.79037 93.17389 93.43182 93.60439 93.83363 94.04523 93.98965 93.73371 93.79886 94.33459 94.97338
77.56577 77.97195 78.23395 78.38718 78.5696 78.72449 78.83611 78.93394 79.09473 79.32589 79.52705 79.73352 79.95361 80.1987 80.468 80.79581 81.13865 81.51088 81.86371 82.2346 82.66096 83.23238 83.7822 84.38286 85.05727 85.71234 86.15004 86.53822 86.92842 87.28934 87.60007 87.9186 88.21729 88.45506 88.62927 88.84105 89.098 89.43498 89.5783 89.49534 89.46153 89.69121 90.0424 90.31214 90.56326 90.81087 91.1269 91.40837 91.58221 91.81891 92.09316 92.38313 92.67352 93.03752 93.31213 93.48627 93.71148 93.90899 93.81939 93.49669 93.57796 94.14561 94.85356
76.99298 77.44131 77.63902 77.8098 77.96577 78.12565 78.303 78.47269 78.63136 78.80668 79.01074 79.23508 79.43856 79.70572 80.0165 80.29105 80.58665 80.96248 81.37915 81.73618 82.17541 82.76768 83.3257 83.98396 84.68739 85.33106 85.78603 86.22329 86.61694 86.94997 87.23215 87.54933 87.82266 88.0485 88.21666 88.42058 88.70969 89.07724 89.24612 89.17664 89.17525 89.40266 89.70493 89.96323 90.22703 90.51618 90.81178 91.16241 91.37956 91.52676 91.79638 92.04129 92.21047 92.43703 92.63223 92.80074 93.02325 93.20405 93.01813 92.64074 92.93676 93.63141 94.34187
76.24471 76.6977 76.9504 77.1718 77.33829 77.51226 77.7039 77.89922 78.03278 78.21215 78.44477 78.71042 78.94341 79.14799 79.4175 79.71934 79.98517 80.27012 80.70371 81.17632 81.65996 82.29279 82.87148 83.49352 84.17778 84.93048 85.49509 86.01897 86.42095 86.74923 87.05007 87.35078 87.55278 87.71399 87.86014 88.046 88.31313 88.65443 88.85456 88.8363 88.89638 89.13846 89.37382 89.64227 89.9044 90.25251 90.56704 90.91748 91.10949 91.26727 91.48533 91.66558 91.80294 91.95166 91.9986 92.08556 92.26713 92.5018 92.50264 92.38685 92.79346 93.3913 93.90249
