taylor_setup_files/outputs/scen0_calibrated_taylor_28yr_base_handCalibrated/DEM_taylor_Dredge_EEX_Flat_10m.asc
ncols 280
nrows 300
xllcorner 555200.0
yllcorner 5259500.0
cellsize 10.0
nodata_value -9999.0
[rows 28 to 55 of 300, columns 189 to 251 of 280]
14.95926 14.86886 14.70608 14.58829 14.4208 14.22099 14.06605 13.89494 13.69128 13.43848 13.07242 12.78664 12.5875 12.39032 12.15079 11.55783 10.43985 9.199901 7.560985 6.224079 5.400505 5.183031 5.091594 5.092594 5.093594 5.094594 5.0946739999999995 -1.0 -1.0 -1.0 -1.0 -1.0 -1.0 -1.0 -1.0 -1.0 -1.0 -1.0 -1.0 -1.0 -1.0 -1.0 -1.0 -1.0 -1.0 -1.0 -1.0 -1.0 -1.0 -1.0 -1.0 -1.0 -1.0 -1.0 -1.0 -1.0 -1.0 -1.0 -1.0 -1.0 -1.0 -1.0 -1.0
17.81393 17.11637 16.31824 15.90101 15.7386 15.64095 15.45477 15.29387 15.09841 14.77445 14.45967 14.16211 13.87715 13.66198 13.36905 13.01299 12.56887 11.93645 10.86686 9.501519 7.935442 6.311867 5.327283 5.146913 5.093594 5.094594 5.095594 5.093674 -1.0 -1.0 -1.0 -1.0 -1.0 -1.0 -1.0 -1.0 -1.0 -1.0 -1.0 -1.0 -1.0 -1.0 -1.0 -1.0 -1.0 -1.0 -1.0 -1.0 -1.0 -1.0 -1.0 -1.0 -1.0 -1.0 -1.0 -1.0 -1.0 -1.0 -1.0 -1.0 -1.0 -1.0 -1.0
21.60886 20.9482 20.05782 18.88923 17.67036 17.00657 16.80876 16.67431 16.46194 16.08587 15.63175 15.23034 14.97279 14.73879 14.43909 14.09978 13.67717 13.25468 12.78611 12.09975 11.09093 9.78407 8.152062 6.330651 5.29076 5.218222 5.095594 5.097674 5.092674 5.092525 -1.0 -1.0 -1.0 -1.0 -1.0 -1.0 -1.0 -1.0 -1.0 -1.0 -1.0 -1.0 -1.0 -1.0 -1.0 -1.0 -1.0 -1.0 -1.0 -1.0 -1.0 -1.0 -1.0 -1.0 -1.0 -1.0 -1.0 -1.0 -1.0 -1.0 -1.0 -1.0 -1.0
23.85728 23.22036 22.45217 21.18214 19.52949 18.44463 18.08734 18.02188 18.07874 17.92518 17.4915 16.9348 16.31777 15.75333 15.35116 15.073 14.72928 14.40413 13.98011 13.57268 13.00594 12.35132 11.34455 9.914569 8.131184 6.247008 5.301455 5.228219 5.1019879999999995 5.1019879999999995 5.092402 -1.0 -1.0 -1.0 -1.0 -1.0 -1.0 -1.0 -1.0 -1.0 -1.0 -1.0 -1.0 -1.0 -1.0 -1.0 -1.0 -1.0 -1.0 -1.0 -1.0 -1.0 -1.0 -1.0 -1.0 -1.0 -1.0 -1.0 -1.0 -1.0 -1.0 -1.0 -1.0
24.95104 23.89895 22.86904 21.63644 20.20081 19.26911 19.02146 19.42115 19.83576 20.00644 19.87998 19.5925 18.94589 18.11058 17.20576 16.53302 15.92976 15.41953 15.02419 14.61653 14.16802 13.68336 13.02794 12.29153 11.16342 9.454571 7.532629 5.897118 5.271898 5.100988 5.100988 5.092122 5.092 -1.0 -1.0 -1.0 -1.0 -1.0 -1.0 -1.0 -1.0 -1.0 -1.0 -1.0 -1.0 -1.0 -1.0 -1.0 -1.0 -1.0 -1.0 -1.0 -1.0 -1.0 -1.0 -1.0 -1.0 -1.0 -1.0 -1.0 -1.0 -1.0 -1.0
25.53866 24.49227 23.3875 21.78101 20.36959 19.72894 19.65447 20.35724 21.33295 21.93668 22.00997 21.80706 21.55072 21.05104 20.34903 19.55222 18.47258 17.48631 16.62111 15.85328 15.25847 14.72598 14.18724 13.60468 12.9864 12.15727 10.49893 8.341932 6.442113 5.336024 5.099988 5.099988 5.092143 5.092013 -1.0 -1.0 -1.0 -1.0 -1.0 -1.0 -1.0 -1.0 -1.0 -1.0 -1.0 -1.0 -1.0 -1.0 -1.0 -1.0 -1.0 -1.0 -1.0 -1.0 -1.0 -1.0 -1.0 -1.0 -1.0 -1.0 -1.0 -1.0 -1.0
26.34979 25.39275 24.56302 22.73519 21.06951 20.51609 20.38125 20.69314 21.95125 22.93046 23.12237 23.07169 22.92146 22.70079 22.48833 22.12745 21.40842 20.54243 19.49239 18.3973 17.01298 15.89162 15.12377 14.57049 13.89799 13.22719 12.43259 11.07041 8.577112 6.385538 5.300403 5.098987999999999 5.098987999999999 5.092195 5.092023 5.092001 -1.0 -1.0 -1.0 -1.0 -1.0 -1.0 -1.0 -1.0 -1.0 -1.0 -1.0 -1.0 -1.0 -1.0 -1.0 -1.0 -1.0 -1.0 -1.0 -1.0 -1.0 -1.0 -1.0 -1.0 -1.0 -1.0 -1.0
29.36465 28.0709 27.1012 25.88467 24.39119 23.37528 22.47302 22.30683 23.31493 24.09093 24.25804 24.20813 24.08699 23.83401 23.54891 23.26026 22.95303 22.62877 22.2633 21.57319 20.49363 18.99007 16.72096 15.37647 14.80176 14.17979 13.35041 12.4834 11.04272 8.812803 6.410861 5.293577 5.097988 5.095294 5.092724 5.092076 5.09199 -1.0 -1.0 -1.0 -1.0 -1.0 -1.0 -1.0 -1.0 -1.0 -1.0 -1.0 -1.0 -1.0 -1.0 -1.0 -1.0 -1.0 -1.0 -1.0 -1.0 -1.0 -1.0 -1.0 -1.0 -1.0 -1.0
32.43485 31.32415 30.23935 29.43181 28.59062 27.45131 26.2095 25.51053 25.45841 25.55111 25.43535 25.27167 25.07425 24.80818 24.52501 24.27268 24.02489 23.93408 23.96675 23.75047 23.31084 22.17207 20.04642 17.41569 15.55344 14.89477 14.27936 13.48407 12.49394 11.27119 9.166296 6.499882 5.189169 5.096988 5.095987999999999 5.094988 5.092545 5.091999 -1.0 -1.0 -1.0 -1.0 -1.0 -1.0 -1.0 -1.0 -1.0 -1.0 -1.0 -1.0 -1.0 -1.0 -1.0 -1.0 -1.0 -1.0 -1.0 -1.0 -1.0 -1.0 -1.0 -1.0 -1.0
33.84961 33.28357 32.76216 32.0747 31.26511 30.44874 29.64717 28.82148 27.98718 27.41448 27.03205 26.74502 26.42515 25.9368 25.50503 25.17344 24.8832 24.93516 25.49294 25.8286 25.20762 24.11945 22.72822 20.30469 17.42105 15.82631 15.08148 14.56412 13.76101 12.94179 11.72972 9.590442 6.920359 5.427495 5.19114 5.093545000000001 5.0939879999999995 5.092009 5.091988 -1.0 -1.0 -1.0 -1.0 -1.0 -1.0 -1.0 -1.0 -1.0 -1.0 -1.0 -1.0 -1.0 -1.0 -1.0 -1.0 -1.0 -1.0 -1.0 -1.0 -1.0 -1.0 -1.0 -1.0
34.89319 34.38116 33.89846 33.46649 33.02401 32.51656 31.76442 31.0046 30.34541 29.65844 29.06072 28.54957 28.03221 27.52162 26.97521 26.49879 25.89213 25.67713 26.40841 27.17649 26.74805 25.67775 24.16186 22.35802 19.96542 18.14554 16.6413 15.55305 14.83552 14.14601 13.28938 12.15524 9.849068 7.307513 5.620069 5.198782 5.0939879999999995 5.092988 5.092988 5.092988 5.0930800000000005 -1.0 -1.0 -1.0 -1.0 -1.0 -1.0 -1.0 -1.0 -1.0 -1.0 -1.0 -1.0 -1.0 -1.0 -1.0 -1.0 -1.0 -1.0 -1.0 -1.0 -1.0 -1.0
36.17999 35.67282 35.21051 34.76562 34.25019 33.83034 33.32926 32.84674 32.2668 31.6333 31.01355 30.47844 30.0735 29.65324 29.15176 28.67199 27.99514 27.62666 27.82576 28.21098 27.92092 26.99848 25.60992 24.03629 22.53 21.44569 19.93765 18.17185 16.53742 15.29757 14.33024 13.53031 12.48793 10.55545 7.884058 5.95395 5.26077 5.0939879999999995 5.0939879999999995 5.0939879999999995 5.09508 5.09208 -1.0 -1.0 -1.0 -1.0 -1.0 -1.0 -1.0 -1.0 -1.0 -1.0 -1.0 -1.0 -1.0 -1.0 -1.0 -1.0 -1.0 -1.0 -1.0 -1.0 -1.0
38.34417 37.44792 36.68192 36.12394 35.55213 35.08564 34.63687 34.12092 33.60614 33.04124 32.46159 32.0052 31.72012 31.51159 31.2429 30.93861 30.62986 30.37935 30.02633 29.70589 29.0904 28.02919 26.84875 25.72906 24.8049 23.92342 22.95668 21.7096 19.74599 17.33034 15.38391 14.45664 13.64784 12.81611 11.26099 8.960285 6.579115 5.382176 5.195939 5.095028 5.095892999999999 5.092177 5.091969 -1.0 -1.0 -1.0 -1.0 -1.0 -1.0 -1.0 -1.0 -1.0 -1.0 -1.0 -1.0 -1.0 -1.0 -1.0 -1.0 -1.0 -1.0 -1.0 -1.0
40.83993 39.898 38.76892 37.66656 36.88101 36.40873 35.96978 35.49284 34.99903 34.44382 33.7781 33.23172 32.85417 32.6597 32.47755 32.33674 32.1829 31.95261 31.59946 31.20374 30.40991 29.20357 27.94832 27.14426 26.57224 25.83337 24.8546 23.94087 22.80825 21.00791 17.98215 15.558 14.6233 13.9418 13.14854 12.16453 10.27653 7.782265 5.771516 5.228577 5.095892999999999 5.094893 5.093493 5.092754 5.091949 -1.0 -1.0 -1.0 -1.0 -1.0 -1.0 -1.0 -1.0 -1.0 -1.0 -1.0 -1.0 -1.0 -1.0 -1.0 -1.0 -1.0 -1.0
42.42361 41.7118 40.45108 39.08202 38.11097 37.58304 37.14922 36.75682 36.25684 35.65589 34.80084 34.1922 33.85944 33.65566 33.41319 33.23383 32.99252 32.7646 32.46413 31.98946 31.0158 29.90583 28.97136 28.38701 27.8802 27.28453 26.40369 25.42652 24.43187 23.36154 21.56863 18.57162 15.70157 14.76102 14.16183 13.41459 12.44656 10.66345 8.390333 6.411284 5.440156 5.196048 5.093893 5.092892999999999 5.094225 5.091728 -1.0 -1.0 -1.0 -1.0 -1.0 -1.0 -1.0 -1.0 -1.0 -1.0 -1.0 -1.0 -1.0 -1.0 -1.0 -1.0 -1.0
43.61829 42.62491 41.13034 39.93603 39.18867 38.75418 38.34629 37.91776 37.27729 36.37259 35.40053 34.95798 34.73964 34.52 34.33359 34.15015 33.86097 33.5494 33.04643 32.25643 31.12292 30.22657 29.80068 29.5118 29.22094 28.69429 27.89501 26.96526 25.83218 24.67887 23.6172 22.01836 18.92704 16.117 14.9647 14.31603 13.47372 12.53816 10.92846 8.819387 6.959691 5.89114 5.301417 5.092892999999999 5.091893 5.092301 5.09202 -1.0 -1.0 -1.0 -1.0 -1.0 -1.0 -1.0 -1.0 -1.0 -1.0 -1.0 -1.0 -1.0 -1.0 -1.0 -1.0
44.83673 43.51338 41.61209 40.50322 39.99766 39.78479 39.48969 39.00741 38.1736 36.8434 35.96579 35.72165 35.56779 35.33672 35.11804 34.88667 34.63387 34.2903 33.63433 32.58924 31.40638 30.74382 30.56611 30.61178 30.54765 30.12216 29.36877 28.32582 27.0867 25.7349 24.41585 23.5734 22.25866 19.26007 16.40279 15.09979 14.31891 13.54416 12.46582 11.18525 9.28912 7.503933 6.270869 5.549541 5.270439 5.0908929999999994 5.089893 5.088893 -1.0 -1.0 -1.0 -1.0 -1.0 -1.0 -1.0 -1.0 -1.0 -1.0 -1.0 -1.0 -1.0 -1.0 -1.0
46.30804 45.08018 43.34211 41.9712 41.29248 41.03569 40.74253 40.30777 39.53951 38.49192 37.61242 37.08466 36.76223 36.39802 36.03482 35.74387 35.43241 35.12064 34.53831 33.63982 32.63361 32.01207 31.79048 31.8378 31.89505 31.66005 30.80308 29.58174 28.23387 26.74911 25.31519 24.44159 23.73544 22.53594 19.54762 16.76738 15.2789 14.44728 13.52014 12.63488 11.47746 9.900809 8.132721 6.785218 5.95156 5.45305 5.241676 5.099619 5.080328 5.088418 -1.0 -1.0 -1.0 -1.0 -1.0 -1.0 -1.0 -1.0 -1.0 -1.0 -1.0 -1.0 -1.0
47.68342 46.74201 45.38272 44.0214 43.04824 42.4956 42.08459 41.63183 41.05294 40.49038 39.71339 39.02702 38.4194 37.84078 37.3037 36.88154 36.47884 36.0588 35.50135 34.89605 34.25133 33.67033 33.43302 33.30721 33.16096 32.80961 31.86129 30.7167 29.72523 28.28399 26.59561 25.5683 24.88908 24.05014 22.56676 19.83485 16.88224 15.31793 14.48269 13.63247 12.697 11.62597 10.20575 8.651346 7.25762 6.293893 5.689009 5.417963 5.398719 5.22426 5.070886 -1.0 -1.0 -1.0 -1.0 -1.0 -1.0 -1.0 -1.0 -1.0 -1.0 -1.0 -1.0
49.07277 48.17206 47.07049 45.97444 44.89221 44.0855 43.43693 42.90894 42.45041 41.96719 41.43155 40.8561 40.25034 39.69975 39.08698 38.48986 37.9034 37.31417 36.75218 36.16468 35.59931 35.20628 35.03823 34.93497 34.67266 34.06418 33.16669 32.25879 31.61938 30.85259 29.43219 27.9309 26.67808 25.59921 24.40748 22.84076 20.05231 17.21403 15.36582 14.61089 13.75631 12.81755 11.74385 10.59762 9.189837 7.909027 6.746809 6.021924 5.928786 5.602707 5.254108 5.061664 -1.0 -1.0 -1.0 -1.0 -1.0 -1.0 -1.0 -1.0 -1.0 -1.0 -1.0
50.52195 49.54979 48.43017 47.3388 46.31865 45.45205 44.64051 44.02087 43.50669 43.02715 42.65556 42.19158 41.72016 41.258 40.69099 40.12896 39.39394 38.7156 38.0686 37.41743 36.88011 36.55785 36.4605 36.41414 36.06085 35.49253 34.75713 34.08827 33.49075 32.90643 32.01287 30.76708 29.26213 27.7266 26.06211 24.58722 22.8935 20.22313 17.20996 15.5477 14.61403 13.83074 12.90383 11.97307 10.92666 9.722125 8.434447 7.229511 7.029369 6.220528 5.646717 5.283618 5.062313 5.076348 -1.0 -1.0 -1.0 -1.0 -1.0 -1.0 -1.0 -1.0 -1.0
51.82619 50.95385 49.88288 48.77147 47.67699 46.64845 45.76068 45.15046 44.58805 44.14775 43.66524 43.23241 42.80647 42.42768 42.0159 41.4916 40.82679 40.19288 39.46466 38.84066 38.34457 38.05985 37.94809 37.80957 37.4342 36.87902 36.24567 35.75689 35.36777 34.54151 33.45966 32.58166 31.56659 30.21795 28.24884 26.36453 24.67263 22.73054 19.9713 17.13115 15.59539 14.74244 13.87172 13.08572 12.2579 11.40928 10.38431 9.111268 8.903237 7.753606 6.56462 5.787614 5.394172 5.212969 5.075986 -1.0 -1.0 -1.0 -1.0 -1.0 -1.0 -1.0 -1.0
52.88172 52.06392 51.13636 50.20309 49.03099 47.98789 46.99978 46.25203 45.62106 45.10674 44.64962 44.2083 43.73093 43.31568 42.88797 42.46769 41.96638 41.37508 40.73703 40.19439 39.8752 39.67401 39.35392 39.02466 38.63648 38.15363 37.66013 37.1994 36.67073 35.65129 34.40726 33.46352 32.71091 31.85635 30.27939 28.31721 26.18108 24.17536 21.73797 18.90903 16.76233 15.57847 14.70588 13.97291 13.16225 12.53756 11.87518 10.97417 10.83167 9.73017 8.164684 6.744956 5.938607 5.535333 5.202908 5.085324 -1.0 -1.0 -1.0 -1.0 -1.0 -1.0 -1.0
53.91042 53.13798 52.3021 51.45691 50.49692 49.49316 48.4686 47.60187 46.8082 46.13007 45.60339 45.10547 44.63554 44.20989 43.79988 43.38467 42.92315 42.4193 41.87547 41.41341 41.19893 41.17342 40.88057 40.46294 39.95477 39.44428 38.9982 38.43018 37.32508 36.0061 35.09271 34.40168 33.56056 32.75441 31.70385 30.02297 27.79037 25.54619 22.84675 20.40518 18.07868 16.50023 15.43388 14.72838 14.03699 13.42857 12.82732 12.24995 12.16212 11.50624 10.14997 8.274756 6.754975 6.019359 5.53583 5.220633 5.083224 -1.0 -1.0 -1.0 -1.0 -1.0 -1.0
54.81871 54.10424 53.34513 52.54878 51.75372 50.82455 49.81892 48.88204 48.02972 47.32211 46.6021 45.98074 45.46433 45.02226 44.61982 44.22358 43.76796 43.34481 42.89515 42.58818 42.43299 42.27517 42.01867 41.67399 41.21007 40.76801 40.24414 39.59667 38.37883 37.00235 35.9841 35.14069 34.31705 33.46397 32.46017 31.1943 29.15188 26.69609 23.86755 21.28699 19.16041 17.44479 16.09999 15.26053 14.71514 14.25725 13.70466 13.05701 12.95478 12.34143 11.26386 9.713312 8.118188 6.885465 6.003152 5.524018 5.200787 5.083054 5.088536 -1.0 -1.0 -1.0 -1.0
55.85009 55.02786 54.3173 53.61845 52.84296 52.05646 51.15791 50.20518 49.28564 48.52545 47.72187 47.08032 46.45919 45.90589 45.4202 45.03017 44.6499 44.2625 43.89594 43.6929 43.6122 43.4652 43.19693 42.89132 42.43127 41.98103 41.53395 40.97774 40.08234 38.80352 37.3103 35.99944 34.99251 34.08368 33.0759 31.94999 30.09886 27.55743 24.66189 21.79884 19.76253 18.3296 17.00743 16.05814 15.45071 14.99319 14.49275 13.90849 13.82393 13.06601 12.02635 10.87852 9.596001 8.301866 7.030744 6.096019 5.551463 5.208 5.084054 5.085038 -1.0 -1.0 -1.0
57.52772 55.99131 55.15337 54.55582 54.02872 53.47936 52.52747 51.52691 50.50915 49.6308 48.80722 48.113 47.4538 46.87614 46.34948 45.88514 45.46996 45.08208 44.7376 44.57959 44.63995 44.67688 44.5101 44.17222 43.61168 43.08369 42.55617 42.08479 41.5001 40.63357 38.92005 37.00014 35.50667 34.58776 33.63279 32.48801 30.84553 28.51922 25.33202 22.3639 20.22684 19.21491 18.12797 17.17464 16.46585 15.84097 15.29719 14.70435 14.61245 13.86605 12.8869 11.92149 10.96207 9.833949 8.44743 7.277733 6.180416 5.539594 5.18577 5.0850539999999995 5.085287 -1.0 -1.0
60.04319 58.0215 56.24131 55.2733 55.1664 55.40629 54.69182 53.21103 51.80898 50.77559 49.94923 49.20037 48.47647 47.85161 47.31868 46.82438 46.39676 45.94297 45.49701 45.27203 45.5276 45.92947 45.89977 45.35128 44.71295 44.23324 43.62928 43.09812 42.5014 41.86196 40.49994 38.31694 36.20964 35.10894 34.20961 33.12613 31.86092 29.96287 26.58945 23.43976 21.21929 20.35389 19.60086 18.67739 17.72778 16.97902 16.35245 15.66579 15.56021 14.83525 13.76298 12.85493 12.08096 11.2876 10.15116 8.814402 7.374499 6.350083 5.675388 5.415212 5.21774 5.097644 -1.0
