taylor_setup_files/outputs/scen0_calibrated_taylor_28yr_base_handCalibrated/DEM_taylor_Dredge_EEX_Flat_10m.asc
ncols 280
nrows 300
xllcorner 555200.0
yllcorner 5259500.0
cellsize 10.0
nodata_value -9999.0
[rows 84 to 111 of 300, columns 0 to 62 of 280]
-1.0 79.69704 80.20726 80.92353 81.57103 82.19019 82.91636 83.9454 84.98111 85.88126 86.61969 87.26799 87.95293 89.12485 90.51376 91.59939 92.06771 92.38596 93.14822 94.35001 95.58352 96.9362 97.98224 98.92719 99.75925 100.6558 101.543 102.3738 103.1867 103.9321 104.6559 105.4064 106.1205 106.9011 107.705 108.9065 109.9534 110.5417 110.8544 110.9302 110.9582 111.1178 111.637 112.2439 112.6912 113.0931 113.5269 113.9675 114.4296 114.4635 114.7558 114.9289 115.0593 115.1559 115.3591 115.5134 115.5855 115.7039 115.767 115.8505 115.9249 115.9564 115.9713
-1.0 80.20039 80.63382 81.22509 81.83889 82.37981 82.83687 83.56698 84.63428 85.55789 86.20393 86.6581 87.15697 88.25927 89.71261 90.76987 91.07298 91.32433 92.16002 93.67602 95.38558 96.67171 97.48762 98.32057 99.41738 100.5491 101.4735 102.2669 102.9408 103.6411 104.4183 105.2067 105.9613 106.8589 107.8174 109.0794 110.326 111.0031 111.2532 111.3817 111.4892 111.6433 112.0158 112.4079 112.6908 112.9958 113.3639 113.848 114.4463 114.4927 114.8828 115.1477 115.4128 115.5859 115.7275 115.8136 115.8141 115.8422 115.8882 115.99 116.0997 116.1914 116.2184
-1.0 81.20538 81.68466 82.10491 82.55012 83.00573 83.23395 83.47289 84.25746 85.07243 85.58038 85.86948 86.1643 86.97474 88.20875 89.22098 89.65944 90.15088 91.14352 92.60536 94.27534 95.78233 96.6633 97.56064 98.86305 100.3206 101.3458 102.1076 102.7211 103.3857 104.2204 105.1347 105.977 106.8798 107.8877 109.2096 110.4715 111.2156 111.4318 111.6649 111.8762 112.0577 112.2478 112.3995 112.5573 112.7329 113.136 113.7412 114.4515 114.5062 115.1508 115.5229 115.8015 115.986 116.0461 116.0503 116.0785 116.1101 116.118 116.1793 116.2896 116.3747 116.3406
-1.0 82.60453 83.23443 83.69492 83.96147 84.22284 84.2812 84.07201 84.19956 84.57317 84.98405 85.2 85.42039 85.9571 86.8747 87.71339 88.26189 89.01639 90.0274 91.28019 92.62148 94.2495 95.51166 96.77502 98.28005 99.90285 101.1322 101.8911 102.4723 103.1154 103.9759 105.0618 105.9834 106.865 107.7696 109.0477 110.3449 111.2318 111.4827 111.6123 111.7041 111.7511 111.8644 111.9667 112.1179 112.3895 112.8881 113.6796 114.6724 114.7475 115.4774 115.8691 116.0938 116.2012 116.2484 116.2436 116.2552 116.2665 116.2959 116.3762 116.5003 116.5331 116.4358
-1.0 84.5368 85.06475 85.51159 85.66383 85.6933 85.53713 85.2283 84.80759 84.57343 84.62068 84.66179 84.85176 85.30399 85.89162 86.31894 86.74258 87.42618 88.34579 89.65763 90.91235 92.42625 94.25078 96.03587 97.62165 99.28358 100.7085 101.6165 102.152 102.603 103.3447 104.6249 105.7071 106.6626 107.4532 108.5529 109.8096 110.7255 111.2317 111.297 111.2869 111.3235 111.3777 111.415 111.5159 111.8573 112.6746 113.705 114.7858 114.8657 115.6082 116.1081 116.3032 116.3487 116.4202 116.4277 116.4104 116.4586 116.5579 116.6717 116.6405 116.558 116.4662
-1.0 86.42544 86.90471 87.24493 87.30219 87.12386 86.88474 86.54352 85.98795 85.39505 84.89545 84.62168 84.62267999999999 84.83452 85.1497 85.31095 85.57251 85.91339 86.5204 87.92424 89.54213 91.1898 93.22426 95.21602 96.87253 98.50499 99.98756 101.1176 101.6259 101.8487 102.4018 103.741 105.1791 106.199 106.8847 107.7318 108.8314 109.7989 110.42 110.6323 110.7392 110.7782 110.8249 110.8902 111.1677 111.6389 112.3037 113.1624 114.4233 114.5249 115.5558 116.2462 116.58 116.6279 116.5523 116.4751 116.42 116.478 116.5932 116.6918 116.6765 116.5262 116.381
-1.0 88.2219 88.67087 89.0982 89.21325 89.05055 88.7735 88.31894 87.73341 87.02331 86.14324 85.22451 84.71808 84.62368 84.63459 84.68616 84.74486 84.8768 85.39146 86.74818 88.60764 90.4006 92.22815 94.32413 96.10155 97.53449 98.84659 100.0362 100.6344 100.8724 101.3105 102.6304 104.2071 105.3984 106.1047 106.7222 107.5021 108.361 109.0447 109.626 109.9375 110.0028 110.0771 110.2937 110.8148 111.4226 112.0232 112.6871 113.8608 113.9591 115.2432 116.0494 116.4697 116.5209 116.3529 116.1975 116.0966 116.0798 116.1595 116.4702 116.6172 116.4445 116.2401
-1.0 90.09628 90.5679 90.93349 91.07662 90.95769 90.79857 90.49454 89.97044 89.14838 88.10555 86.83187 85.63739 84.91188 84.62468 84.62567999999999 84.62668 84.62768 85.15411 86.40441 87.97202 89.68837 91.32449 93.31074 95.07903 96.47647 97.62941 98.59108 99.32535 99.80601 100.4613 101.7288 103.1161 104.3408 105.1062 105.6977 106.287 106.9925 107.7647 108.4391 108.9321 109.1899 109.4127 109.7785 110.3723 111.0162 111.6438 112.2546 113.1958 113.2752 114.4492 115.289 115.8498 115.9274 115.7344 115.5115 115.3925 115.4127 115.7324 116.286 116.5658 116.3995 116.0863
-1.0 91.88277 92.33981 92.64026 92.8006 92.75278 92.60611 92.40793 92.04543 91.51512 90.67365 89.20522 87.55069 86.18029 85.27065 84.73332 84.62668 84.62768 85.02472 86.04658 87.35435 88.8473 90.5279 92.27264 93.82382 95.28943 96.36288 97.27364 98.07945 98.92834 99.88869 101.0871 102.1462 103.2031 103.9763 104.6671 105.2813 105.9539 106.8007 107.4533 108.0046 108.3401 108.6537 109.1239 109.7078 110.4045 110.9954 111.474 112.2134 112.2769 113.0649 113.7617 114.499 114.7757 114.6631 114.6004 114.6093 114.7439 115.3139 115.9919 116.3344 116.1747 115.8629
-1.0 93.57298 94.02467 94.21391 94.32532 94.35326 94.29833 94.16203 93.88213 93.42393 92.7241 91.42142 89.74238 87.9791 86.57014 85.46165 85.05779 84.97803 85.05648 85.59792 86.59599 87.94093 89.60351 91.22116 92.59061 93.96254 95.10844 96.28988 97.16355 97.88272 98.83416 100.133 101.2676 102.2085 102.9605 103.7798 104.528 105.2982 106.0961 106.7471 107.235 107.5032 107.7631 108.1414 108.6945 109.468 110.18 110.6866 111.1538 111.1895 111.5642 112.0576 112.8085 113.2774 113.4713 113.5904 113.6764 113.9491 114.505 115.104 115.5615 115.6694 115.5226
-1.0 95.32047 95.68035 95.87705 95.96481 96.01632 95.92686 95.82815 95.73671 95.25641 94.63431 93.58228 91.88801 89.87227 88.22279 86.90772 86.25806 85.93816 85.4889 85.28754 85.71279 86.6842 88.13246 89.82787 91.18803 92.46263 93.76043 95.17661 96.13554 96.59145 97.23479 98.50655 99.96023 101.1976 102.093 102.9035 103.6802 104.5011 105.3122 105.9841 106.3965 106.541 106.6987 106.9368 107.4505 108.2615 109.1863 109.7968 110.1383 110.1587 110.4509 110.8601 111.4331 112.0205 112.4492 112.5729 112.5922 112.6841 113.0606 113.809 114.5356 114.7233 114.5995
-1.0 96.72948 96.95306 97.11388 97.19473 97.22947 97.22262 97.14294 97.01054 96.64413 96.27768 95.69514 94.14948 91.76896 89.77905 88.4452 87.70477 87.06969 86.15725 85.30572 85.28854000000001 85.60889 86.52406 88.07419 89.68604 91.17718 92.53333 93.7054 94.64417 95.12422 95.67696 96.79199 98.13851 99.88319 101.1576 102.0963 102.8817 103.6643 104.4326 105.0723 105.4641 105.6047 105.7651 105.8888 106.3802 107.3305 108.2668 108.8254 109.1689 109.1903 109.529 109.9326 110.5028 111.1183 111.5172 111.5216 111.501 111.4781 111.7164 112.6361 113.2115 113.1736 113.1819
-1.0 97.84156 98.07566 98.26667 98.35891 98.34917 98.33645 98.31796 98.14496 97.91277 97.61844 97.19289 96.41141 94.30067 91.56258 89.82619 89.02802 88.1949 86.91751 85.58787 85.28954 85.28954 85.41852 86.3252 87.8893 89.69819 91.09209 92.14588 92.93373 93.56479 94.15493 94.94246 96.2081 98.14116 99.88181 101.1839 102.0876 102.8161 103.5299 104.1091 104.4937 104.7013 104.895 105.2493 105.9257 106.8895 107.4792 107.7028 108.0145 108.0414 108.3833 108.8455 109.4733 110.0602 110.4277 110.548 110.5752 110.6133 110.9238 111.826 112.27 111.9203 111.6871
-1.0 98.86729 99.05417 99.23586 99.42725 99.48335 99.47134 99.39625 99.23218 99.01253 98.68414 98.22596 97.63827 96.16402 93.54939 91.22154 90.45119 89.93934 88.31985 86.00545 85.29054000000001 85.29054000000001 85.29054000000001 85.39147 86.45945 88.26665 89.61768 90.71326 91.43284 92.06263 92.58311 93.20911 94.44167 96.24061 98.25474 100.1427 101.3952 102.1346 102.7202 103.2317 103.6672 103.9612 104.2823 104.9695 105.9505 106.6485 106.8789 106.815 106.8223 106.8271 107.0364 107.5355 108.3256 109.0 109.4929 109.7715 109.9449 110.2505 110.872 111.707 111.9231 111.3043 110.9146
-1.0 99.80332 100.0492 100.2896 100.4812 100.5992 100.5382 100.4258 100.3585 100.1052 99.71931 99.16978 98.43752 97.30919 95.50114 93.40042 92.2918 91.84927 90.52638 87.60799 85.42406 85.29154000000001 85.29154000000001 85.29154000000001 85.6577 86.87479 88.09406 89.19109 89.94057 90.4842 90.86858 91.34466 92.35697 94.34151 96.52311 98.58345 100.3199 101.4887 102.1251 102.4958 102.8069 103.1231 103.5528 104.2859 105.3209 105.8494 105.8432 105.7674 105.6975 105.6914 105.8053 106.3849 107.2228 107.9334 108.5377 109.0661 109.5483 110.1265 110.8929 111.6168 111.6472 111.0284 110.6705
-1.0 100.7865 101.1763 101.4722 101.7344 102.0329 102.0053 101.8616 101.6641 101.287 100.7314 100.0437 99.17636 97.97607 96.56079 94.96241 93.9362 93.26698 92.36703 89.88274 86.79747 85.29254 85.29254 85.29254 85.31284 85.90848 86.84583 87.78584 88.52604 89.14309 89.69575 90.10728 90.76807 92.47111 94.62039 96.85126 98.82614 100.3872 101.4677 101.9043 102.1894 102.4537 102.7809 103.1691 103.7778 104.2352 104.3928 104.501 104.5738 104.5777 104.9217 105.624 106.4893 107.2009 107.7921 108.3923 109.1569 110.0258 110.8768 111.4176 111.3621 110.816 110.4293
-1.0 102.2169 102.719 103.1856 103.5874 103.8899 104.0192 104.0254 103.6004 102.868 102.048 101.0142 100.0091 98.80457 97.44031 96.07005 95.20609 94.63228 93.73431 91.93294 89.00741 86.21861 85.29354000000001 85.29354000000001 85.29354000000001 85.31676 85.831 86.64288 87.34267 88.04991 88.77675 89.32207 89.94368 90.89462 92.47614 94.66682 96.6554 98.41338 99.96043 100.7631 101.2499 101.5883 101.8065 101.9318 102.1289 102.3676 102.589 102.7863 103.2783 103.3231 104.0824 104.8985 105.8179 106.5538 107.163 107.7435 108.6572 109.6587 110.6223 111.1353 111.0415 110.4796 110.1859
-1.0 103.757 104.3261 104.9445 105.6405 105.8655 105.9647 106.0186 105.6895 104.7958 103.5547 102.1581 100.9275 99.74707 98.5012 97.33951 96.68003 96.05525 94.84 93.17739 90.88217 87.8026 85.61148 85.29454000000001 85.29454000000001 85.29454000000001 85.31456 85.93114 86.73028 87.48457 88.09915 88.69949 89.28388 89.87148 90.9138 92.59084 94.20779 95.84238 97.24736 98.40632 99.37055 99.87153 100.1251 100.2889 100.4782 100.6858 100.8487 101.1219 101.9823 102.0611 103.1865 104.1637 105.1539 105.8332 106.4604 107.1516 108.0977 109.0635 109.9622 110.4196 110.4035 110.0615 110.0298
-1.0 105.5302 106.0388 106.4774 106.8197 107.0268 107.1209 107.0523 106.8333 106.1477 104.9736 103.4401 102.0297 100.7348 99.65035 98.78204 98.16319 97.39051 96.2394 94.61582 92.50412 89.56473 86.82998 85.29554 85.29554 85.29554 85.35851 85.99137 86.68635 87.22533 87.54067 87.96088 88.42725 89.04775 89.78604 90.64272 91.82011 93.27841 94.34846 95.26003 96.19276 96.92091 97.38004 97.74321 97.99257 98.24901 98.55711 99.46678 100.988 101.1092 102.2943 103.2885 104.2721 105.0339 105.7614 106.6174 107.4831 108.173 108.8623 109.2235 109.3861 109.5322 109.8864
-1.0 106.8668 107.2826 107.6177 107.864 108.0139 107.9832 107.7963 107.5148 106.9916 106.0812 104.6713 103.1165 101.6701 100.5917 99.97374 99.56607 98.82528 97.69824 96.10475 93.93267 91.22437 88.34661 85.89258 85.29654000000001 85.29654000000001 85.62112 86.28595 86.71505 87.03242 87.31784 87.54002 87.7905 88.2906 88.89917 89.50391 90.24302 91.14278 92.14438 92.86871 93.47257 93.92688 94.30302 94.7478 95.20457 95.56712 96.17894 97.75106 99.88604 100.05 101.4436 102.4128 103.4301 104.3562 105.3337 106.3004 107.0539 107.4661 107.7729 108.014 108.2861 108.8221 109.5499
-1.0 108.1217 108.4334 108.7139 108.9147 108.9987 108.9231 108.7006 108.2997 107.6806 106.8826 105.6398 104.2513 102.8406 101.778 101.2576 101.0832 100.6041 99.34967 97.43091 95.23546 92.75423 90.188 87.75714 86.2588 85.79588 86.03323 86.57096 86.88129 87.07296 87.22208 87.32382 87.3978 87.66487 88.04004 88.50288 89.15486 89.84882 90.45154 90.91605 91.22271 91.46243 91.71897 92.10034 92.47702 92.80708 94.13095 96.33468 98.54623 98.70676 100.2771 101.4301 102.5454 103.7147 104.9953 105.9853 106.6111 106.8726 106.9466 107.0544 107.362 107.9695 108.8706
-1.0 109.2751 109.4821 109.7324 109.8473 109.8952 109.8028 109.5683 109.1385 108.461 107.5372 106.2457 105.1126 104.0789 103.2137 102.5978 102.3109 101.8115 100.6038 98.52975 96.45979 94.05986 91.8523 89.80892 88.40788 87.48778 87.04997 87.2013 87.37946 87.43887 87.4322 87.40564 87.34964 87.39576 87.51213 87.79384 88.27031 88.88578 89.3504 89.66384 89.9372 90.10596 90.23587 90.45844 90.65233 90.9407 92.4228 94.82778 96.92599 97.06827 98.86132 100.5172 101.9514 103.0716 104.2951 105.3742 105.9829 106.187 106.2066 106.1984 106.5302 107.23 108.189
-1.0 110.5673 110.7313 110.7657 110.8544 110.9495 110.8553 110.538 110.0971 109.2788 108.1375 106.9781 106.1291 105.2873 104.5095 103.8724 103.2477 102.5616 101.4454 99.58997 97.55869 95.30631 93.46736 91.82587 90.68982 89.56826 88.81303 88.49462 88.29434 88.21612 88.0817 87.81281 87.57449 87.43056 87.36655 87.280235 87.6365 88.01791 88.39857 88.67181 88.97892 89.25436 89.35354 89.43845 89.56453 89.94271 91.1994 93.16676 95.17812 95.32295 97.22032 99.4631 101.435 102.4835 103.4652 104.3723 104.997 105.287 105.3926 105.4454 105.8002 106.5194 107.3724
-1.0 111.3159 111.418 111.4234 111.4298 111.446 111.405 111.3097 111.0245 110.2467 108.9785 107.6932 106.9222 106.2545 105.5433 104.7467 104.0575 103.2423 102.1984 100.715 98.6553 96.44794 94.63832 93.31989 92.24147 91.10439 90.20895 89.63361 89.30141 89.15866 88.91357 88.47968 88.14867 87.80127 87.54084 87.25922785714286 87.23822071428572 87.49406 87.72423 87.89153 88.13818 88.36757 88.47318 88.59402 88.8701 89.44424 90.28857 91.53619 93.48199 93.64182 95.78836 98.30855 100.6399 101.8977 102.6722 103.3471 103.9799 104.3895 104.6 104.8128 105.2121 105.8482 106.557
-1.0 111.8739 111.9072 111.853 111.8331 111.8524 111.8114 111.6216 111.4012 110.8802 109.7334 108.4122 107.6252 107.0229 106.3274 105.5142 104.983 104.378 103.3309 101.7281 99.7755 97.64648 95.92276 94.85716 93.79954 92.48974 91.53454 90.85349 90.49989 90.22202 89.92747 89.56735 89.03817 88.53008 88.07833 87.73507 87.21721357142857 87.43646 87.37776 87.35725 87.49161 87.60712 87.58553 87.64281 87.87418 88.47154 89.37238 90.4087 92.25783 92.4167 94.75317 97.13248 99.57636 101.2062 101.9726 102.4709 103.0042 103.4638 103.853 104.1561 104.592 105.1069 105.6226
-1.0 112.3313 112.3195 112.2475 112.23 112.1557 111.8004 111.2791 111.1721 110.6927 109.7439 109.0146 108.3422 107.6849 106.9872 106.3203 106.0448 105.7504 104.777 102.8827 100.943 98.97736 97.51219 96.45177 95.38207 94.24879 93.24986 92.42046 91.85905 91.36033 90.99947 90.57105 90.0244 89.43401 88.91035 88.4213 87.19620642857143 87.17519928571429 87.49269 87.2195 87.05179 87.06448 86.96027 86.77576 86.82066 87.49202 88.61877 89.86316 91.64371 91.78772 93.92234 95.95428 98.17994 100.0345 101.2035 101.7897 102.2009 102.6432 103.1153 103.5005 103.9171 104.3214 104.7583
-1.0 112.7735 112.7287 112.6409 112.5788 112.3572 111.696 111.01 110.533 110.1213 109.8051 109.4895 109.014 108.4522 107.8052 107.2881 107.0575 106.7939 106.0846 104.3121 102.0385 100.2738 99.2746 98.14757 97.03057 96.07721 95.29032 94.51878 93.66598 92.96687 92.41725 91.7787 91.20584 90.57127 90.03368 89.44389 88.90723 87.15419214285714 87.133185 86.77491500000001 86.86123 86.59126 86.35129 85.97985 85.9362 86.71235 87.94035 89.31975 91.02927 91.16377 92.90353 94.63721 96.50905 98.26599 99.82998 100.7394 101.4901 102.0412 102.5212 102.8802 103.1515 103.4495 103.8132
-1.0 113.2184 113.1406 112.9165 112.6009 112.2319 111.6318 111.0349 110.718 110.5642 110.3853 110.119 109.7373 109.2875 108.6967 108.1029 107.7368 107.3366 106.7899 105.5275 103.4237 101.7599 100.7542 99.7586 98.77922 97.86832 97.16624 96.24613 95.32136 94.84354 94.33877 93.57471 92.74806 91.88321 91.17271 90.56358 89.93758 89.15685 88.29519 86.63993 86.504945 85.621075 85.70739 85.38121 85.39508 86.08399 87.12969 88.4696 90.17564 90.30998 91.8598 93.35894 94.89751 96.42812 97.98177 99.2851 100.6577 101.5657 102.0454 102.3112 102.5105 102.69 102.9086
