taylor_setup_files/outputs/scen0_calibrated_taylor_28yr_base_handCalibrated/DEM_taylor_Dredge_EEX_Flat_10m.asc
ncols 280
nrows 300
xllcorner 555200.0
yllcorner 5259500.0
cellsize 10.0
nodata_value -9999.0
[rows 112 to 139 of 300, columns 63 to 125 of 280]
102.2455 102.6112 103.3211 104.3259 105.1566 105.7301 106.0549 106.3232 106.4975 106.6763 106.8813 107.0612 107.1683 107.2095 107.3208 107.2967 107.1399 106.9768 106.7183 106.3364 105.8326 105.159 104.3515 103.6798 103.1849 102.6519 102.0759 101.4722 101.4103 101.6717 101.8224 101.9929 102.0799 102.0128 101.8389 101.6232 101.3634 100.9608 100.3851 99.84521 99.64838 99.6637 99.85908 100.1431 100.2033 100.2858 100.3284 100.2738 100.1728 100.08 100.0944 99.98485 99.82549 99.8323 99.81081 99.74055 99.61359 99.28945 98.75661 97.90312 96.97593 96.10966 95.23038
101.1358 101.4565 102.0899 102.766 103.524 104.1685 104.656 105.0713 105.3719 105.5527 105.7286 105.8406 105.8955 105.8632 105.8132 105.9222 105.9714 105.9025 105.7777 105.4329 104.9289 104.3112 103.6595 103.1202 102.6938 102.1938 101.5688 100.7512 100.5672 100.9061 101.1238 101.3204 101.4539 101.4355 101.361 101.2181 100.9325 100.4979 99.97565 99.48988 99.23033 99.16231 99.35019 99.51926 99.58841 99.65759 99.65948 99.68855 99.66008 99.67671 99.76387 99.6792 99.57135 99.58466 99.56128 99.52957 99.44593 99.26131 98.91071 98.35729 97.5874 96.63026 95.56696
99.34171 99.84875 100.5851 101.3114 101.8387 102.3209 102.7607 103.3229 103.9329 104.4738 104.7478 104.8019 104.8446 104.8377 104.7955 104.8188 104.8095 104.6899 104.4961 104.2003 103.7515 103.2558 102.8736 102.4696 102.1235 101.6979 101.0745 100.3051 99.90036 99.98142 100.2626 100.5204 100.6404 100.6785 100.6303 100.4818 100.217 99.84297 99.39559 99.00501 98.69948 98.54276 98.61461 98.7086 98.80464 98.82383 98.87387 99.02891 99.1405 99.24201 99.28672 99.37696 99.3775 99.29702 99.26791 99.26153 99.22687 99.1866 99.04208 98.67101 97.96169 96.91026 95.75691
97.05568 97.78552 98.68799 99.76147 100.396 100.7705 101.1301 101.7405 102.65 103.4889 103.8631 103.9246 103.9054 103.8231 103.6869 103.5213 103.4048 103.2981 103.1106 102.8931 102.61 102.3469 102.1038 101.7735 101.472 100.976 100.212 99.52371 99.09092 99.04338 99.24678 99.45613 99.60258 99.66553 99.60613 99.42905 99.19885 98.93157 98.58733 98.31408 98.11997 97.94748 97.85181 97.92303 97.98814 97.9966 98.12213 98.35075 98.63361 98.85262 98.95937 99.08444 99.05984 98.9437 98.90938 98.96548 98.98898 99.03966 99.05328 98.85777 98.1207 96.96496 95.83167
95.30695 95.81741 96.80694 98.19287 99.15569 99.65262 100.0724 100.9076 101.9891 102.7375 102.9997 103.0533 102.9788 102.7882 102.5474 102.1976 101.9398 101.8171 101.7025 101.6025 101.5421 101.4129 101.0969 100.659 100.2603 99.59996 98.80715 98.08923 97.71246 97.78152 97.9804 98.17991 98.32741 98.31652 98.308 98.2004 98.06525 97.94228 97.74788 97.55895 97.45194 97.27676 97.14566 97.14499 97.18147 97.28572 97.49359 97.77895 98.20476 98.42912 98.53374 98.66383 98.68407 98.62365 98.5854 98.6629 98.72038 98.83418 98.97989 98.90083 98.19219 97.06775 95.91252
94.16601 94.8344 96.02645 97.31443 98.1955 98.79836 99.52036 100.6809 101.6776 102.1762 102.2612 102.281 102.2083 101.952 101.4998 100.9446 100.4591 100.2497 100.2074 100.0954 100.0548 99.89528 99.56937 99.08008 98.45494 97.75228 97.11137 96.52416 96.35093 96.56083 96.75246 96.96893 97.13311 97.17578 97.18191 97.13713 97.09977 97.05179 96.96249 96.91057 96.78722 96.56416 96.40087 96.36144 96.49269 96.66775 96.84072 97.28965 97.85727 98.006 98.06794 98.20128 98.16706 98.21551 98.27772 98.37013 98.44396 98.6096 98.7766 98.56036 98.03597 97.13657 95.98193
93.10541 94.21686 95.68138 96.84441 97.47727 97.98432 98.83394 100.1425 101.07 101.4801 101.5059 101.3623 101.1894 100.7722 100.121 99.33781 98.52184 98.08614 98.03371 98.12145 98.05132 97.83453 97.48151 97.01764 96.46599 95.93626 95.5025 95.08615 95.00539 95.23188 95.52635 95.82861 95.93037 96.02473 96.07411 96.13051 96.19369 96.14066 96.07441 96.05106 95.95833 95.77116 95.60828 95.52872 95.68215 95.90964 96.20343 96.95022 97.59105 97.79739 97.86748 97.95345 98.0169 98.06356 98.06957 98.10836 98.12001 98.15284 98.17136 98.04156 97.90572 97.33486 96.35558
91.91744 93.04785 94.42735 95.87349 96.60605 97.03864 97.68457 98.50576 99.29502 99.80385 99.91473 99.78596 99.39356 98.8298 98.11359 97.19322 96.47355 95.9708 95.86217 95.9673 95.93137 95.77408 95.59653 95.21998 94.75707 94.33109 94.00944 93.7707 93.72118 93.9229 94.28169 94.59032 94.7583 94.91468 95.02267 95.05537 95.10553 95.15484 95.11242 95.05005 94.91837 94.77369 94.68336 94.67954 94.81979 95.09102 95.77102 96.75503 97.34245 97.77369 98.03324 98.04249 98.08588 98.01731 97.96031 97.94001 97.83674 97.67837 97.44581 97.30298 97.29017 96.9566 96.54349
90.41007 91.36047 92.52335 93.81427 94.7131 95.50622 96.14522 96.57117 96.88254 97.16682 97.26595 97.15996 96.81566 96.49599 95.92949 95.06049 94.38123 93.8433 93.77512 93.93114 93.93047 93.86512 93.71397 93.43375 93.10457 92.70422 92.40673 92.09395 92.09711 92.53477 92.96428 93.24158 93.45415 93.57457 93.69565 93.78496 93.82584 93.88937 93.83749 93.75811 93.66924 93.56024 93.49086 93.49927 93.70079 94.27641 95.38499 96.40795 96.87688 97.29641 97.6396 97.79087 97.77024 97.69435 97.71204 97.58514 97.42823 97.18475 96.83648 96.5096 96.28476 96.24593 96.56432
88.49413 89.42573 90.46084 91.33435 92.24842 93.12806 93.8458 94.36648 94.5647 94.79342 94.9816 94.93629 94.6655 94.2989 93.79332 93.12018 92.42407 91.82428 91.78186 91.98818 92.07796 92.09126 92.03302 91.7866 91.44239 91.1292 90.85172 90.65495 90.74642 91.17826 91.66391 92.05576 92.24957 92.31861 92.37909 92.44772 92.56836 92.68384 92.66167 92.57526 92.42422 92.28269 92.1853 92.21121 92.52757 93.24838 94.26769 95.19572 95.7299 96.11211 96.44156 96.77885 96.88148 96.90761 97.02254 96.91677 96.81815 96.56847 96.21601 95.9226 95.71281 95.84676 96.3081
86.16895 87.05492 88.12141 89.10442 89.90635 90.48701 91.07832 91.73285 92.26875 92.61906 92.76682 92.69609 92.57439 92.26772 91.76434 91.10447 90.40243 89.93301 89.8238 90.04003 90.20496 90.22301 90.2283 90.03341 89.79484 89.53629 89.26421 89.10743 89.33522 89.81824 90.39088 90.8024 90.87658 90.94131 91.0061 91.14273 91.31628 91.41605 91.44873 91.35908 91.20419 91.02539 90.87041 90.9316 91.26736 91.89066 92.58318 93.31213 93.87697 94.46902 94.97711 95.44443 95.64633 95.69424 95.74014 95.76493 95.77199 95.73879 95.58588 95.27644 95.1553 95.54436 96.10915
84.85908 85.45257 86.17995 87.01578 87.79581 88.4939 89.04932 89.55848 90.12959 90.51168 90.66847 90.73872 90.59896 90.25362 89.76737 89.18306 88.69825 88.19385 87.86998 87.98737 88.32246 88.53026 88.53646 88.37429 88.17379 87.91583 87.62985 87.51143 87.77673 88.36462 88.99259 89.39384 89.56496 89.63786 89.68016 89.87469 90.07585 90.23607 90.27881 90.17913 89.97269 89.79317 89.70258 89.80391 90.0909 90.47709 90.94421 91.54202 92.20139 92.8474 93.35407 93.90724 94.10228 94.18142 94.30787 94.33655 94.34866 94.46924 94.58521 94.51791 94.65721 95.22254 95.90205
84.49185 84.55595 84.96313 85.53488 85.89957 86.38825 86.91435 87.42186 87.86136 88.14713 88.36417 88.43665 88.35283 88.04521 87.70739 87.25043 86.81952 86.34036 86.04726 86.1517 86.49161 86.75137 86.77962 86.78232 86.64807 86.28374 86.01837 85.90672 86.25208 86.98597 87.54629 87.93032 88.10776 88.19383 88.30417 88.53885 88.74341 88.8921 88.94012 88.8938 88.74995 88.50167 88.30577 88.31293 88.61865 89.08225 89.48767 89.97665 90.51424 91.10397 91.70932 92.23475 92.30496 92.41953 92.54974 92.55093 92.65904 92.81133 93.14985 93.67728 94.18513 94.91071 95.66071
84.32385739130432 84.32355065217388 84.51476 84.57672 84.74781 85.11155 85.45374 85.74637 85.96768 86.18986 86.32821 86.32968 86.23158 86.09452 85.92915 85.82565 85.58298 85.20337 84.99113 85.07094 85.37132 85.59866 85.60229 85.60982 85.5339 85.3557 85.13638 85.08224 85.39896 85.95152 86.44957 86.79024 86.88665 86.83511 86.8535 87.09943 87.4504 87.70266 87.7774 87.74165 87.57098 87.28905 86.96931 86.72927 87.07906 87.71915 88.20922 88.60341 89.02629 89.45214 89.93842 90.47719 90.58968 90.75877 90.9035 90.95985 91.10891 91.52985 92.18668 93.05858 93.67683 94.40147 95.09466
84.49719 84.32324391304344 84.322937173913 84.45303 84.46253 84.52474 84.5826 84.65994 84.78131 84.97215 85.05657 85.09872 85.10686 84.99798 84.90636 84.83023 84.68783 84.56831 84.53329 84.54135 84.62678 84.74448 84.83118 84.79453 84.7059 84.63618 84.56632 84.55688 84.77457 85.2148 85.57388 85.75818 85.78924 85.73164 85.75301 85.98534 86.31215 86.59384 86.72709 86.6293 86.43681 86.14261 85.79325 85.61217 85.90177 86.4401 86.8821 87.15816 87.35777 87.64909 87.9846 88.42236 88.6408 88.91859 89.33656 89.70755 90.05368 90.73885 91.61345 92.46072 92.98391 93.43242 93.93466
84.49601 84.49603 84.32263043478257 84.32232369565213 84.3220169565217 84.32171021739126 84.32140347826082 84.4597 84.48538 84.52397 84.53232 84.54346 84.5476 84.53529 84.52433 84.50922 84.49342 84.49441999999999 84.49542 84.49642 84.49741999999999 84.49712 84.51804 84.50604 84.50038 84.49938 84.49838000000001 84.49738 84.51005 84.64323 84.87189 85.02893 85.01479 84.95121 85.01758 85.30104 85.58958 85.82352 85.86438 85.68309 85.49944 85.25529 85.0036 84.93394 85.10115 85.39749 85.70879 85.87333 85.92498 86.05839 86.18056 86.52385 86.85222 87.29948 87.89545 88.66486 89.41853 90.13752 91.07278 91.80772 92.13028 92.29028 92.51271
84.49047 84.49742 84.49599 84.49601 84.49607 84.49622 84.32109673913038 84.32078999999995 84.32048326086951 84.32017652173907 84.48986 84.48952 84.48935 84.49047 84.49133 84.49242 84.49425 84.49566 84.49575 84.4956 84.4966 84.50338 84.50238 84.50138000000001 84.50038 84.49938 84.49699000000001 84.49699000000001 84.49638 84.49538000000001 84.51524 84.54863 84.54501 84.53159 84.55389 84.73473 84.95652 85.10472 85.09403 84.9381 84.76884 84.62457 84.57848 84.6059 84.65815 84.71758 84.8054 84.8488 84.85648 84.95173 85.0503 85.26543 85.46082 85.74332 86.52912 87.72697 88.6852 89.38792 90.34282 90.96362 91.23357 91.3037 91.15785
84.47798 84.4851 84.49616 84.49603 84.496 84.496 84.496 84.49599 84.49598 84.31986978260863 84.3195630434782 84.31925630434776 84.31894956521732 84.31864282608689 84.49598 84.49598 84.49599 84.496 84.496 84.496 84.496 84.496 84.496 84.496 84.496 84.496 84.496 84.49599 84.49608 84.49601 84.49438 84.49255 84.49265 84.49216 84.49083 84.50555 84.54181 84.56694 84.55357 84.52331 84.49054000000001 84.49154 84.52792 84.57176 84.57931 84.55651 84.55436 84.55436 84.55436 84.57221 84.66385 84.81413 84.91959 85.12675 85.89861 87.02003 87.79749 88.49469 89.27495 89.92543 90.25742 90.32934 90.28629
84.87572 84.55446 84.4891 84.4901 84.49149 84.49618 84.49602 84.49592 84.4959 84.49588 84.49586 84.49584 84.49583 84.31833608695645 84.31802934782601 84.31772260869558 84.31741586956514 84.49588 84.49589 84.4959 84.31557543478252 84.31526869565208 84.31496195652164 84.3146552173912 84.31434847826077 84.31404173913033 84.3137349999999 84.31342826086946 84.31312152173902 84.31281478260858 84.31250804347815 84.31220130434771 84.31189456521727 84.31158782608684 84.49609 84.49509 84.49269 84.491 84.49189 84.48954 84.49236 84.50694 84.53345 84.57151 84.58205 84.56857 84.55336 84.55336 84.55336 84.58147 84.66161 84.76157 84.88213 85.22081 85.85751 86.51272 87.00852 87.47949 88.02087 88.6929 89.15954 89.32668 89.5654
86.01731 85.31887 84.79665 84.51717 84.49379 84.49249 84.49549 84.49612 84.49605 84.49604 84.49603 84.49612 84.49625 84.49626 84.49625 84.49623 84.3171091304347 84.31680239130426 84.31649565217383 84.31618891304339 84.31588217391295 84.49616 84.49613 84.49612 84.49605 84.496 84.49598 84.496 84.49604 84.49614 84.49628 84.49643 84.49657 84.3112810869564 84.31097434782596 84.31066760869552 84.31036086956509 84.31005413043465 84.30974739130421 84.30944065217378 84.49689 84.50961 84.53552 84.57034 84.57932 84.56556 84.55236000000001 84.55236000000001 84.55236000000001 84.59155 84.66862 84.77787 84.96245 85.32942 85.76538 86.10793 86.44863 86.7529 87.0453 87.52008 88.03787 88.46268 88.8364
87.61544 86.61193 85.82456 85.25616 84.75953 84.49924 84.49349 84.49773 84.50094 84.50234 84.50296 84.50346 84.50385 84.5037 84.50356 84.503 84.50234 84.50175 84.50122 84.50062 84.49966 84.49845 84.49745 84.49654 84.49798 84.49698000000001 84.49698000000001 84.49698000000001 84.49798 84.49723 84.4989 84.50061 84.50214 84.50383 84.50562 84.50764 84.50961 84.51148 84.51318 84.30913391304334 84.3088271739129 84.30852043478247 84.30821369565203 84.30790695652159 84.30760021739115 84.58051 84.56092 84.55136 84.56792 84.61208 84.68258 84.78568 84.9505 85.22289 85.46477 85.6904 85.91432 86.12811 86.30097 86.5957 87.08157 87.5023 87.74659
89.40534 88.19421 87.21168 86.35343 85.59101 84.84632 84.50453 84.50034 84.51047 84.51279 84.51403 84.51471 84.5148 84.51379 84.51252 84.51093 84.50963 84.50796 84.50639 84.50468 84.5028 84.50011 84.49743 84.49898 84.49798 84.49798 84.49798 84.49798 84.49798 84.49783 84.50105 84.5044 84.50764 84.511 84.5142 84.51788 84.52152 84.52511 84.52937 84.53088 84.53703 84.55151 84.57509 84.60664 84.30729347826072 84.30698673913028 84.30667999999984 84.3063732608694 84.59051 84.62856 84.69374 84.78742 84.92147 85.07314 85.22253 85.36388 85.48907 85.59618 85.62696 85.88465 86.25911 86.51348 86.58055
91.10124 89.85303 88.73927 87.59032 86.62514 85.75953 85.11799 84.64474 84.50807 84.51463 84.51859 84.52097 84.52097 84.52298 84.52137 84.51871 84.5162 84.51319 84.51048 84.50744 84.50439 84.50069 84.49843 84.49898 84.49898 84.49898 84.49898 84.49898 84.49898 84.49883 84.50238 84.50733 84.51223 84.51723 84.52253 84.52839 84.53394 84.53957 84.5452 84.54957 84.55929 84.57537 84.59916 84.62927 84.63369 84.62025 84.60512 84.30606652173897 84.30575978260853 84.3054530434781 84.70317 84.77456 84.84293 84.93999 85.05911 85.09238 85.10594 85.1231 85.07397 85.2118 85.43879 85.55473 85.63964
92.71483 91.43525 90.13049 88.86554 87.81712 86.80959 86.01392 85.3117 84.80658 84.59577 84.6299 84.67912 84.6188 84.55708 84.54058 84.52705 84.5155 84.51387 84.50968 84.50417 84.50169000000001 84.50098 84.49998000000001 84.49998000000001 84.49998000000001 84.49998000000001 84.49998000000001 84.49998000000001 84.49998000000001 84.49998000000001 84.50212 84.50889 84.51546 84.52209 84.52888 84.53626 84.54418 84.55266 84.56042 84.56756 84.5793 84.59867 84.62469 84.65439 84.6591 84.64503 84.63062 84.6245 84.63384 84.30514630434766 84.30483956521722 84.73785 84.73898 84.84499 84.92585 84.88554 84.82729 84.79112 84.70216 84.75922 84.8557 84.93403 85.01562
94.26794 92.94066 91.61404 90.33389 89.15112 88.01884 87.08876 86.22702 85.70068 85.56449 85.57263 85.54958 85.46051 85.28423 85.06062 84.7919 84.59974 84.54153 84.53447 84.54368 84.5461 84.64217 84.7195 84.70781 84.64925 84.55479 84.51367 84.51158 84.50569 84.50098000000001 84.50098000000001 84.50313 84.5103 84.53249 84.55325 84.57157 84.57879 84.58212 84.5732 84.57288 84.59785 84.62408 84.65164 84.68284 84.69053 84.67707 84.66232 84.65189 84.65517 84.67567 84.30453282608678 84.69189 84.71124 84.83446 84.90215 84.85843 84.80371 84.30207891304329 84.68109 84.72664 84.80208 84.87789 84.95705
95.85352 94.47153 93.09895 91.75519 90.5825 89.41648 88.36768 87.42534 86.98006 86.84671 86.80152 86.72717 86.51344 86.17316 85.85301 85.52193 85.20504 84.95686 84.91401 85.06129 85.21346 85.36253 85.41456 85.39288 85.34042 85.27727 85.21685 85.15245 85.02924 84.85865 84.73949 84.70497 84.79326 84.94498 85.06223 85.11513 85.07996 85.01192 84.82318 84.65364 84.62276 84.64549 84.67961 84.71539 84.72391 84.71094 84.69507 84.68018 84.67809 84.68409 84.30422608695635 84.30391934782591 84.30361260869547 84.30330586956504 84.3029991304346 84.30269239130416 84.30238565217373 84.30177217391285 84.30146543478241 84.52591 84.49622 84.53153 84.55489
97.21175 96.05459 94.74545 93.26361 91.93362 90.78857 89.92097 89.26243 88.77072 88.42496 88.30254 88.27885 88.10258 87.66594 87.15556 86.61718 86.16023 85.77859 85.73589 85.91638 86.07745 86.18038 86.25097 86.30048 86.2502 86.13429 86.038 85.98586 85.87048 85.64837 85.42317 85.39034 85.58594 85.76485 85.85915 85.85899 85.78515 85.63988 85.44664 85.12015 84.7606 84.6542 84.70792 84.75149 84.76308 84.75031 84.73164 84.71265 84.70072 84.68485 84.66364 84.63361 84.61983 84.63485 84.65524 84.65874 84.64803 84.6255 84.30115869565198 84.30085195652154 84.3005452173911 84.29993173913023 83.29227622023814
98.20286 97.20029 96.02788 94.59324 93.25531 92.18726 91.49441 90.8824 90.37165 90.21261 90.20295 90.2395 90.13492 89.71119 89.07521 88.42019 87.66806 87.06567 86.81441 86.92294 87.19305 87.3069 87.38305 87.43533 87.36817 87.31057 87.2061 87.05265 86.80241 86.48711 86.17157 86.21584 86.3902 86.55031 86.65297 86.58598 86.40728 86.17158 85.99513 85.55551 85.01772 84.73769 84.73557 84.78863 84.80328 84.7879 84.77011 84.74712 84.71902 84.67773 84.65166 84.62594 84.62083 84.62083 84.64002 84.68866 84.68645 84.64613 84.57465 84.50579 84.48235 84.30023847826067 83.46424622023814
