taylor_setup_files/outputs/scen0_calibrated_taylor_28yr_base_handCalibrated/FACC_taylor_Dredge_EEX_Flat_10m.asc
ncols 280
nrows 300
xllcorner 555200.0
yllcorner 5259500.0
cellsize 10.0
nodata_value -9999.0
[rows 125 to 149 of 300, columns 168 to 223 of 280]
52.77592848915326 52.75985186246676 55.25835100951045 72.33411766480899 93.804330043417 78.98406046066103 32.47725106911192 20.507830830170242 16.852048563866795 15.504927487150432 14.82999956002953 14.30933062315662 13.354610999189228 12.649203077072354 12.819488081870372 12.090331548855026 11.048994017376092 10.042553683469142 8.926657127672605 7.066236636556269 7.006120224210743 6.8902399492948465 6.24886675683873 6.5090081111193445 8.99319052686038 5.438669065054604 4.141734866998551 4.194011217995183 2.119012697516059 1.0 1.0 1.0 1.0 1.0 1.0 1.0 1.0 1.0 1.0 1.0 1.0 1.0 1.0 1.0 1.0 1.0 1.0 1.0 1.0 1.0 1.0 1.0 1.0 1.0 1.0 1.0
39.58362672608722 28.946240226492442 21.640726951241454 12.161642694654228 20.586785906561648 66.45948019339787 58.17075297425573 27.79789830990054 19.192581957055044 15.388226973600847 14.220703705444269 14.417627650256895 13.547030442093057 13.329717803982366 14.02511608248955 13.06934684025966 12.056748030403352 10.67912665326294 9.890350130542844 7.977224274597739 6.4781297783558385 6.191206748047895 5.554688158692978 5.15755938539492 7.367349147193409 6.3113106681089945 4.445428023146853 3.236333431226044 2.028946645193842 1.0 1.0 1.0 1.0 1.0 1.0 1.0 1.0 1.0 1.0 1.0 1.0 1.0 1.0 1.0 1.0 1.0 1.0 1.0 1.0 1.0 1.0 1.0 1.0 1.0 1.0 1.0
19.43826584078949 11.352140403068251 6.900448254586521 4.040878101795249 4.353352339223465 23.294078809769275 48.268752840862675 33.13330694181343 21.411413664737573 17.186280887527666 15.918857107562303 15.462611413385426 15.546430588820714 15.036486294426947 14.262413563400456 13.359324018378349 12.792686516475033 11.834846830553762 10.446769025463635 9.46305803978307 6.6427702669905475 5.291524966335796 4.426173985359664 4.096223988495397 5.301546613506076 5.538505684647178 4.567537056741364 3.3242507575214137 2.0236921295185955 1.0 1.0 1.0 1.0 1.0 1.0 1.0 1.0 1.0 1.0 1.0 1.0 1.0 1.0 1.0 1.0 1.0 1.0 1.0 1.0 1.0 1.0 1.0 1.0 1.0 1.0 1.0
11.547939030011461 8.319021314927332 6.693233116973996 5.270377133278532 5.110214119853547 10.874516822814144 27.480758165366897 31.45130906065771 23.379257622780546 18.88834376354854 17.763195565210886 17.327256235497753 16.720495783455974 15.192493062165523 14.140991999313442 13.138379527929029 12.899226612982988 12.558426944674665 11.57150453821668 11.848693609815662 10.744123267757791 7.054736525627413 5.461695779574687 5.219295749662538 4.8160914180970655 4.959389500703189 4.5022182783202895 3.2492462792538928 1.940375281000333 1.0 1.0 1.0 1.0 1.0 1.0 1.0 1.0 1.0 1.0 1.0 1.0 1.0 1.0 1.0 1.0 1.0 1.0 1.0 1.0 1.0 1.0 1.0 1.0 1.0 1.0 1.0
13.762042631898513 11.73387451240546 9.683280606785093 8.774136857878895 7.268198412427245 9.309683780432925 17.280939671781724 23.95436935026713 24.62668146463842 22.682709863153544 20.18574466276479 17.872131150271123 16.861382180125876 16.84911608352668 15.947148038595099 15.637074748695508 13.764117836265786 12.423255377125242 13.356899671976379 12.447977411695481 12.715251139169112 12.48105086387891 10.709076721427095 7.261093471743754 5.292600476932215 4.4528423207537315 4.486808596913645 3.5044130211731397 1.899908348854732 1.0 1.0 1.0 1.0 1.0 1.0 1.0 1.0 1.0 1.0 1.0 1.0 1.0 1.0 1.0 1.0 1.0 1.0 1.0 1.0 1.0 1.0 1.0 1.0 1.0 1.0 1.0
19.1854784604631 16.75816136090096 15.33882366391589 14.119134670115752 14.547850174483523 14.960544880935362 17.950503098022 21.097592957498676 23.112630658633165 21.933119099547454 22.129162634650857 21.34798247718078 19.175634407974265 16.326807160252255 16.431343818545102 15.876477486777327 15.714944120524898 14.449748646750303 12.338504995381742 10.975432877053473 11.143799160107063 11.030329717660818 10.870895269857524 9.47249754952378 7.243748293739773 4.553865054682659 4.111781101007812 3.983683962298719 2.2688515432192635 1.0 1.0 1.0 1.0 1.0 1.0 1.0 1.0 1.0 1.0 1.0 1.0 1.0 1.0 1.0 1.0 1.0 1.0 1.0 1.0 1.0 1.0 1.0 1.0 1.0 1.0 1.0
25.628090709106047 23.038777354657114 21.66859399365317 21.65638854779723 22.124578174768022 22.72685554127478 23.818532091515234 26.484010752130633 25.839921668591053 24.67416182691523 23.074587289775884 21.08731364876007 19.90307239146042 19.65316398353688 16.211488571709527 14.677748836519616 14.093213391405305 13.107548990457813 11.791194305162495 11.684895386527158 10.245593543415984 9.229156434689191 8.924255829301677 9.233503632292658 9.01272841327522 7.592127701440855 5.495341831771744 4.3649117091651375 3.2066515127463138 1.0 1.0 1.0 1.0 1.0 1.0 1.0 1.0 1.0 1.0 1.0 1.0 1.0 1.0 1.0 1.0 1.0 1.0 1.0 1.0 1.0 1.0 1.0 1.0 1.0 1.0 1.0
30.613933542004702 30.089891272821944 29.057253142815707 30.271871845271775 30.394171511977394 29.62377628016746 29.586879691343007 30.088935653299842 31.352114663205523 31.789926468878704 30.964140973286693 30.29955252593947 27.464155761520413 25.074177788076703 20.569297148847678 16.85641099357608 14.464524596838197 13.453142462016505 13.60233226619715 11.392252547331791 9.590229471932222 9.17324212242291 8.630202657274365 7.569210311256014 7.142931480133887 6.680619948389167 6.135611485600546 4.561626909349524 3.7843631728574856 1.9890972760621726 1.0 1.0 1.0 1.0 1.0 1.0 1.0 1.0 1.0 1.0 1.0 1.0 1.0 1.0 1.0 1.0 1.0 1.0 1.0 1.0 1.0 1.0 1.0 1.0 1.0 1.0
33.39476441527689 33.41514559985963 35.003449945891155 35.418378529187926 36.66826608223453 35.99264420608873 35.183819698759194 35.621738562559045 37.18292775836979 37.342757718151354 38.344704795379634 40.0233718497512 40.57151114986189 37.25577402605454 31.974204997687558 21.301831230579747 18.24820334052386 15.875520949699476 13.94973480780817 12.379681109996488 10.702267406672734 8.99356402733353 8.484799856770278 8.329072779641681 7.70990922513944 6.639800551471746 5.969835793138273 4.812996551301016 3.364513620247659 2.039305787433988 1.0 1.0 1.0 1.0 1.0 1.0 1.0 1.0 1.0 1.0 1.0 1.0 1.0 1.0 1.0 1.0 1.0 1.0 1.0 1.0 1.0 1.0 1.0 1.0 1.0 1.0
34.805380392962256 36.74711622451686 40.97678067084976 42.182285312253015 40.179120958599846 39.345818828074016 41.953900687987044 42.68825073289087 40.49730089259328 39.37805191375599 39.73903193143573 40.36712246613894 44.06344958129986 48.43570024457794 47.918860073326265 37.061228679422904 23.524775704663703 17.68122938028562 15.889217411726854 14.970213189662742 13.152601353338904 10.872344576893457 9.86028432713594 9.58009116120088 9.593185698316338 7.341482584884402 5.902021221273322 6.292562679162683 4.74789257873973 2.434604624942482 1.0 1.0 1.0 1.0 1.0 1.0 1.0 1.0 1.0 1.0 1.0 1.0 1.0 1.0 1.0 1.0 1.0 1.0 1.0 1.0 1.0 1.0 1.0 1.0 1.0 1.0
38.36923016768726 41.88557797560712 41.423478477076365 41.232357395745325 41.920918326049424 42.82243361073783 42.4904746024998 40.473200959826194 39.90983016974982 42.67240127853988 42.012753076527346 41.19362396391458 41.70114626210832 44.19265045302068 49.74488581429823 47.55238225173131 32.523463974789124 27.8618875089124 26.49057096529798 24.556595490677292 23.518948513086098 23.210614533314207 19.51653871892666 14.898228278044655 13.545314419044999 13.32060823080475 11.72600498863501 9.919686984953513 8.589250715774353 6.284843120030676 1.0 1.0 1.0 1.0 1.0 1.0 1.0 1.0 1.0 1.0 1.0 1.0 1.0 1.0 1.0 1.0 1.0 1.0 1.0 1.0 1.0 1.0 1.0 1.0 1.0 1.0
29.735680533557687 30.42138186068642 31.588727300149486 32.34617123839885 32.65489351615353 32.47014287616352 32.5014657741099 32.323114839893826 33.23409507724481 33.76561261581392 34.182088889317534 35.099314385249265 37.964660610021504 45.226827213187306 59.60871355469703 75.88859561589967 67.8968947795506 43.512498228152495 35.68664397706113 32.54565022636176 30.643019689248664 29.012267768445795 26.090092929350988 21.65315807794476 19.127191416675785 17.649960548773173 16.103928485942532 14.292660225946332 13.38785127556351 12.307473849365424 12.260707827518015 8.274395439261573 3.8507444230357413 1.0 1.0 1.0 1.0 1.0 1.0 1.0 1.0 1.0 1.0 1.0 1.0 1.0 1.0 1.0 1.0 1.0 1.0 1.0 1.0 1.0 1.0 1.0
25.00900092973862 27.12142857791257 29.678956853393004 29.66792082545225 28.625529254096648 28.70768655174878 28.994659080013886 27.77383187237449 27.69528992198152 26.10873608497004 24.884030980899226 21.835223699322626 19.704946327370333 14.227059719217111 7.982560214752166 17.133215695873346 48.29060627646006 47.96720463486631 33.35855534560352 25.38942061262473 22.07942905899023 18.52659773002571 18.83076278622359 18.344130206346225 15.813249667603195 12.26956393936547 10.831314221706807 8.897602649061168 7.142560122892538 6.604442156397568 5.21467539763124 5.075355985300708 4.939070280942349 1.0 1.0 1.0 1.0 1.0 1.0 1.0 1.0 1.0 1.0 1.0 1.0 1.0 1.0 1.0 1.0 1.0 1.0 1.0 1.0 1.0 1.0 1.0
23.364952958046857 23.413368549599497 25.271735284011186 23.365550373997515 22.858883387139297 23.306651313826226 21.638735670160525 20.054889506389983 19.345332777595623 16.492231382812946 13.448724939676666 11.039091625116116 8.182347094508858 5.976269152800974 4.495017209150643 5.456936528549947 13.215136413558733 30.723287114964016 30.98327685219492 22.23480300794708 18.755569981863353 16.74646472615569 14.732969664864918 14.249790673812367 14.656959562344023 13.996995083087624 12.368869146265558 10.378991912133847 7.880652878403886 7.553117737973726 6.419684712108693 4.599398554872943 4.641837446844922 3.0076136428111875 1.0 1.0 1.0 1.0 1.0 1.0 1.0 1.0 1.0 1.0 1.0 1.0 1.0 1.0 1.0 1.0 1.0 1.0 1.0 1.0 1.0 1.0
48.99343122454757 44.441508912863966 38.45492536581111 32.35113817221303 28.901028376896324 26.187900405338013 25.01171546315953 23.243392190092557 20.836273378510352 17.45493240062014 14.574944157089995 11.387049302808162 9.433186008382458 8.193403451372646 7.097324377101899 6.431912564339006 7.759508248849114 12.050449691012693 21.505490016038184 21.678616116606584 19.795375923102032 18.410830495824378 16.429957934846875 15.009252819156947 14.739648218881598 14.888299923034866 13.785554514665554 13.112814603233797 11.542124069758339 8.19263341422289 6.67604698447366 5.817455928639824 3.6232527182607916 3.4260582345667023 1.716701988273782 1.0 1.0 1.0 1.0 1.0 1.0 1.0 1.0 1.0 1.0 1.0 1.0 1.0 1.0 1.0 1.0 1.0 1.0 1.0 1.0 1.0
66.88880189006105 59.90514598119134 45.5790723309685 33.18887189702137 29.350390112905238 27.57509115678596 24.972862285668747 22.23153305719173 19.45728001253478 17.131455917092666 14.98025868665875 12.768980773839099 11.815043484296671 10.666809233873497 9.890800837274236 9.175301745177672 9.405681370581881 10.431786973555312 16.102957602442803 16.446831861674156 16.772134727119045 16.859262078992288 16.389574059579594 15.404670913244242 15.04882783290657 14.366561966189709 14.872221089112458 13.539791839467435 13.119277732230596 11.53291628910867 8.70348516174132 7.31770204229834 7.680082292887284 5.56997808915967 2.9495043363575264 1.0 1.0 1.0 1.0 1.0 1.0 1.0 1.0 1.0 1.0 1.0 1.0 1.0 1.0 1.0 1.0 1.0 1.0 1.0 1.0 1.0
51.57481428685889 46.39596379937798 39.60145760994062 32.27107240779745 27.809969749851756 25.716896070534435 23.72658109232551 21.688200188251507 19.05549864959861 17.490145919370118 15.688717374358905 14.399318471022465 14.000351430356506 13.805865170655448 13.195605131635963 12.56861816650551 11.860810506674287 12.264529930943018 15.78274373535541 19.05737928483442 17.626325546734822 16.170199950789918 14.721447037104813 12.568618232864996 12.058316627360433 12.797081771702308 13.442239226444471 13.690026054686125 13.949784019123939 13.99581302971918 12.90538929124342 10.425534177266059 7.779956110981173 6.029112779847968 4.428892240556158 1.252723589022858 1.0 1.0 1.0 1.0 1.0 1.0 1.0 1.0 1.0 1.0 1.0 1.0 1.0 1.0 1.0 1.0 1.0 1.0 1.0 1.0
37.34940610656922 35.24859124555276 34.126751472204205 31.976961830579018 28.88187730107495 27.10967513388948 25.31057545749571 22.18643511937581 20.521159296296354 18.86155381749462 17.61340270188411 16.154906594423522 15.352769384298556 15.264740061020884 15.133998519936089 15.500564579276082 14.913286179969855 14.493414214601064 15.685531136198467 19.269185660687636 18.936472798010836 17.076466213503622 15.467600556378526 12.193261052315599 10.323427311051212 10.077612407925816 10.020993278152154 10.56586798154238 11.02677710134042 10.811087326328224 10.39088839673898 10.13559390536847 8.355831001718403 6.073682248884175 6.184192280192068 1.1430105445908931 1.0 1.0 1.0 1.0 1.0 1.0 1.0 1.0 1.0 1.0 1.0 1.0 1.0 1.0 1.0 1.0 1.0 1.0 1.0 1.0
28.288153910657424 28.8241319598176 32.1438322251812 30.54764721952394 29.462004068464296 27.520142467848274 23.633030141988787 21.430606403854668 20.398114444433354 18.68211885505042 17.779825552728017 16.9061088612657 16.30057784083926 15.045674551000975 14.958399806849105 15.092359625901326 16.195196150076445 16.007877594616662 14.536281883350371 14.471861890900177 16.84460201054283 17.99058319202754 17.868990566717464 14.741923726371116 11.485800990134344 9.570038427246375 8.867982410285915 8.939843923690045 9.673076316213322 9.260313478011232 8.966676338058518 8.291577354646481 9.413132401171588 8.391105219889655 8.166964896495061 3.667555303432117 1.0 1.0 1.0 1.0 1.0 1.0 1.0 1.0 1.0 1.0 1.0 1.0 1.0 1.0 1.0 1.0 1.0 1.0 1.0 1.0
22.71707921876136 21.41749733877701 25.650034385616724 26.242053219054895 24.7953383565369 23.052582030786937 20.98633960436782 19.80092058448759 18.27243565798897 17.44440745851319 16.622441890487345 16.207203663721664 15.35978466205841 14.701663813919673 13.947327697015636 13.619752105575568 12.627303715230035 12.356764419107899 11.847472723556347 12.14607674879131 13.54484111406105 14.903263748568317 17.365578343145753 18.239198598813157 14.222390605047273 9.861423662385938 8.578571944877327 8.157123115750784 7.982027836947398 8.258474266877682 7.479527082490721 6.132859322009966 5.474256882606741 6.421232522518919 6.951075163498511 5.331829476632876 1.0 1.0 1.0 1.0 1.0 1.0 1.0 1.0 1.0 1.0 1.0 1.0 1.0 1.0 1.0 1.0 1.0 1.0 1.0 1.0
22.765986205504113 19.83462657935466 19.604819277168268 19.666218009074612 19.000027822580726 18.470280045826627 17.786250065919845 17.400444924613844 16.612228294449174 15.762896952467639 14.733651276482345 13.778816380945617 13.242525162944222 13.145951414213716 12.51219442868566 11.65611912020638 10.085555238336024 9.617805220221465 9.524312842531794 9.382894114008272 9.243736387117988 9.99019873128669 11.326584217471067 14.402020746958911 15.777710761299524 12.286446916715482 9.735108323257725 8.459361853329062 7.202221463357349 6.520724206788744 5.814801075765965 5.652006060846825 5.054232231065321 5.025695875473307 5.448320640070689 6.954177637188437 1.0 1.0 1.0 1.0 1.0 1.0 1.0 1.0 1.0 1.0 1.0 1.0 1.0 1.0 1.0 1.0 1.0 1.0 1.0 1.0
18.345253404868842 19.085876328658756 16.276540020162145 14.522529289782527 14.470943411046223 14.436044875825711 14.737377636111631 14.18799193128904 13.8265296777387 12.289332423978184 11.527438558192078 10.933789362854258 10.589420396091375 9.774904117826138 9.267675934796904 7.86642837168378 7.332837979460277 6.790820439678269 6.200791853778811 5.52186473223615 5.007752763035423 4.8280924570818815 4.785379239995297 5.095657468647819 8.869003411053955 10.547170389032633 9.04847052043511 7.693666229198683 6.948727621276313 6.193337560387387 5.4803631068214615 4.825409332607914 4.818540224182609 4.348033608867773 4.340900113457168 4.841181877852503 4.043873512840293 1.0 1.0 1.0 1.0 1.0 1.0 1.0 1.0 1.0 1.0 1.0 1.0 1.0 1.0 1.0 1.0 1.0 1.0 1.0
10.452874486392881 13.70973508112189 13.854337222982588 12.957790595084266 12.860963501450588 12.525234367724652 11.457868641017358 10.501183558992874 9.890695091129508 9.430310091579749 8.901176547312433 8.148638144015091 7.402734243443667 6.429482896850159 5.439354623003501 4.907359986671383 4.939182620817694 4.199957916251026 3.870265966597204 3.5289253828963423 3.2287359279776338 2.8868483835197023 2.666862127166565 2.488540648744426 3.323270866771124 5.6939136992843435 6.495365850331199 5.785495625725473 5.367848618390568 5.114704727928258 5.28567031712896 4.443434665949066 4.242317953690311 3.696464500602812 3.4897147802321604 3.0587051316292118 2.908127344004444 1.413013298210515 1.0 1.0 1.0 1.0 1.0 1.0 1.0 1.0 1.0 1.0 1.0 1.0 1.0 1.0 1.0 1.0 1.0 1.0
5.949775812526984 8.650591230703663 11.445916932066638 12.377136761300017 12.240407033926935 11.371103510071308 10.326012324640722 9.801438261773017 9.18945886070943 8.698978107057656 7.784163809878066 6.962101556133051 6.074080117347059 5.188601213307692 4.411350871757713 4.482341674250386 4.33454753377166 3.7919795101180758 3.8345032433235464 3.5564438081476055 3.148210971715888 2.8650418000911033 2.70580692580634 2.940665878661126 3.526176681871088 4.593479483754845 5.531023690278974 5.480156007540076 5.050372746392794 4.791710654477523 4.886757395536652 4.5514929970107465 3.9560118882022435 3.4075578704677305 2.8246309865045074 2.5161545419467775 2.2694115213604884 1.0 1.0 1.0 1.0 1.0 1.0 1.0 1.0 1.0 1.0 1.0 1.0 1.0 1.0 1.0 1.0 1.0 1.0 1.0
5.651701382160455 6.801397064749045 8.809897610873556 11.406039385123826 11.680999474749344 11.412061493733768 12.147140230411296 11.997781375583644 11.290552438868659 9.999198326962595 8.65774476100997 7.282450228637572 6.659349512667629 6.085138749038212 6.3711860774113935 6.724507604618026 6.158642687365001 5.610889892690814 6.0368698700160435 5.636509308115777 5.3354307537374694 5.391791598183771 6.044414497443515 6.566337423988903 7.947472954472971 8.143942243482138 7.4898894920064905 6.824330050683779 6.116544136495526 5.311091894164291 4.641612018062865 4.110650706973306 3.4782910942507144 2.840907077344595 2.260784526477399 1.7340799453845357 1.4531927229577786 1.0 1.0 1.0 1.0 1.0 1.0 1.0 1.0 1.0 1.0 1.0 1.0 1.0 1.0 1.0 1.0 1.0 1.0 1.0
