taylor_setup_files/outputs/scen0_calibrated_taylor_28yr_base_handCalibrated/FACC_taylor_Dredge_EEX_Flat_10m.asc
ncols 280
nrows 300
xllcorner 555200.0
yllcorner 5259500.0
cellsize 10.0
nodata_value -9999.0
[rows 150 to 174 of 300, columns 168 to 223 of 280]
7.587272133929517 10.739785261619264 16.366274169014833 17.037307482241765 15.292606948231189 15.648542890495003 17.015689947537517 15.194320402352552 13.764421945733456 12.108209875986228 10.545982491806978 9.465857255160671 9.391546177060771 9.153479347563671 10.39520510524914 10.041913092638012 9.14766563753836 8.676269262310305 9.296631810285685 8.915523374680319 8.98058403070219 10.115600897125486 11.364193039398648 11.47047837023259 12.51929633581636 10.79995929387279 8.72718357586351 6.940729581568824 6.155341098619756 4.913936747555765 4.229405229523896 3.8480854242214098 3.2185078133907825 2.5019432094671683 1.777559530738478 1.2112937078535917 1.0 1.0 1.0 1.0 1.0 1.0 1.0 1.0 1.0 1.0 1.0 1.0 1.0 1.0 1.0 1.0 1.0 1.0 1.0 1.0
15.724079964933741 31.816589318409907 37.03272351205144 32.466054505626374 28.955083969269822 27.15108576675096 23.77181493972436 19.823391272291378 17.696998711267984 15.529187254643896 13.555964864306054 13.280303617735527 12.675399803193926 12.2287383064293 11.11103390869831 9.980766594779807 9.2345841588429 9.110674977440326 9.860501497795497 10.011889778923212 10.721127896368007 12.25577929514295 12.782271782797263 12.618934836443014 12.438452636922994 10.06351839294955 8.181532500794933 6.789051600464122 6.113221755142656 4.992146282584509 4.0165515163124414 3.546737374032166 3.0167029928137725 2.3727475056559717 1.6895198397247595 1.0 1.0 1.0 1.0 1.0 1.0 1.0 1.0 1.0 1.0 1.0 1.0 1.0 1.0 1.0 1.0 1.0 1.0 1.0 1.0 1.0
106.6941029430102 80.32087809157785 61.60001898821599 54.03382690753604 51.27645600498367 46.44646514271585 36.786587376000156 30.75140665824005 26.919257076689206 23.255510300282342 20.709355825398767 19.62805546784659 17.62889582343477 15.285846191673182 12.961531349445204 12.895563533225243 12.459738982094139 12.480248972805068 14.37036810954768 15.679888551826945 18.255903026768497 19.02958741725037 17.752089147457625 16.56931294180078 13.525496131883488 10.41057142015924 8.236549509028933 6.553512426301655 5.392062186649364 4.705187473359076 3.6294705132950367 2.6753516740189087 2.1198707820514433 1.7942971408588413 1.2879683652181066 1.0 1.0 1.0 1.0 1.0 1.0 1.0 1.0 1.0 1.0 1.0 1.0 1.0 1.0 1.0 1.0 1.0 1.0 1.0 1.0 1.0
82.18109568601413 71.7783443741164 81.663866036793 74.43935139990622 70.3510180002582 70.47736660165424 68.57042220331991 56.198799478394626 47.98141714309057 41.38413173110847 37.668557302766935 36.56445327239795 35.75129154555752 32.167310878672126 31.867413593701976 34.04254443792012 36.85518922318687 39.57391219317111 41.37311616529464 41.53560842218259 39.48104612479918 33.27800794159094 27.82554152189096 22.464135200636196 15.722222696404716 11.314051900872757 8.80373160463079 7.08121925899652 5.500390704269986 4.66097284797316 3.6485679534483246 2.8247024064815225 2.131488680742424 1.4501887942571907 1.0 1.0 1.0 1.0 1.0 1.0 1.0 1.0 1.0 1.0 1.0 1.0 1.0 1.0 1.0 1.0 1.0 1.0 1.0 1.0 1.0 1.0
68.6126850338693 95.74876617189852 122.34065882656233 95.95966744247472 80.20606508691688 75.24440457476187 81.95096098637981 79.56386462437713 74.52001181640388 71.18084459769992 70.64499093819698 67.74187905216843 68.5714095381839 69.80408709441046 70.20260778310336 64.82602437971038 62.82053150650857 60.22055948526575 55.13507422632872 46.452059188450534 37.48319343703917 29.659880565594186 22.529401855604206 17.281649004064665 14.18284008371775 11.855771868889033 9.316779762190368 7.578279325390959 6.799440592875606 5.231521997418637 4.549367207505197 4.046452478787395 3.248132611848711 2.133960385023373 1.0561331742514688 1.0 1.0 1.0 1.0 1.0 1.0 1.0 1.0 1.0 1.0 1.0 1.0 1.0 1.0 1.0 1.0 1.0 1.0 1.0 1.0 1.0
45.03150855176143 94.75964188138971 70.2313046639748 66.13999407518227 62.35735987447719 60.432273114692094 58.67152413921435 60.93961668761441 64.28431962448649 65.88507906101657 62.31130217195947 58.70341842162851 54.88723227950598 51.224166547848874 48.03403348486466 44.05346029884715 37.705803419597714 31.246064448678215 24.782163602594437 19.422345552563637 16.679272630669615 15.596930336393413 15.167003332942402 14.059727170771867 12.31886488855162 10.600282226732505 8.705122067527896 7.30611729264236 6.645066064519099 6.202764548226579 5.571788301847178 4.4131739016479905 3.6031078546704305 2.890372943403996 1.5991451917588233 1.0 1.0 1.0 1.0 1.0 1.0 1.0 1.0 1.0 1.0 1.0 1.0 1.0 1.0 1.0 1.0 1.0 1.0 1.0 1.0 1.0
11.053311506060009 83.93955203169806 47.441187843213896 45.31589475170887 42.91891097533305 43.25727244711018 44.698854889303504 45.74250296529529 45.34602837706945 45.168403836729816 44.473130331710365 41.58152185201574 38.26138208534489 34.430762455594454 29.079861729316114 24.54557244990378 19.653530812506744 16.543964549971275 14.272048565396535 12.332951881378499 10.798202666964368 10.897090317846105 11.899355933993819 11.99724016666056 11.028485189549592 9.762677475979533 8.414817945642117 7.322973535200895 6.524912401628522 6.028919155095468 5.178819907069521 4.339091710135625 3.3388093632132216 2.515304407118509 1.856618686308655 1.0786241302516575 1.0 1.0 1.0 1.0 1.0 1.0 1.0 1.0 1.0 1.0 1.0 1.0 1.0 1.0 1.0 1.0 1.0 1.0 1.0 1.0
4792.833112448357 58.70678278092022 38.21332631404245 36.23302289080298 37.273597421223556 36.446358353978745 36.59085613332762 36.67343188266424 36.88234227112754 35.24365215005595 34.51310784452362 32.82628144950191 32.24953381969002 30.051093183287378 26.0481193685115 21.247112548963926 17.987571902680568 15.070795743823167 14.090340549334641 12.609977499867867 11.619695128346843 10.994615533409174 10.961006829557611 10.956311151309343 10.725713185444063 9.720286336745405 8.506551134243521 7.4467019894836755 6.892531652106408 5.712434916336417 4.817147128438362 4.049802744751156 3.4084268826379445 2.6900543642904102 2.0215630564459013 1.238156104273155 1.0 1.0 1.0 1.0 1.0 1.0 1.0 1.0 1.0 1.0 1.0 1.0 1.0 1.0 1.0 1.0 1.0 1.0 1.0 1.0
9332.900968655364 44.05911023058973 37.14074410005835 29.67745514038292 31.022663871415435 32.40148090007358 31.194888064712707 30.53334828225716 32.236853039648935 32.88182553122413 31.901173138653192 31.12949915578038 31.151294931261013 28.490417207088687 27.17005439597562 25.6722598899315 23.558726538025304 19.125958978688182 16.06788139653735 14.593419756232798 13.757244520268802 12.655219329636344 11.388888313727444 10.530275631113149 10.344919246626517 10.267715735656754 9.366670006397097 8.111466057411509 7.3163746575545625 6.16776880709639 5.260549366307771 4.594098864307998 4.191501539441779 3.445127890510178 2.5483583035547355 1.6237288431405856 1.0 1.0 1.0 1.0 1.0 1.0 1.0 1.0 1.0 1.0 1.0 1.0 1.0 1.0 1.0 1.0 1.0 1.0 1.0 1.0
9270.7338633299 23.95817300844144 31.876545863901335 27.509280622024566 26.116083384245382 28.045099852815127 29.20779391960332 28.406945850063828 26.846386803971793 26.73003692295432 27.529882638550035 28.397051933688957 28.513569919983105 30.15410677666045 30.636896770856886 30.822984300750456 29.901157524874286 28.912990057190523 25.742030940325982 21.811097224335867 17.386916015562544 15.182451236597963 13.652207554618652 13.056225871038716 11.315663667173727 10.74032336101558 10.263695031135054 9.074746257609169 7.653793480481481 7.088883448701934 6.47090507872313 5.754714468459698 4.673050060564161 3.7709775921733337 3.0869978973900962 1.9656954694719957 1.0458904109589025 1.0 1.0 1.0 1.0 1.0 1.0 1.0 1.0 1.0 1.0 1.0 1.0 1.0 1.0 1.0 1.0 1.0 1.0 1.0
8237.269608365086 2236.2753076387003 26.221495557104365 27.77796019309206 24.9263644706188 24.239924504700404 25.313418675475837 24.392255291478225 23.056930600619697 23.549395307958154 24.06022944277196 25.061307577575562 27.02202965576068 28.67597071273225 30.96814508372 32.13203871601868 32.61419157180795 31.921117378348175 30.538147513636087 29.99114437278839 26.75579509284693 21.71558085619822 17.732657784400626 14.653028795369861 12.512349485608558 11.355126028836745 9.714231867231073 8.705863327891354 8.33491889772257 7.611148995936499 6.845767412240324 6.106316014161359 5.224624263314807 4.227498857183568 3.196972818119443 2.0145652986579425 1.1435187483516598 1.0 1.0 1.0 1.0 1.0 1.0 1.0 1.0 1.0 1.0 1.0 1.0 1.0 1.0 1.0 1.0 1.0 1.0 1.0
9158.18141165952 20.966785152417522 28.212427127819915 30.763827847651587 32.04075543219316 27.767191082840217 26.91275240068714 27.77192395949934 26.965528270685358 24.558882605695516 24.73032391957051 25.551864136567715 25.673747489215074 26.21398366521906 27.351676089492283 28.416709235317672 29.14061029850455 28.66371194308715 29.52872945613812 28.094713780585614 28.10632147387246 25.502266413251974 20.953139777368506 17.456995197966783 15.625483865674182 12.644999543758757 10.72627122305717 9.257559851932973 8.378811826153033 7.764798572070935 7.2668569707055815 6.364720983344779 5.70491059133124 4.465760384675639 3.2375467907399136 2.242899801728759 1.2375486460664282 1.0 1.0 1.0 1.0 1.0 1.0 1.0 1.0 1.0 1.0 1.0 1.0 1.0 1.0 1.0 1.0 1.0 1.0 1.0
9135.368919265406 26.40670399735977 30.924960211857695 31.476199732862845 34.12900769990085 36.534288081225405 34.716263361384534 32.46926917382632 31.805662797608733 29.330331124726968 27.473094200721285 25.4833314511228 23.153671360146035 21.63037255904392 20.42778900921834 20.723996311040796 22.846482320597122 24.561858421020908 24.66300867331904 24.172368342727207 23.40309613991239 23.124675251514535 22.714427323676407 20.831778073205165 17.8038383055507 15.393219060814882 13.52476503655269 12.327907415122809 10.395739507342038 8.9458842853711 7.916095536510507 6.868567758209972 5.81156514056904 4.478132380960751 3.450146226419063 2.6618692322240207 1.355164132569111 1.0 1.0 1.0 1.0 1.0 1.0 1.0 1.0 1.0 1.0 1.0 1.0 1.0 1.0 1.0 1.0 1.0 1.0 1.0
9099.845749100305 24.664565000238937 30.368483081922175 29.313344835416082 27.296429889849037 29.593514357850758 32.54910461752102 32.43477504003192 31.898777200755347 32.43802970599327 29.612178119570558 23.328023813654692 19.96911161622713 18.843860770336143 17.665928096591067 16.55646658869771 15.929053036731778 17.366209238170008 18.64817318158007 20.250226311012554 20.92583312005498 20.46268073159217 21.54906513103793 22.101950612032276 20.796674429699266 17.159023501183846 17.217865615877336 17.819633107031407 16.201550664684234 12.602339479131263 9.51924002611737 7.569976693736605 6.041461958489487 4.994094086190361 3.953371440940499 3.0023479011365763 1.9127774021704926 1.0549111231859107 1.0 1.0 1.0 1.0 1.0 1.0 1.0 1.0 1.0 1.0 1.0 1.0 1.0 1.0 1.0 1.0 1.0 1.0
6798.071774633776 4542.883577700311 22.842899430629792 22.94684559638901 22.36733966111075 19.31166483211097 19.10456323312006 20.17929329117314 20.47209787344658 18.63396725797529 18.151477322707457 17.41236905325356 15.708639839808452 13.240795235649749 12.632939656132802 12.623809864888038 12.52041695623873 11.995893276886148 12.909843616855525 13.221117658871242 14.589238942194205 16.60392839513921 16.522473261638005 16.052326735248307 19.753261600451395 22.911860826028743 24.336668640787373 22.5784789265205 23.788612186111138 22.826266593199065 17.309703216261745 12.492697660824415 9.378897013898404 6.932463725402287 5.111811102078954 3.5907827078706456 2.326962893956684 1.046870394812764 1.0 1.0 1.0 1.0 1.0 1.0 1.0 1.0 1.0 1.0 1.0 1.0 1.0 1.0 1.0 1.0 1.0 1.0
6.302259643365509 9009.321694951406 16.991649452833553 15.4437370635947 15.223777863185145 14.214627741021786 12.039192119101308 10.5903647125999 10.939176422380012 11.203371790589943 11.685608892302778 11.727236976473367 11.150929875599992 9.977263494445058 9.455939587544483 8.780444019068668 8.423209728198572 8.082479679283669 7.790465434535884 8.23012023129913 9.289298972447698 10.401495633036596 12.351526254092878 13.9822217604669 15.51246675092857 19.804769369187024 22.279493405600654 21.66918791649059 22.40644301864116 23.515104293978233 22.998695493429224 19.53405861376108 15.949385654733172 11.356069653091042 7.268005698834422 4.039121719950798 2.3025689173261403 1.0354593050928071 1.0 1.0 1.0 1.0 1.0 1.0 1.0 1.0 1.0 1.0 1.0 1.0 1.0 1.0 1.0 1.0 1.0 1.0
2.9327675347153175 8987.63903465253 15.494574792569995 11.945262314745106 10.54203918760767 9.826683231077244 9.44954332847799 8.464163725903315 7.299301605450077 7.317989988393989 7.583548039097574 7.409732885877222 7.465500174465076 7.565678517950543 7.8850817451220765 8.457107455822092 7.835552076102349 6.781913971088775 6.640241767712366 7.330814053375507 7.95446957912297 9.121570469170262 10.505507303756623 12.712930723167704 19.641154583421987 21.18186112426142 16.68875460958795 15.876279148136668 15.18992712884245 16.601199697723242 18.100771252358335 17.171478569232903 15.21878588108795 12.318664626321718 9.06686555917841 5.417429154775245 2.7990790551318416 1.0 1.0 1.0 1.0 1.0 1.0 1.0 1.0 1.0 1.0 1.0 1.0 1.0 1.0 1.0 1.0 1.0 1.0 1.0
8945.566500311128 4496.588697153693 13.977151303239522 12.756615579617003 11.016516399304624 7.784668256398936 6.831972523949085 6.386108766204782 5.8606188443745895 5.315955573680817 5.287463863499793 5.4700803244483724 5.775239468581437 5.98630161914222 7.638769765211257 8.311327679392962 7.810749730063898 7.404293628667504 8.144529227635278 8.497263451597853 9.281335191932937 10.874149126887755 12.879621026220802 16.1753232124238 20.14989060494404 15.896252210715659 11.75275074382318 10.319395487805558 9.045929776697793 8.221568332627436 8.787053669847914 9.476701487500371 9.273426672683238 8.217426054452854 7.188459627956408 5.504818231410601 3.15585826058408 1.3838198799703387 1.0 1.0 1.0 1.0 1.0 1.0 1.0 1.0 1.0 1.0 1.0 1.0 1.0 1.0 1.0 1.0 1.0 1.0
6.545482947356851 8.330796557067904 10.449580842703028 9.036225033528854 7.493084848318377 6.074926562683581 5.062173278701074 4.474530730828906 4.108324567574112 3.905010322489626 4.402137163388306 4.631020026365544 5.282254396915032 6.153923482801807 9.519901686801829 10.121681132196496 9.13118802294045 9.278124403964936 9.928611969281242 9.959418632759663 11.166720434331104 12.822542733519992 15.999092107209838 19.34917529400635 17.15112290543347 12.149297672324808 9.417284470720341 7.398969204103883 7.046963979329785 6.337203594042201 6.039380894984066 6.71846519701426 7.128216459106113 6.235083373254156 6.004024189786104 4.785179178775133 3.13690222382408 1.676512898607283 1.0 1.0 1.0 1.0 1.0 1.0 1.0 1.0 1.0 1.0 1.0 1.0 1.0 1.0 1.0 1.0 1.0 1.0
6.702525412422756 7.604873562171287 7.991358934337406 6.99939922739626 5.601143353187929 4.852609046049888 4.359630736009144 4.063593838377224 4.0915855706871405 4.4665865330191785 4.545663913089791 4.974628502335671 5.864547730827746 7.973303054088063 11.485705658003283 11.780675512117218 12.209613920265745 11.764726673200927 11.506513659213624 12.7752712622742 14.814294026690046 16.897351118274358 19.147453638211513 18.263906484553225 14.846122756226034 11.33812741223371 7.8266371843991305 5.577407015593229 4.903084238715607 4.541904205007484 4.592014317722519 4.88930455798961 5.544063954889503 5.85923321846734 5.644684373824802 4.382030706250832 2.8688583393319735 1.6877160305997938 1.0 1.0 1.0 1.0 1.0 1.0 1.0 1.0 1.0 1.0 1.0 1.0 1.0 1.0 1.0 1.0 1.0 1.0
6.840078257615401 6.6070581190696505 6.37091916593886 6.249647007430529 5.205194324265392 4.550888704565001 4.657455226390222 4.506215893110639 4.518196764051472 4.500692739839852 4.654707431287806 6.239625964657269 8.686726485101628 12.902630649210334 15.537781011207368 15.542610662150562 15.969107505541961 15.689789359801427 16.106606912595716 17.625410705238853 19.761663697928395 20.480243475059122 19.2788932157816 17.464747011884622 14.209817877496782 10.102748530122218 7.3742894061430135 5.5957248982226835 4.175051199103646 3.771663299774079 3.8084294600723023 3.4561726883211126 3.3813928923880274 3.822699309125241 4.476621967751629 4.374091450560495 2.9139833714202945 1.6832381284721918 1.0 1.0 1.0 1.0 1.0 1.0 1.0 1.0 1.0 1.0 1.0 1.0 1.0 1.0 1.0 1.0 1.0 1.0
8.513671805914504 8.193888401832385 7.677684512932662 7.024201299116648 6.35158378131433 6.063315397508676 5.5703232261204105 4.8123927057953075 4.9880535358181906 5.375035923596181 7.088896462186518 9.573406477382326 13.742216358291069 19.255754611504482 23.571339714163972 28.015456510193502 27.18903328775164 26.659929294087675 28.207702107725236 26.965095961361435 25.513437992846544 22.360388773710845 20.052346014186845 18.100454052555413 13.779009613837584 8.94192190900893 6.673144750921018 5.079297729168167 4.2158510759613765 3.400715997131662 2.7144589424739936 2.524134475473056 2.468407855356749 2.496449455839184 2.853443630990805 2.935721761690474 2.375086966276103 1.5210827126999917 1.0 1.0 1.0 1.0 1.0 1.0 1.0 1.0 1.0 1.0 1.0 1.0 1.0 1.0 1.0 1.0 1.0 1.0
10.571271024048151 11.094582071638115 10.160609491474947 9.238775779841838 9.873060820199985 9.439217473505842 7.927279812729799 6.177246266254731 6.619680363911957 8.804499505419425 14.515135766613055 21.969934066850467 29.948087278627867 39.95368721086633 54.04115225878127 50.65928509995389 44.34086522851749 42.53645211489714 42.78369089338067 42.09478871808918 39.949333794252226 31.947067164073 25.038560761251013 18.443813103514408 11.675585431892728 7.937150319752345 6.3397791586473975 5.489484056414734 4.632602250208492 3.6275389560116644 2.9977146945508126 2.6306356205517383 2.668195691128176 2.5509871126277606 2.4638227534023156 2.361308158174689 2.2598221749226517 1.4488698276395853 1.0 1.0 1.0 1.0 1.0 1.0 1.0 1.0 1.0 1.0 1.0 1.0 1.0 1.0 1.0 1.0 1.0 1.0
15.144215656430905 19.141109270108945 17.510996204138483 19.93152367114437 21.634891881622003 20.89137321511527 20.600623501696628 25.18784660521486 32.28855731841438 44.867692168503154 62.893355864094204 80.2002891656343 88.7434744249359 89.11891432663396 76.6682675014929 58.11796520463448 50.155593717235064 49.15952010952523 49.572968790914686 52.0178086457872 54.57816609492677 50.882761302940644 37.12437579154618 18.857247467336535 11.00014734288682 8.352929929461453 6.906435172861289 6.094668631767586 5.3388448911960085 4.568852298198534 4.12400505783479 4.1093531438761195 3.9790776268581944 3.3711628236526794 3.0012501348068454 2.872810796897027 2.367900774971666 1.6769776760615598 1.0 1.0 1.0 1.0 1.0 1.0 1.0 1.0 1.0 1.0 1.0 1.0 1.0 1.0 1.0 1.0 1.0 1.0
4399.427920719794 53.30034644183826 58.31259778911084 61.578327620017475 57.92817237888427 54.74239831691301 55.993352399351444 57.656091348072664 68.9091715058867 87.94146390982218 100.71504663115374 92.90809302682173 81.7490282479595 67.40399307895304 48.10360919438713 44.95645893355061 45.979339557145714 45.91099543054204 45.28617385151594 33.62636995461125 27.00044019517066 31.95971511292164 34.666295593132354 29.263517923293307 17.455536993406493 11.25539435844601 9.367256127124326 8.06329833469917 7.109797121165705 6.823672053112713 6.693370580352092 6.056455266078158 5.464278191509498 4.890137468626522 4.0753433269083015 2.781695320514377 2.7915913962785983 2.6515148189952096 1.7673410864631995 1.0 1.0 1.0 1.0 1.0 1.0 1.0 1.0 1.0 1.0 1.0 1.0 1.0 1.0 1.0 1.0 1.0
