taylor_setup_files/outputs/scen0_calibrated_taylor_28yr_base_handCalibrated/FACC_taylor_Dredge_EEX_Flat_10m.asc
ncols 280
nrows 300
xllcorner 555200.0
yllcorner 5259500.0
cellsize 10.0
nodata_value -9999.0
[rows 25 to 49 of 300, columns 112 to 167 of 280]
1.0 1.0 1.0 1.0 1.0 1.0 1.0 1.0 1.0 1.0 1.0 1.0 1.0 1.0 1.0 1.0 1.0 1.0 1.0 1.0 1.0 1.0 1.0 1.0 1.0 1.0 1.0 1.0 26.497112834182825 31.61499481390272 14291.636421367042 19804.5735648144 3.521435382056809 9.62941897644442 18.741384817088523 28.42593531692167 22.16726688714158 16.431665977359224 15.863015504654337 24.23004955819926 31.2295667147165 19.750939409831062 1.0 1.0 1.0 1.0 1.0 1.0 1.0 1.0 1.0 1.0 1.0 1.0 1.0 1.0
1.0 1.0 1.0 1.0 1.0 1.0 1.0 1.0 1.0 1.0 1.0 1.0 1.0 1.0 1.0 1.0 1.0 1.0 1.0 1.0 1.0 7.824206838725395 10.631405812432234 14.148862075567372 18.48324195597732 37.043915740327314 54.720592465561545 52.11659037973562 42.86176894164683 35.58104928613572 29062.24995298319 1.5556934313820832 5.049713531822372 11.70810310610944 20.789530188079503 24.650209199315213 19.544326163402822 16.097668800879738 18.861728819376424 25.179573857804197 25.080863926125748 15.368737163144583 1.0 1.0 1.0 1.0 1.0 1.0 1.0 1.0 1.0 1.0 1.0 1.0 1.0 1.0
1.0 1.0 1.0 1.0 1.0 1.0 1.0 1.0 1.0 1.0 1.0 1.0 1.0 1.0 1.0 1.0 1.0 1.0 1.0 1.0 14.184923631457085 18.885263729460235 21.483035598051863 25.102422092911542 31.440019401531696 39.63974389931232 24.18699318781028 33.009905668010425 33.465625127153366 22.865088131993822 29032.051071804985 1.9323984330969772 5.769266332652772 13.217309079814772 20.283155820527547 19.965707739776377 15.643172217589994 17.527652279782203 20.63698957274752 21.296954771242735 19.938822543380528 12.983426063253935 1.0 1.0 1.0 1.0 1.0 1.0 1.0 1.0 1.0 1.0 1.0 1.0 1.0 1.0
1.0 1.0 1.0 1.0 1.0 1.0 1.0 1.0 1.0 1.0 1.0 1.0 1.0 1.0 1.0 1.0 1.0 1.0 1.0 14.64838383676496 20.307062267203822 20.827319701070017 22.810402186052062 24.775399946804697 29.213519178220913 29.460883171366746 16.057670200762065 13.683248254452712 11.448771829500004 7.619535239565337 29010.11979259872 2.16856597686792 6.368605396127381 14.124493735289645 19.073104143888646 14.943841674599486 14.356179949840424 18.194555570759142 19.548733000349664 20.16157956926113 17.04775986903191 11.43536063115419 1.0 1.0 1.0 1.0 1.0 1.0 1.0 1.0 1.0 1.0 1.0 1.0 1.0 1.0
1.0 1.0 1.0 1.0 1.0 1.0 1.0 1.0 1.0 1.0 1.0 1.0 1.0 1.0 1.0 1.0 1.0 1.0 11.369462363327514 18.617100191950684 18.551935444533576 17.542961984064313 19.89985487902028 22.822145378267425 24.077727700982564 22.563198032654924 17.920767717511033 13.54034907849723 11.063205881437144 7.461128706134321 28997.787331800366 2.9540679503424854 7.629786602852122 13.487665881519055 15.124010434453536 13.051157530686517 14.40412523099144 17.715215326788986 17.010087790457533 17.72889405368476 15.891954546217884 11.021520334037493 1.0 1.0 1.0 1.0 1.0 1.0 1.0 1.0 1.0 1.0 1.0 1.0 1.0 1.0
1.0 1.0 1.0 1.0 1.0 1.0 1.0 1.0 1.0 1.0 1.0 1.0 1.0 1.0 1.0 1.0 1.0 10.332083784278622 16.69495483662277 17.883490328498493 18.326929474422485 18.303165589736373 22.235370700660187 22.73866248955339 21.24063949904928 20.05835594356581 20.024099096983225 20.135052032600832 19.122657257259398 6058.303348270986 26110.574233911844 4.22846554317241 8.555449137530736 11.816172565533867 12.210801816926827 11.935855929426946 13.964938031276457 16.625802816263942 15.32816966379653 15.47057006175464 16.468219749067487 10.257510257171699 1.0 1.0 1.0 1.0 1.0 1.0 1.0 1.0 1.0 1.0 1.0 1.0 1.0 1.0
1.0 1.0 1.0 1.0 1.0 1.0 1.0 1.0 1.0 1.0 1.0 1.0 1.0 1.0 1.0 1.0 9.362528828459102 15.09460397913623 16.965926552856182 17.56362095615106 20.243445160845926 22.558657041096353 22.303840208792938 21.30896855240855 20.20170798475645 19.571290190521275 23.720734287297304 26.089437641093134 17.399428568555546 28961.695674488547 2.319398032937927 4.369836765171096 8.028938015827993 11.278144677360281 11.08212643028889 10.667325026331612 13.088680549622705 14.18273828374053 13.786224924442287 14.444937929068763 17.071516042304516 9.311027740962537 1.0 1.0 1.0 1.0 1.0 1.0 1.0 1.0 1.0 1.0 1.0 1.0 1.0 1.0
1.0 1.0 1.0 1.0 1.0 1.0 1.0 1.0 1.0 1.0 1.0 1.0 1.0 1.0 1.0 8.255837992462613 13.869830362452998 15.238155262971265 16.80296349498374 18.35057211883914 23.92483637760532 26.702645694291615 24.02254647354071 23.097652564140525 22.92778816256298 22.541959038121476 22.89543040647953 23.855117484655928 14196.161842192476 21849.058100658687 4.839095838949562 4.480257817161789 6.5625907276189945 10.829802122584939 11.33270360260178 10.589181242087099 12.058479754446688 10.446168296405972 13.483503961820041 12.880597177586946 17.127976421962657 10.175224856283792 1.0 1.0 1.0 1.0 1.0 1.0 1.0 1.0 1.0 1.0 1.0 1.0 1.0 1.0
1.0 1.0 1.0 1.0 1.0 1.0 1.0 1.0 1.0 1.0 1.0 1.0 1.0 1.0 8.140427496175171 12.67383771329329 15.18411381974668 16.483284035497903 17.48285321410303 22.33329767139891 29.519325897001373 29.219020003010126 25.49515244037657 21.623988051632548 19.865123329209368 20.017809355942568 22.17274337075608 27.73784033911983 28891.73054229374 9.44957052546105 8.27616614602496 5.434856908197521 6.526778207901993 10.218361990335824 11.105872902792225 10.620923727825364 11.387640328040323 9.932619219458894 11.1614485131158 11.876107490101381 13.612074568680972 10.4504383405332 4.3555172950563295 1.0 1.0 1.0 1.0 1.0 1.0 1.0 1.0 1.0 1.0 1.0 1.0 1.0
1.0 1.0 1.0 1.0 1.0 1.0 1.0 1.0 1.0 1.0 1.0 1.0 1.0 8.09642817756127 12.605564067438724 14.450900032603503 18.9488827473514 23.875819925655488 25.663351582067108 29.694641834818924 33.229408419388754 26.904139140450486 22.40340254016967 18.233719332446103 16.40015157347388 16.565344703029186 17.067505799800816 21.97850766464295 28860.32317488058 6.729072801537272 11.094750866581363 6.996951166297261 6.723040260924741 9.641464758192773 11.291925754945646 10.684868765970231 10.706530059516837 10.347132530541174 10.121191247701542 10.819125001963368 9.669258005117547 7.984744716545549 4.465196533817094 1.0 1.0 1.0 1.0 1.0 1.0 1.0 1.0 1.0 1.0 1.0 1.0 1.0
1.0 1.0 1.0 1.0 1.0 1.0 1.0 1.0 1.0 1.0 1.0 1.0 8.040427432712903 12.626649615425405 13.515296776299275 16.001771418842566 23.582561736214643 25.976423213856446 30.682966468361865 34.949099097083284 30.410817678660713 18.737180326587406 13.49495083466994 12.24076163760769 13.747955059870694 15.273709473962132 17.481321414153538 20.386732632032768 28831.148613642254 6.370149307464848 9.923310009764082 8.310355486975858 7.457374499487672 9.277982964270468 11.358562244943846 11.030019545216184 10.416463848381541 10.492049387861194 10.33362351455078 9.457139289082773 8.515479137639124 7.069191906908206 4.080068857551612 1.0 1.0 1.0 1.0 1.0 1.0 1.0 1.0 1.0 1.0 1.0 1.0 1.0
1.0 1.0 1.0 1.0 1.0 1.0 1.0 1.0 1.0 1.0 1.0 7.959183479638197 13.539107374915229 13.211447615937722 13.270291948445934 16.905771735977822 24.11235543850476 23.598541512684132 29.599968828697737 33.592404006736196 25.254829323733524 16.946012003567454 9.411821200265836 11.369603139106292 15.951251370421058 19.57944241075241 24.231910375172777 27.61679363027491 28806.001267677104 5.415498216465428 7.282796328535118 8.162206218863323 8.358198465107689 8.972727536080471 10.449896658851365 10.737773500916651 10.215583238998729 9.960478619731418 10.067254623841508 9.013874701055036 7.586212999456596 6.389096991256792 3.852221132047579 1.0 1.0 1.0 1.0 1.0 1.0 1.0 1.0 1.0 1.0 1.0 1.0 1.0
1.0 1.0 1.0 1.0 1.0 1.0 1.0 1.0 1.0 1.0 8.764650140053373 13.36388099778052 14.208817731005956 12.705052820046939 12.223587851956081 17.586753057381227 29.829217150485135 36.189095518729104 43.292969387658005 40.71121069533674 31.231897056362776 31.416587391255202 25.638904469684405 24.15818101143821 28.57375159784336 33.737819179922404 52.25534362069795 54.854686172079255 28768.883919486565 4.690552336225252 6.046851239929812 7.271924814292733 8.035640559606748 8.408037780386074 9.402025972895933 10.344901802841767 10.135074117488134 9.010444949645752 8.572581567272806 8.86165552847404 7.977198093428869 6.093363031921558 3.630029626974378 1.0 1.0 1.0 1.0 1.0 1.0 1.0 1.0 1.0 1.0 1.0 1.0 1.0
1.0 1.0 1.0 1.0 1.0 1.0 1.0 1.0 1.0 10.657388814935889 13.761456333637032 13.65106770795643 12.851079590075207 12.518404843148154 14.766911163148364 30.16212194564954 59.934068261480526 68.35941229911589 65.01756744308109 53.46434069997622 47.98185805051331 51.29685846589545 52.98796758909932 46.658017415774786 45.868865478047304 46.942247191964974 55.94558233825925 29.77662686434044 22123.183711865484 14139.511536845988 5.477422044865687 6.328716000953006 7.3685501469378405 8.018102761656476 8.373636447239605 8.597559367034306 9.237569539986186 9.588434146651073 8.726963255118779 7.61168912046052 7.278004792824526 6.2672382676384 3.6765538080738662 1.0 1.0 1.0 1.0 1.0 1.0 1.0 1.0 1.0 1.0 1.0 1.0 1.0
1.0 1.0 1.0 1.0 1.0 1.0 1.0 1.0 13.405686757177905 14.745646148355263 13.897554985329277 11.980756863777474 10.68012609861874 11.871290319277303 25.978614872417594 63.68696569772762 90.7811639381506 81.89608590297759 62.52278618941193 49.413002118011775 49.61151597622479 55.54987594923958 61.34052946409883 58.474755472472935 55.2664652910389 54.40327609413627 58.934437214843996 423.1424392307722 1.0849504351776735 28263.07797794299 3.9926880700016043 5.011925508980305 5.877076650432104 6.671993928559694 7.734374123872335 8.518037565116769 8.53696173727212 7.8408116091738025 7.361234891458726 6.510372129201836 6.116267508815096 5.886853365396124 4.115666393386649 1.0 1.0 1.0 1.0 1.0 1.0 1.0 1.0 1.0 1.0 1.0 1.0 1.0
1.0 1.0 1.0 1.0 1.0 1.0 1.0 17.80383020494773 22.183097039207194 18.33306394058147 16.762294241645016 14.175524928340831 12.028240044422773 18.68927773099289 53.40969248448258 91.84393656814325 72.30640787910802 44.94253973065142 34.825423183266444 36.571425629963514 40.526568757557534 45.70936179950638 48.10413903518099 50.60188710288953 50.417294795821086 53.25398125815495 59.46468567291879 366.4056046511567 1.6551438826438192 28257.997899966747 2.820508702931311 4.03506031786103 5.197716887874261 5.971556643555784 6.539255179399516 6.839928739374962 6.8391770605548095 6.637630977113872 6.1488514047301415 5.56227490546872 4.924116094538149 4.626492650341933 4.117680605716198 1.0 1.0 1.0 1.0 1.0 1.0 1.0 1.0 1.0 1.0 1.0 1.0 1.0
1.0 1.0 1.0 1.0 1.0 1.0 24.986726558194263 33.18661101670984 26.076448365984223 23.47742389601097 24.225134950901353 26.76137795301831 28.306482203608695 41.121455994561366 74.21644192921744 82.04960781066049 53.43497537166235 28.043083252267444 26.281446593430136 31.548585029452024 38.91136498089192 43.86432469984784 43.77809396585489 39.35999544211333 40.46354909014573 44.784280968175125 54.00621133642893 314.1442827029103 7.785936783715703 21995.684596309253 14123.365145566102 3.6117539891602846 4.247093812468481 4.694950326123961 5.378618533381825 5.518244981023595 5.346042258926594 5.125046959793706 5.082616790331061 4.804870939940175 3.943476336424702 3.602735601881443 3.5446698656343862 1.0 1.0 1.0 1.0 1.0 1.0 1.0 1.0 1.0 1.0 1.0 1.0 1.0
1.0 1.0 1.0 1.0 1.0 33.63572908158066 42.4375883711885 38.33515466438083 33.781466114021484 32.1322746682974 34.28753453690761 42.459539821485805 56.347000487875334 70.15900187272965 88.2375703415376 77.15846173218348 55.314568403818086 38.940856841110694 38.762532224545296 45.43237167322806 54.81964363235193 52.875723168130406 49.15482852938554 28.941342126695968 28.870202919689923 35.391209774426684 55.895509938543086 255.61522039099177 35.75493146647224 1.0 28235.01271354857 3.439534309676735 3.521711935827149 3.7268356754459533 4.498998293324827 4.404166210785986 4.3117230325983655 3.989061638806768 3.864753545781132 3.822671309243221 3.537158404171749 3.024947322638794 2.0714213732259164 1.0 1.0 1.0 1.0 1.0 1.0 1.0 1.0 1.0 1.0 1.0 1.0 1.0
1.0 1.0 1.0 1.0 37.75538052419221 42.74359567851103 32.982665628785995 27.585786698568256 29.104752401761914 34.47113390796519 43.18651247053968 52.68506982107891 69.57516759552578 88.7156548004641 94.62053463075895 83.7418164386557 73.05713278677207 64.46965129249996 75.49480923435202 81.12341682544202 76.36181819633029 68.82465293631031 74.35530257534236 42.343550455869405 34.08940015964348 50.436421972504775 86.47392693623651 201.2014350603633 42.89913261939621 17952.062732911014 19254.623681403144 3.1455685342143753 2.918870283580875 2.915662138705773 3.2095829732012 3.3275162502118842 3.455272104288886 3.313530860242633 3.172226921988744 3.2921629754304886 3.2170800932474646 2.2688201128756296 1.0 1.0 1.0 1.0 1.0 1.0 1.0 1.0 1.0 1.0 1.0 1.0 1.0 1.0
1.0 1.0 1.0 33.9554112747031 41.26333082525137 28.961387217142605 22.2445105224575 22.061505814623285 25.315945321143325 31.754372368286756 40.658527321821204 51.02438467932072 70.06871031470094 88.10821367136951 85.21997989561187 81.07037580304133 80.687967914415 82.11455942248489 89.7595518050246 80.64295938850809 69.18005320859672 74.47975665155451 103.93804756366676 100.86995999580616 81.00216379566186 96.02688013749253 115.27596803237591 146.05252613980093 53.500501271769025 28190.924995405996 3.279886304012401 3.286120726944681 2.81460781342846 2.594005854427307 2.6077005058414895 2.7233065573297854 2.798738110333727 2.611362490749973 2.9348007433718353 3.122838079273442 2.287599141852684 1.0 1.0 1.0 1.0 1.0 1.0 1.0 1.0 1.0 1.0 1.0 1.0 1.0 1.0 1.0
1.0 1.0 27.86680881709138 36.77865646596146 31.022209102933793 23.28114921007314 20.670135235941174 22.382947281147743 27.108209815493407 34.463924018203095 41.19580047159417 50.643536906283444 69.0965280076449 77.33471315325681 74.67982421067946 75.33242233359795 74.87909611093528 70.6453467336986 57.35580887728913 49.64434491866584 51.646754799067196 63.81632766541779 99.29990606266102 139.38701672437017 137.7905900201336 129.04752559638274 117.92757691470919 110.25088522646284 68.60271119197765 28149.621498628043 4.289691174569068 3.8854609937511815 3.476130282031082 3.121198957929017 2.6915232795138926 2.397896822082212 2.2825431426186538 2.2879671457762094 2.5738485144740166 2.7564424752682077 1.0 1.0 1.0 1.0 1.0 1.0 1.0 1.0 1.0 1.0 1.0 1.0 1.0 1.0 1.0 1.0
1.0 22.858170410550297 36.131266909644665 32.450890441758844 28.551456219741297 25.133737585264306 25.018831602829543 28.599049505973145 36.904234974172724 45.59485408792435 55.142187461566664 63.42249711034663 77.3187557359781 81.24564848622491 80.86523615863301 74.31168752791542 69.66588030540568 58.16761092418269 47.19033259816515 48.00346460523774 58.472332141411364 76.87502203817094 88.22077927139821 93.40633282395665 113.70298704445479 110.55083066730006 102.44332720548559 90.98584941324879 48.546755593065605 28106.28054874181 5.932506726022083 4.667031429584876 4.326265831715541 3.9022053873164735 3.125777440677486 2.4342638432790817 1.9847681481226256 2.0118147610006147 1.9556605919113503 1.5287057256812355 1.0 1.0 1.0 1.0 1.0 1.0 1.0 1.0 1.0 1.0 1.0 1.0 1.0 1.0 1.0 1.0
29.057584021975863 37.85912741365584 37.98290173603291 33.00790202776258 30.639987293520605 29.726588471817536 31.987124730072548 38.754107838568025 50.36630611007718 63.02619690164247 77.08865510061315 87.55282724696086 94.27750707158191 91.87194910095569 88.72936583884122 82.56419881214673 83.95096538516131 86.83891759151605 95.56138528207599 101.30010346235318 105.42587757907984 109.49305804589164 105.74959195311486 100.37797274284598 91.06246794998191 79.15719435607511 78.62910228963585 82.16642168460272 8785.011359472985 23687.2562656437 6.4315281067530155 5.431230874027578 5.160372108267231 4.624671047238442 3.3764188258506436 2.50446739314925 2.018122245400269 1.865049812509729 1.7034134392654876 1.0 1.0 1.0 1.0 1.0 1.0 1.0 1.0 1.0 1.0 1.0 1.0 1.0 1.0 1.0 1.0 1.0
46.7107625907249 40.740203855732204 37.71060679155075 35.882352303979054 35.10571788283509 37.57181742077036 44.256324231222955 57.00534418734614 69.06080454805556 83.30130312731801 99.09877468777529 113.1760673133473 109.94783072282515 99.31720294793166 112.02497671977503 144.31035054113812 158.07144887971353 160.24656955141776 165.63074268469705 161.0917566585541 137.1329387177135 125.34049832054403 126.79532600098824 123.15363326867067 114.34918878363153 73.88410467955744 74.84260927590815 102.25548248848503 27979.32568733396 3.1808766124242176 5.604831856139431 6.325540905775418 6.199205106490361 4.913442853047001 3.9384194355625652 3.121419043990877 2.12079290078677 1.668437003382021 1.318290162610967 1.0 1.0 1.0 1.0 1.0 1.0 1.0 1.0 1.0 1.0 1.0 1.0 1.0 1.0 1.0 1.0 1.0
35.20108216621903 33.318574535657085 36.63553345791336 38.922074791063324 42.72485526361982 52.82716023968285 64.73505083707634 79.38285515201669 83.23218734120196 91.53330820518258 115.80742180683406 123.2192351077694 117.88717689886872 116.32672889523907 163.54798530216348 165.62680177687434 124.12872061692033 103.05484295094496 101.74925502985124 102.61303581723433 109.4601210519453 118.58495691940966 152.3548208409244 171.15260084950523 185.04044364641933 153.66097729176437 138.12627409988482 167.78205713633278 20953.626751560176 13821.149335069227 6.425640693177867 7.911015485600412 7.412956826848488 5.6796633703819985 4.690125386619947 3.309314827811616 2.212456770519067 1.5659531591268923 1.1061258733503603 1.0 1.0 1.0 1.0 1.0 1.0 1.0 1.0 1.0 1.0 1.0 1.0 1.0 1.0 1.0 1.0 1.0
