taylor_setup_files/outputs/scen0_calibrated_taylor_28yr_base_handCalibrated/FACC_taylor_Dredge_EEX_Flat_10m.asc
ncols 280
nrows 300
xllcorner 555200.0
yllcorner 5259500.0
cellsize 10.0
nodata_value -9999.0
[rows 175 to 199 of 300, columns 56 to 111 of 280]
1.0 1.0 1.0 1.0 1.0 1.0 1.0 1.0 1.0 1.0 1.0 1.0 1.0 1.0 1.0 9.889665172753187 14.21877125461544 13.281786160065431 10.96701423563768 10.5778847145644 11.053877971810204 9.743735370031853 7.719546094762965 5.991129872265823 4.343997103481404 4.746082377741193 6.725363308154825 10.869795519673856 13.562840629977487 10.777418816298361 6.761640539236952 4.704295948532713 3.0447932486226628 2.143363356050109 2.1410672839425313 3.0932264929292472 4.133734132190517 4.889626585363132 6.084385713651504 6.753817461491581 7.091111416336388 7.27583949381108 7.527290803837908 7.707645831436329 8.287046446109139 8.667720641446566 9.838709802245305 10.2685270944562 9.786980172308125 9.003964988109509 10.55205028418951 13.24009697321799 17.491370191707674 22.32298781142755 27.94389154481072 34.0701569022357
1.0 1.0 1.0 1.0 1.0 1.0 1.0 1.0 1.0 1.0 1.0 1.0 1.0 1.0 1.0 1.0 9.469382788435261 13.051853457357982 11.792780320941185 10.811327357183902 10.99419950527353 10.484187907411771 8.670592968630627 7.119179291869286 5.65359607973857 5.272842086952554 6.137198163896892 8.202153742866438 10.0956422932019 9.265082050291753 6.72494122665013 4.737278607366609 3.185727186797378 2.165518502338011 2.6178303232211353 3.4579371795362484 4.225230675992864 4.879844086079187 5.773105267280429 6.133363386249826 6.748044937180357 7.06008187187935 7.232826819273589 7.272714425062507 7.693177443318725 8.445232050937657 10.067985589043092 10.965062303525535 10.763989437033375 12.129964967673743 14.382000902860462 18.61167928322702 23.27762222925482 27.337689246711918 32.46115319218053 34.332123172066886
1.0 1.0 1.0 1.0 1.0 1.0 1.0 1.0 1.0 1.0 1.0 1.0 1.0 1.0 1.0 1.0 1.0 8.419795124813463 10.266216079416656 9.485964136826507 9.524461298517464 9.810343437682203 8.729599664150376 7.813410675304402 6.6645538151157435 5.568115607477767 5.694724702572158 7.1927078754962235 7.590331473896731 7.006804970833277 5.738409620913976 4.301081941737037 2.8719484273539218 2.642350886568482 2.4396608787348604 2.941607779370713 3.6754453726914837 4.26688772499388 4.71883901545466 5.52035122640006 6.1770735533142345 6.7191960204470345 7.011580673807879 7.463685783450794 8.02588475389668 9.199333220796092 10.828973479733168 12.232428580796899 13.629234413475462 15.796859907195683 19.287281502752016 23.211121295251434 27.847441228206918 30.738225437709083 33.29227433933431 31.27617359772527
1.0 1.0 1.0 1.0 1.0 1.0 1.0 1.0 1.0 1.0 1.0 1.0 1.0 1.0 1.0 1.0 1.0 1.0 7.098028031302357 8.450777294694415 7.608227849611034 8.331069348016433 8.005835074188797 7.856213289348182 7.266131411223437 6.236125417591158 5.508781558879382 6.100190913710168 6.197768753669635 5.873074436194658 5.375236360394963 3.876587683049537 2.5516533149055824 2.480119156289926 2.243583412284012 2.550484266406632 3.282252821440654 3.9273776252698798 4.569105796270461 5.51581969570037 6.504845800131548 7.267555476366159 7.922539819589238 8.434057791094554 9.67114305512775 10.57137716097219 12.599744623590583 15.075170351264571 17.63933086822382 20.33965250240548 25.212664249764508 29.203492593763677 32.081665725673204 32.798944514670026 31.802086683481953 28.62130709430943
1.0 1.0 1.0 1.0 1.0 1.0 1.0 1.0 1.0 1.0 1.0 1.0 1.0 1.0 1.0 1.0 1.0 1.0 1.0 5.396909659885166 6.173074573848127 6.120176122197149 6.390434575915513 6.775422123414627 6.603268727333356 5.915099981637744 5.398752760766678 5.389792847684241 4.548608365505953 4.419645179793784 4.788249594927296 4.172771326895648 2.229510850122038 1.789177290666393 1.7691403715352185 2.126163831821367 3.1017342300873847 3.8636894869955385 4.933352733128002 5.909115327882775 6.892658722397513 7.549661910356189 8.33973554473512 9.164158486618915 10.355009067907664 12.560709117232829 15.619982638650097 19.46503726904069 22.79523213392318 26.20889560583793 29.042400445224473 31.12022628146053 32.72421345253906 31.117270038941296 27.628570509552336 23.792624016239916
1.0 1.0 1.0 1.0 1.0 1.0 1.0 1.0 1.0 1.0 1.0 1.0 1.0 1.0 1.0 1.0 1.0 1.0 1.0 1.0 3.970802030267228 4.3294077994392195 4.603251904259039 5.3270049699633 6.395345763784695 6.309929956766858 5.310461961685041 5.059312461003419 3.775775647643094 3.3328295002414134 3.437160099177346 3.3952949203063456 2.7696870798150988 1.3984971000865098 1.6028877424046757 2.2824055575182056 3.0863717117849605 3.8490043669813705 4.777441657747293 5.906056154730732 6.725170386540622 7.632880009269421 8.753477220193334 10.625610150532678 12.467266455796484 16.668753069908437 20.494994112857164 23.335941966471605 26.008051788042525 28.188703766245055 29.118502711965256 28.248731071510875 26.901215104840347 25.19171297583179 22.80498003415272 18.952907859456456
1.0 1.0 1.0 1.0 1.0 1.0 1.0 1.0 1.0 1.0 1.0 1.0 1.0 1.0 1.0 1.0 1.0 1.0 1.0 1.0 1.0 2.2369235540736288 2.469641939232553 3.322061085002937 4.553095018381334 7.363895299045183 5.978671932989329 5.002944288979985 4.050250126785266 3.229716406799439 2.7464787823856525 1.750510488751514 2.224152589012183 1.4167563528568148 2.042994037999552 2.8290746598843675 3.488001659140709 4.2283750621663465 4.9826928925888385 5.928756407078592 6.985656027596952 8.668239943257909 10.502732186594153 13.14062167651435 17.501707125688156 21.796861848134444 24.9276465056751 25.741999127740662 27.276057154227566 26.317233772247807 24.881515544905017 22.85352663547801 21.510512535992287 19.44254014951686 16.422353705750997 13.68179610237536
1.0 1.0 1.0 1.0 1.0 1.0 1.0 1.0 1.0 1.0 1.0 1.0 1.0 1.0 1.0 1.0 1.0 1.0 1.0 1.0 1.0 1.0 1.0 1.0 1.0 1.0 5.715816912056638 4.891191274400869 4.152075311406671 3.573175451523685 3.2552589852149985 1.7670378273594924 1.3709148326371956 1.3440608541429364 1.9889125248972723 2.960887511989358 4.173713515268743 5.204699360434095 6.027223146339804 6.649297841777877 8.225728101043682 10.288200750658008 13.270525348568155 17.376911566370996 22.30727385212704 24.719873180117382 25.454352826287955 25.40338545900189 24.250865915608873 21.981737719221265 20.176806417921693 18.657195084142366 16.724713516060607 14.254623348715032 12.810025350276023 12.081229591005874
1.0 1.0 1.0 1.0 1.0 1.0 1.0 1.0 1.0 1.0 1.0 1.0 1.0 1.0 1.0 1.0 1.0 1.0 1.0 1.0 1.0 1.0 1.0 1.0 1.0 1.0 1.0 3.112474498428637 3.451578099902097 3.1014173119042536 2.479111320224147 1.5978753447908947 1.165941410160532 1.369185155248935 2.1706403770884535 3.400997091072675 4.9193591509831345 6.38243359862153 7.683152369097192 8.724314277206465 10.60500409462368 12.75799097467426 15.245409185289748 18.278418944213545 19.91597814138122 19.543636280472477 19.086902934104607 18.39321663042891 17.29508674005741 16.259501521867957 15.593783991433673 14.55824778132011 13.029867477156278 11.180497822123257 10.93723836109054 10.931474625475024
1.0 1.0 1.0 1.0 1.0 1.0 1.0 1.0 1.0 1.0 1.0 1.0 1.0 1.0 1.0 1.0 1.0 1.0 1.0 1.0 1.0 1.0 1.0 1.0 1.0 1.0 1.0 1.0 1.0 1.4409069087644708 1.3956351397914895 1.370324694216243 1.0 2.171845506936719 3.734517893109252 4.109092261635646 4.974360796049934 6.492161495917852 8.278850933682518 10.88346134716945 12.562049905416426 13.192389817203853 14.359570738694696 15.252824719873516 15.506495246996566 14.566723474625666 13.812128951760485 13.254591682632991 13.433769030828934 13.254600626053428 13.027334668781904 11.452023540104392 10.700827946944003 10.060086999081362 9.934440485332647 10.48690854445803
1.0 1.0 1.0 1.0 1.0 1.0 1.0 1.0 1.0 1.0 1.0 1.0 1.0 1.0 1.0 1.0 1.0 1.0 1.0 1.0 1.0 1.0 1.0 1.0 1.0 1.0 1.0 1.0 1.0 1.0 1.0 1.2243380758448523 1.2524573407865625 2.168118350505567 3.050451762301971 3.842628584924909 4.977093113348193 6.39520239681484 8.154973174335018 9.418973245680842 10.251829300839558 10.99575565210979 11.830779078761234 12.129855678186766 12.067968208180949 11.1460838857135 11.05611982851808 11.145043396829044 11.006342825596143 10.78591136222349 10.493732050861722 10.381458377357031 10.260617485418246 10.226124409455709 10.198090430237567 10.440190975927706
1.0 1.0 1.0 1.0 1.0 1.0 1.0 1.0 1.0 1.0 1.0 1.0 1.0 1.0 1.0 1.0 1.0 1.0 1.0 1.0 1.0 1.0 1.0 1.0 1.0 1.0 1.0 1.0 1.0 1.0 1.0 1.0 2.5716073889809343 2.625120899428601 2.8154302439568397 3.797262295340478 4.928070942661643 6.009468010547156 6.967649590499381 6.739695515711768 7.290894007825253 8.355885657506235 9.557354954288794 9.98984961416576 9.539477477498046 9.360818921942233 10.04035053918428 10.09147259241048 9.877771937670154 9.845348585488134 9.477564876009811 9.840518516776765 10.518410153230635 11.146542088401024 11.662949679564296 11.65356565808476
1.0 1.0 1.0 1.0 1.0 1.0 1.0 1.0 1.0 1.0 1.0 1.0 1.0 1.0 1.0 1.0 1.0 1.0 1.0 1.0 1.0 1.0 1.0 1.0 1.0 1.0 1.0 1.0 1.0 1.0 1.0 1.0 1.0597260273972262 2.562945950412634 3.409705523176737 3.731663652620566 4.345731262465822 4.974060097322979 5.369744519749557 5.63960507219019 6.419115767763648 7.100615209374529 7.702027666547886 7.770769746767201 7.800715606395207 8.349525066842823 8.599077901939047 8.291987313168491 8.340885792266278 8.543446031102354 9.118459438178695 9.979563190055382 10.694230261111871 11.755712206042238 12.971338730714741 13.719892445044772
1.0 1.0 1.0 1.0 1.0 1.0 1.0 1.0 1.0 1.0 1.0 1.0 1.0 1.0 1.0 1.0 1.0 1.0 1.0 1.0 1.0 1.0 1.0 1.0 1.0 1.0 1.0 1.0 1.0 1.0 1.0 1.0562195010714004 1.2530235586802794 2.0551427253768306 2.880458445709458 3.7297032115088102 4.313455602078248 4.626220511818339 4.811487881311589 5.024153033688959 5.559577861948803 5.938787459294572 6.390207572527999 6.729566735862136 7.201635320728974 7.60498110148903 7.401653118364925 7.412866517414125 7.63223706980848 7.974248330765176 9.436148322774738 10.285515252338113 11.120766235870146 12.407633828387024 13.405631611320464 14.194229275102558
1.0 1.0 1.0 1.0 1.0 1.0 1.0 1.0 1.0 1.0 1.0 1.0 1.0 1.0 1.0 1.0 1.0 1.0 1.0 1.0 1.0 1.0 1.0 1.0 1.0 1.0 1.0 1.0 1.0 1.0 1.0 1.661520355625297 1.9737960535484826 2.304705947240557 2.889015792868648 3.385916252521951 3.842807544062255 4.506329824587042 5.054528553968695 4.950412581515532 4.9563908615019425 5.450505141587574 6.0221997430748955 6.656556345342603 7.341699408717842 7.2455905334391755 7.265999601387609 7.2852428186272284 7.68501252920205 8.477744404481538 10.049438239585507 10.883397472333415 12.387628116053135 13.716338104396938 14.968123689524875 16.27113354265339
1.0 1.0 1.0 1.0 1.0 1.0 1.0 1.0 1.0 1.0 1.0 1.0 1.0 1.0 1.0 1.0 1.0 1.0 1.0 1.0 1.0 1.0 1.0 1.0 1.0 1.0 1.0 1.0 1.0 1.2660769435957149 1.1572382997490873 1.798542035091221 2.630707877558284 2.8368520347675314 3.203857715492039 3.426447113474654 4.083059245474245 5.02509788516457 6.017863023023333 6.318000250862372 6.374236582222312 6.450166882924095 7.029745237758572 7.477719337887918 7.871136858493024 8.505877313047712 8.83522140785204 8.976214687359578 9.31921896589365 10.2915611461965 11.100062628550782 12.46133077206073 13.93419981974387 15.279886255493423 17.54841127616539 20.455482006340628
1.0 1.0 1.0 1.0 1.0 1.0 1.0 1.0 1.0 1.0 1.0 1.0 1.0 1.0 1.0 1.0 1.0 1.0 1.0 1.0 1.0 1.0 1.0 1.0 1.0 1.0 1.0 1.0 1.794874604397269 2.268626576419943 1.8262566413273167 1.791036766937904 2.9967598505287345 3.906078354367114 3.7979636447778438 3.530672701712334 4.274522139282706 5.4176855136263775 6.65413330567338 7.798085093622585 8.739549627132412 8.72813103897955 8.621036783217969 9.065449312248157 9.465894478302252 10.209478627642294 10.991907250044422 11.499706366837074 11.759156641141917 11.85476737156293 12.425140900668836 13.3975233245319 15.099702425591008 18.215111666247434 23.647597300115308 28.347262623749426
1.0 1.0 1.0 1.0 1.0 1.0 1.0 1.0 1.0 1.0 1.0 1.0 1.0 1.0 1.0 1.0 1.0 1.0 1.0 1.0 1.0 1.0 1.0 1.0 1.0 1.0 1.0 1.3780228311874667 2.6464468046291567 2.8576915650601187 2.5383659001805903 2.24751930179235 3.092311730275443 4.4408188894757865 4.579954528847457 3.8528552255836668 4.0389337463752675 4.808617241024881 6.1347829826494635 7.8057918109321545 9.479077529810448 10.328472123215489 10.295315091118859 10.23004365339499 11.044263716739788 11.181795249226516 12.32874520510747 13.332667015886127 13.715917311588772 13.702423241219304 14.29963286914564 15.16891844481881 18.44758195021933 23.864010525460444 28.567094159291024 30.534773283399378
1.0 1.0 1.0 1.0 1.0 1.0 1.0 1.0 1.0 1.0 1.0 1.0 1.0 1.0 1.0 1.0 1.0 1.0 1.0 1.0 1.0 1.0 1.0 1.0 1.0 1.0 1.4213425429697675 1.0 3.4616633790725437 5.517933135056233 3.5962143578196906 3.902104424357596 4.6154783315050585 4.328623382862457 4.78477040107256 4.659424045553109 4.260565301181929 4.549921019355923 5.253155683237503 6.214663026226255 7.903572850628338 9.730885290574912 10.832124157610256 11.001965696034626 11.843840585918654 12.75127109780043 13.569784067774568 14.289856166956532 15.155245608472205 15.963642826698424 16.47043807446435 17.95568230138972 21.600440673833464 23.992508703786484 24.580660144613134 25.444998194910102
1.0 1.0 1.0 1.0 1.0 1.0 1.0 1.0 1.0 1.0 1.0 1.0 1.0 1.0 1.0 1.0 1.0 1.0 1.0 1.0 1.0 1.0 1.0 1.0 1.0 1.4125727614255414 2.140887228355541 2.5724200519044738 2.4798188266878056 5.217631203064804 6.620547460629918 5.518522331485945 6.260455690619449 6.23185066929569 5.270433960547403 4.7138757288883095 4.622099980459626 4.616115501888702 4.741714620288542 5.20107263693199 6.373799298086816 7.920883892728757 9.988947980314459 11.390393002194545 11.824744789135814 13.132678985318302 13.705863342898285 14.704970509127218 15.909929446935239 17.008463777073842 18.619569156249746 20.044275229055227 21.47928862466353 21.179108765753917 20.811141351925876 20.634048181504912
1.0 1.0 1.0 1.0 1.0 1.0 1.0 1.0 1.0 1.0 1.0 1.0 1.0 1.0 1.0 1.0 1.0 1.0 1.0 1.0 1.0 1.0 1.0 1.0 1.0 1.7241128888738853 4.049808010578748 4.604920470968938 4.619440868507464 5.270164244756648 6.768623770906892 7.195867299680906 8.132751634502421 7.7347069448784955 6.038225293618241 5.689103355282837 4.805658850599269 4.364764226983507 4.7419767952150185 5.254185918538256 5.477087129987098 6.282517183342607 8.203803205841044 10.097171293734167 11.686058560690324 12.766301231157874 13.998102670452655 15.087751915641315 16.216318421004452 15.910520457726841 16.88227131323081 17.87015390694919 17.791865507260713 16.67442849014878 16.72525368688214 16.030617912465203
1.0 1.0 1.0 1.0 1.0 1.0 1.0 1.0 1.0 1.0 1.0 1.0 1.0 1.0 1.0 1.0 1.0 1.0 1.0 1.0 1.0 1.0 1.0 1.0 1.2641256207220657 2.4845585379991557 1.6462793379765708 5.142902136970476 6.884728183178948 6.861304363899249 7.2769934140749015 8.629909790288718 10.358273164243155 8.551450921743392 6.496559719518364 6.001672287119575 5.295039445842896 4.4046522375413435 4.523250286559401 4.93892581762972 5.492695025362229 5.885470111544822 6.803291780846459 7.868486699281448 9.658114922466787 11.113654327691432 12.77360645517366 13.780149586682366 15.08879715059876 16.39338523457911 15.611728353545562 14.977240845130153 13.93869416611407 12.874967081522563 12.187445511817135 11.208345467710556
1.0 1.0 1.0 1.0 1.0 1.0 1.0 1.0 1.0 1.0 1.0 1.0 1.0 1.0 1.0 1.0 1.0 1.0 1.0 1.0 1.0 1.0 1.0 1.0 1.0865961759957585 1.6142881698259766 3.7567315345525105 4.457660445485157 6.830738431626224 8.972959634565294 9.746206564274713 10.532985196187648 12.557083714640784 10.416301335970992 7.99934429848649 6.003930620954627 5.533252999753854 4.915618362229086 4.926026012553698 5.063628161441052 5.513588681720163 5.837156056320283 6.404904473041687 7.307418161858474 7.966676791934006 9.476414325915245 10.787635581393054 11.86992629791597 12.889975490129704 16.0411132333478 16.75404245230233 15.936918991576876 14.97116457586938 12.12786327587257 9.937961594537414 7.862040730276009
1.0 1.0 1.0 1.0 1.0 1.0 1.0 1.0 1.0 1.0 1.0 1.0 1.0 1.0 1.0 1.0 1.0 1.0 1.0 1.0 1.0 1.0 1.0 1.0 1.6438650700983028 1.9690134844355494 3.4753347054509955 5.474888607808756 7.679027205767249 9.637482340324835 12.700205445225773 14.776265803484286 14.872916802240876 10.194366241380612 8.795137506893377 8.089143935868385 7.176828836977308 6.046361816362412 5.263729461774271 5.154654632297252 5.740073620267211 6.393317769600817 7.085779600917259 8.312361059909747 9.375361600716989 10.213488241139984 11.336959164869537 12.312558093687047 12.863295549916655 13.318178921601163 16.798171737715876 18.476526016183833 18.514798162276016 15.680632928159561 11.725461554171487 7.887563222002569
1.0 1.0 1.0 1.0 1.0 1.0 1.0 1.0 1.0 1.0 1.0 1.0 1.0 1.0 1.0 1.0 1.0 1.0 1.0 1.0 1.0 1.0 1.0 1.0 1.8825623570721186 3.22538764024293 4.338230263493739 6.3275985502610705 9.264571874174951 11.261511948682973 13.10027144712436 17.13708979889291 21.4470260020674 15.55836095640229 9.712393716870345 8.61943809822916 8.548534813047786 7.793496595050994 7.011583074796184 6.578525221205628 6.8446197572130725 7.6849626529260275 8.685100390528403 8.403467483795271 9.007474417179255 9.667077760395982 11.15023824597359 13.24543518597073 13.835497997228812 13.889703193130144 14.25800709004951 17.71946246745891 21.26281427197482 22.5947155810214 19.044252975790766 14.507192931135943
