z_partial_results-scen0_calib_server_taylor_infAll_v2_2004-2009/partial_results-scen0_calib_server_taylor_infAll_v2_2004-2009/SID_taylor_Dredge_EEX_Flat_10m.asc
ncols 280
nrows 300
xllcorner 555200.0
yllcorner 5259500.0
cellsize 10.0
nodata_value -9999.0
[rows 39 to 77 of 300, columns 89 to 177 of 280]
-1 -1 -1 -1 -1 -1 -1 -1 -1 -1 -1 -1 -1 -1 -1 -1 -1 -1 -1 -1 -1 -1 -1 -1 -1 -1 -1 -1 -1 -1 -1 27658 27707 27790 27862 27954 28085 28191 28234 28268 28318 28366 28442 28546 28621 28674 28734 28819 28973 29104 29164 29142 29181 29071 29046 29030 29016 29003 28984 28964 28934 28892 28833 28783 28746 28715 -1 -1 -1 -1 -1 -1 -1 -1 -1 -1 -1 -1 -1 -1 -1 -1 -1 -1 -1 -1 -1 -1 -1
-1 -1 -1 -1 -1 -1 -1 -1 -1 -1 -1 -1 -1 -1 -1 -1 -1 -1 -1 -1 -1 -1 -1 -1 -1 -1 -1 -1 -1 -1 27590 27627 27681 27770 27838 27916 28048 28161 28206 28229 28263 28339 28438 28548 28622 28672 28731 28813 28963 29094 29162 29132 29175 29056 29026 29002 28972 28946 28924 28887 28832 28770 28703 28652 28633 28629 -1 -1 -1 -1 -1 -1 -1 -1 -1 -1 -1 -1 -1 -1 -1 -1 -1 -1 -1 -1 -1 -1 -1
-1 -1 -1 -1 -1 -1 -1 -1 -1 -1 -1 -1 -1 -1 -1 -1 -1 -1 -1 -1 -1 -1 -1 -1 -1 -1 -1 -1 -1 27495 27554 27605 27672 27768 27859 27941 28034 28117 28157 28182 28209 28310 28433 28540 28618 28673 28728 28809 28945 29077 29161 29123 29172 29165 28994 28941 28894 28857 28797 28736 28643 28579 28542 28509 28507 28533 -1 -1 -1 -1 -1 -1 -1 -1 -1 -1 -1 -1 -1 -1 -1 -1 -1 -1 -1 -1 -1 -1 -1
-1 -1 -1 -1 -1 -1 -1 -1 -1 -1 -1 -1 -1 -1 -1 -1 -1 -1 -1 -1 -1 -1 -1 -1 -1 -1 -1 -1 27412 27467 27525 27597 27671 27765 27864 27960 28014 28075 28122 28147 28193 28296 28424 28534 28611 28681 28732 28800 28920 29054 29144 29102 29063 29150 28943 28868 28779 28713 28593 28516 28456 28418 28403 28400 28417 28440 -1 -1 -1 -1 -1 -1 -1 -1 -1 -1 -1 -1 -1 -1 -1 -1 -1 -1 -1 -1 -1 -1 -1
-1 -1 -1 -1 -1 -1 -1 -1 -1 -1 -1 -1 -1 -1 -1 -1 -1 -1 -1 -1 -1 -1 -1 -1 -1 -1 -1 27326 27364 27421 27480 27569 27656 27756 27852 27942 27993 28043 28093 28137 28188 28303 28419 28520 28626 28721 28761 28803 28899 29028 29098 29078 29124 29131 28880 28760 28605 28523 28432 28345 28274 28245 28249 28273 28321 -1 -1 -1 -1 -1 -1 -1 -1 -1 -1 -1 -1 -1 -1 -1 -1 -1 -1 -1 -1 -1 -1 -1 -1
-1 -1 -1 -1 -1 -1 -1 -1 -1 -1 -1 -1 -1 -1 -1 -1 -1 -1 -1 -1 -1 -1 -1 -1 -1 -1 27226 27265 27305 27358 27441 27521 27619 27725 27805 27906 27972 28011 28066 28127 28179 28277 28394 28506 28641 28764 28784 28818 28888 28977 29061 29064 29088 28947 28834 28675 28541 28426 28302 28210 28160 28149 28166 28190 -1 -1 -1 -1 -1 -1 -1 -1 -1 -1 -1 -1 -1 -1 -1 -1 -1 -1 -1 -1 -1 -1 -1 -1 -1
-1 -1 -1 -1 -1 -1 -1 -1 -1 -1 -1 -1 -1 -1 -1 -1 -1 -1 -1 -1 -1 -1 -1 -1 -1 27068 27131 27192 27237 27299 27379 27466 27562 27655 27747 27843 27909 27969 28032 28101 28159 28233 28356 28500 28635 28769 28801 28831 28879 28953 29025 29047 29072 28944 28823 28671 28532 28378 28218 28132 28111 28107 28116 -1 -1 -1 -1 -1 -1 -1 -1 -1 -1 -1 -1 -1 -1 -1 -1 -1 -1 -1 -1 -1 -1 -1 -1 -1 -1
-1 -1 -1 -1 -1 -1 -1 -1 -1 -1 -1 -1 -1 -1 -1 -1 -1 -1 -1 -1 -1 -1 -1 -1 26830 26957 27040 27113 27179 27254 27329 27420 27507 27613 27696 27778 27849 27913 27985 28062 28136 28211 28351 28496 28609 28756 28798 28826 28871 28937 29004 29034 29058 28958 28844 28701 28553 28383 28176 28092 28059 28051 28063 -1 -1 -1 -1 -1 -1 -1 -1 -1 -1 -1 -1 -1 -1 -1 -1 -1 -1 -1 -1 -1 -1 -1 -1 -1 -1
-1 -1 -1 -1 -1 -1 -1 -1 -1 -1 -1 -1 -1 -1 -1 -1 -1 -1 -1 -1 -1 -1 -1 26625 26749 26862 26958 27048 27133 27216 27291 27372 27465 27570 27659 27736 27794 27866 27928 28031 28130 28244 28372 28493 28597 28744 28795 28821 28861 28926 28985 29039 29045 28949 28872 28752 28590 28407 28168 28064 27996 27990 -1 -1 -1 -1 -1 -1 -1 -1 -1 -1 -1 -1 -1 -1 -1 -1 -1 -1 -1 -1 -1 -1 -1 -1 -1 -1 -1
-1 -1 -1 -1 -1 -1 -1 -1 -1 -1 -1 -1 -1 -1 -1 -1 -1 -1 -1 -1 -1 -1 26370 26528 26686 26803 26895 26999 27084 27173 27261 27330 27418 27516 27620 27701 27759 27819 27907 28015 28140 28267 28390 28486 28586 28738 28793 28828 28862 28919 28976 29037 28967 28939 28893 28806 28645 28452 28202 28046 27963 27931 -1 -1 -1 -1 -1 -1 -1 -1 -1 -1 -1 -1 -1 -1 -1 -1 -1 -1 -1 -1 -1 -1 -1 -1 -1 -1 -1
-1 -1 -1 -1 -1 -1 -1 -1 -1 -1 -1 -1 -1 -1 -1 -1 -1 -1 -1 -1 -1 26124 26216 26391 26588 26728 26834 26947 27054 27145 27229 27294 27362 27461 27561 27673 27740 27795 27870 27974 28109 28250 28364 28474 28578 28729 28796 28848 28881 28925 28966 29035 29032 28942 28914 28866 28717 28517 28255 28044 27936 27886 -1 -1 -1 -1 -1 -1 -1 -1 -1 -1 -1 -1 -1 -1 -1 -1 -1 -1 -1 -1 -1 -1 -1 -1 -1 -1 -1
-1 -1 -1 -1 -1 -1 -1 -1 -1 -1 -1 -1 -1 -1 -1 -1 -1 -1 -1 -1 25836 25974 26047 26264 26479 26681 26797 26908 27023 27120 27201 27263 27320 27399 27496 27640 27728 27760 27787 27874 28002 28146 28294 28446 28558 28664 28782 28863 28901 28930 28962 28982 29029 28957 28928 28889 28775 28575 28315 28081 27949 27867 -1 -1 -1 -1 -1 -1 -1 -1 -1 -1 -1 -1 -1 -1 -1 -1 -1 -1 -1 -1 -1 -1 -1 -1 -1 -1 -1
-1 -1 -1 -1 -1 -1 -1 -1 -1 -1 -1 -1 -1 -1 -1 -1 -1 -1 -1 24405 25648 25805 25977 26175 26406 26621 26763 26879 26987 27083 27169 27253 27298 27336 27424 27575 27687 27700 27680 27738 27871 28029 28163 28341 28480 28588 28722 28839 28898 28932 28960 28979 29024 29021 28940 28902 28808 28628 28408 28143 27983 27881 27823 -1 -1 -1 -1 -1 -1 -1 -1 -1 -1 -1 -1 -1 -1 -1 -1 -1 -1 -1 -1 -1 -1 -1 -1 -1 -1
-1 -1 -1 -1 -1 -1 -1 -1 -1 -1 -1 -1 -1 21811 22060 22380 22858 23343 23805 24266 24858 25747 25939 26136 26349 26587 26729 26839 26944 27044 27134 27223 27266 27303 27357 27464 27582 27622 27630 27670 27773 27915 28058 28195 28374 28525 28630 28772 28870 28933 28971 28986 28990 29019 28948 28913 28835 28676 28475 28238 28022 27898 27821 -1 -1 -1 -1 -1 -1 -1 -1 -1 -1 -1 -1 -1 -1 -1 -1 -1 -1 -1 -1 -1 -1 -1 -1 -1 -1
-1 -1 -1 -1 -1 -1 -1 -1 -1 -1 -1 -1 21510 21717 22008 22335 22763 23224 23711 24191 24588 25693 25905 26110 26309 26526 26687 26787 26882 26986 27073 27156 27206 27238 27293 27368 27450 27509 27566 27635 27712 27820 27961 28089 28205 28411 28555 28687 28810 28916 28974 28991 28987 29017 28959 28921 28853 28711 28511 28291 28036 27901 27810 27774 -1 -1 -1 -1 -1 -1 -1 -1 -1 -1 -1 -1 -1 -1 -1 -1 -1 -1 -1 -1 -1 -1 -1 -1 -1
-1 -1 -1 -1 -1 -1 -1 -1 -1 -1 -1 21163 21414 21655 21945 22268 22601 23033 23515 24034 24454 25626 25825 26035 26227 26429 26594 26716 26816 26915 27018 27081 27121 27144 27205 27289 27376 27452 27514 27592 27657 27748 27869 27997 28088 28204 28443 28606 28771 28883 28950 28981 28992 29015 29011 28922 28843 28696 28502 28281 28030 27883 27788 27733 -1 -1 -1 -1 -1 -1 -1 -1 -1 -1 -1 -1 -1 -1 -1 -1 -1 -1 -1 -1 -1 -1 -1 -1 -1
-1 -1 -1 -1 -1 -1 -1 -1 -1 -1 20787 21073 21313 21586 21835 22133 22323 22692 23198 23786 24252 24659 25692 25886 26080 26289 26449 26628 26750 26846 26939 27015 27032 27049 27091 27184 27304 27405 27475 27540 27616 27682 27775 27912 28023 28079 28282 28528 28694 28814 28896 28956 28983 28993 29009 28915 28830 28667 28490 28259 28016 27856 27745 27678 -1 -1 -1 -1 -1 -1 -1 -1 -1 -1 -1 -1 -1 -1 -1 -1 -1 -1 -1 -1 -1 -1 -1 -1 -1
-1 -1 -1 -1 -1 -1 -1 -1 20200 20453 20714 21018 21243 21487 21704 21922 22097 22362 22879 23465 23961 24202 24477 25734 25964 26161 26339 26525 26685 26794 26885 26955 26969 26968 26997 27061 27208 27350 27445 27502 27559 27631 27702 27822 27964 28054 28154 28434 28599 28737 28815 28906 28965 28995 29006 28911 28816 28660 28479 28248 28001 27842 27723 27648 27610 -1 -1 -1 -1 -1 -1 -1 -1 -1 -1 -1 -1 -1 -1 -1 -1 -1 -1 -1 -1 -1 -1 -1 -1
-1 -1 -1 -1 -1 -1 19487 19908 20171 20429 20685 20961 21172 21361 21572 21760 21999 22260 22679 23181 23581 23862 24217 25628 25877 26083 26270 26456 26624 26741 26841 26924 26956 26961 26971 27000 27110 27288 27403 27470 27498 27535 27621 27750 27892 28010 28125 28349 28518 28623 28742 28852 28938 28978 29001 28904 28811 28684 28487 28252 27998 27833 27710 27625 27588 27563 -1 -1 -1 -1 -1 -1 -1 -1 -1 -1 -1 -1 -1 -1 -1 -1 -1 -1 -1 -1 -1 -1 -1
-1 -1 -1 -1 18927 19225 19470 20000 20294 20527 20706 20907 21062 21221 21424 21682 21976 22280 22627 23004 23317 23678 24174 25431 25824 26040 26233 26422 26582 26707 26808 26890 26962 27028 27046 27051 27101 27233 27349 27413 27439 27455 27526 27661 27803 27966 28094 28231 28393 28522 28644 28787 28897 28997 28999 28908 28822 28700 28514 28271 28018 27844 27709 27612 27553 27536 -1 -1 -1 -1 -1 -1 -1 -1 -1 -1 -1 -1 -1 -1 -1 -1 -1 -1 -1 -1 -1 -1 -1
-1 -1 -1 18602 18857 19245 19562 20146 20427 20630 20765 20854 20905 21036 21226 21571 21943 22285 22621 22912 23176 23623 24155 25396 25798 26016 26214 26396 26544 26673 26764 26831 26932 27056 27112 27125 27141 27203 27281 27345 27371 27402 27460 27577 27734 27902 28037 28129 28222 28413 28567 28741 28865 28980 28954 28912 28836 28719 28554 28329 28072 27880 27724 27615 27542 27518 -1 -1 -1 -1 -1 -1 -1 -1 -1 -1 -1 -1 -1 -1 -1 -1 -1 -1 -1 -1 -1 -1 -1
-1 -1 18109 18391 18780 19278 19634 20167 20417 20595 20648 20675 20717 20798 20941 21274 21762 22292 22611 22821 23059 23530 24128 25361 25781 25994 26178 26365 26486 26616 26714 26778 26867 27024 27093 27119 27137 27157 27209 27273 27322 27367 27409 27482 27634 27816 27980 28056 28106 28270 28501 28680 28820 28975 28968 28961 28850 28750 28587 28415 28152 27951 27757 27637 27555 27519 -1 -1 -1 -1 -1 -1 -1 -1 -1 -1 -1 -1 -1 -1 -1 -1 -1 -1 -1 -1 -1 -1 -1
-1 17633 17884 18166 18542 19048 19483 20088 20321 20412 20428 20439 20472 20533 20634 20966 21466 22068 22378 22583 22909 23424 24084 24771 25737 25955 26133 26300 26413 26529 26642 26711 26790 26901 27006 27041 27062 27104 27153 27219 27274 27328 27370 27422 27522 27714 27897 28019 28087 28212 28449 28607 28774 28873 28918 28927 28923 28776 28639 28484 28261 28065 27861 27698 27601 27537 27491 -1 -1 -1 -1 -1 -1 -1 -1 -1 -1 -1 -1 -1 -1 -1 -1 -1 -1 -1 -1 -1 -1
17160 17367 17626 17933 18269 18707 19258 19638 19999 20112 20137 20173 20222 20238 20297 20547 21021 21588 21955 22297 22725 23209 23795 24319 25573 25839 26022 26174 26323 26436 26524 26597 26658 26755 26863 26943 26995 27055 27123 27168 27217 27262 27307 27361 27436 27564 27766 27932 28040 28174 28389 28545 28655 28786 28876 28909 28917 28907 28702 28562 28373 28183 28028 27836 27695 27594 27493 27451 -1 -1 -1 -1 -1 -1 -1 -1 -1 -1 -1 -1 -1 -1 -1 -1 -1 -1 -1 -1 -1
16919 17175 17449 17776 18060 18398 18790 19202 19393 19545 19619 19678 19915 19953 20069 20218 20497 21019 21538 22045 22539 22976 23327 23844 24424 25695 25869 26042 26204 26329 26424 26478 26562 26665 26769 26876 26952 27033 27105 27136 27139 27178 27250 27314 27369 27459 27618 27812 27957 28105 28272 28454 28563 28685 28799 28882 28895 28900 28890 28646 28494 28322 28145 28000 27809 27665 27515 27417 27378 -1 -1 -1 -1 -1 -1 -1 -1 -1 -1 -1 -1 -1 -1 -1 -1 -1 -1 -1 -1
16632 16966 17301 17593 17790 18041 18311 18598 18852 19165 19276 19349 19403 19489 19613 19979 20213 20584 21110 21712 22261 22563 22739 23255 23925 24612 25708 25896 26071 26218 26327 26411 26485 26602 26710 26818 26918 27025 27087 27095 27079 27115 27196 27270 27327 27391 27497 27690 27839 27981 28135 28319 28472 28583 28723 28817 28875 28859 28878 28739 28594 28450 28289 28138 27934 27743 27543 27408 27337 -1 -1 -1 -1 -1 -1 -1 -1 -1 -1 -1 -1 -1 -1 -1 -1 -1 -1 -1 -1
16405 16788 17130 17382 17560 17781 17984 18134 18373 18669 18833 19055 19167 19284 19412 19621 20071 20329 20762 21358 21819 22089 22311 22855 23476 24136 24782 25764 25957 26112 26244 26337 26437 26550 26668 26784 26892 27019 27065 27066 27047 27072 27154 27228 27287 27347 27434 27579 27737 27872 28021 28180 28363 28503 28620 28755 28829 28856 28869 28864 28683 28543 28398 28227 28042 27802 27589 27415 27309 -1 -1 -1 -1 -1 -1 -1 -1 -1 -1 -1 -1 -1 -1 -1 -1 -1 -1 -1 -1
16250 16662 16983 17164 17276 17412 17545 17687 17916 18165 18377 18659 18813 19041 19244 19466 19726 20135 20525 20999 21401 21731 22139 22556 23137 23772 24316 25631 25837 26000 26131 26261 26369 26480 26609 26720 26820 26941 27014 27013 27003 27043 27118 27190 27252 27310 27381 27484 27646 27780 27908 28068 28224 28414 28544 28654 28777 28837 28847 28860 28740 28592 28465 28308 28120 27887 27644 27444 27300 27257 -1 -1 -1 -1 -1 -1 -1 -1 -1 -1 -1 -1 -1 -1 -1 -1 -1 -1 -1
16055 16478 16820 16933 16961 17010 17144 17327 17582 17855 18039 18317 18618 18814 19112 19343 19594 20080 20383 20745 21137 21535 21962 22386 22917 23509 24028 24652 25741 25899 26036 26149 26285 26425 26552 26678 26754 26824 26886 26927 26963 27021 27074 27152 27224 27280 27340 27432 27541 27699 27828 27971 28110 28287 28451 28571 28716 28805 28846 28855 28745 28615 28491 28359 28172 27948 27689 27469 27312 27241 -1 -1 -1 -1 -1 -1 -1 -1 -1 -1 -1 -1 -1 -1 -1 -1 -1 -1 -1
15749 16208 16482 16567 16559 16596 16771 17078 17325 17591 17826 18034 18310 18604 18810 19178 19455 19956 20272 20604 20975 21373 21784 22249 22700 23243 23762 24338 25618 25787 25935 26070 26213 26352 26481 26606 26683 26742 26801 26852 26912 26981 27045 27114 27181 27247 27308 27387 27478 27617 27758 27882 28009 28148 28335 28482 28624 28766 28827 28854 28754 28647 28527 28406 28223 28008 27744 27503 27346 27239 27188 -1 -1 -1 -1 -1 -1 -1 -1 -1 -1 -1 -1 -1 -1 -1 -1 -1 -1
15400 15814 16045 16142 16192 16274 16534 16825 17116 17375 17629 17879 18087 18339 18651 18932 19315 19666 20180 20534 20848 21238 21664 22083 22450 23007 23505 24082 24684 25704 25849 26007 26147 26292 26410 26523 26626 26695 26748 26805 26851 26920 27005 27075 27150 27218 27277 27348 27431 27546 27694 27807 27920 28057 28220 28404 28550 28686 28791 28842 28773 28678 28566 28448 28260 28050 27791 27547 27366 27230 27147 -1 -1 -1 -1 -1 -1 -1 -1 -1 -1 -1 -1 -1 -1 -1 -1 -1 -1
15005 15390 15626 15766 15882 16063 16321 16573 16881 17199 17461 17742 17942 18158 18393 18715 19185 19535 20082 20425 20752 21123 21465 21874 22287 22795 23264 23823 24381 25580 25778 25952 26102 26226 26336 26448 26568 26652 26701 26733 26781 26842 26933 27034 27109 27177 27245 27316 27390 27489 27628 27764 27865 27979 28119 28292 28469 28601 28759 28807 28802 28730 28603 28489 28320 28115 27853 27596 27380 27215 27086 -1 -1 -1 -1 -1 -1 -1 -1 -1 -1 -1 -1 -1 -1 -1 -1 -1 -1
14683 14990 15309 15495 15642 15860 16111 16375 16682 17023 17283 17517 17750 17973 18167 18509 18891 19356 19917 20289 20631 20945 21218 21630 22066 22519 23000 23542 24141 24735 25720 25894 26056 26169 26265 26362 26474 26586 26638 26667 26690 26756 26844 26966 27067 27146 27222 27285 27355 27457 27585 27721 27815 27925 28049 28186 28377 28539 28689 28785 28792 28751 28640 28521 28357 28158 27905 27633 27383 27175 27039 26991 -1 -1 -1 -1 -1 -1 -1 -1 -1 -1 -1 -1 -1 -1 -1 -1 -1
14400 14724 15016 15256 15440 15681 15936 16243 16518 16840 17127 17337 17555 17737 17907 18154 18523 19050 19461 20119 20432 20645 20824 21223 21747 22296 22764 23289 23905 24427 25624 25810 25990 26087 26153 26269 26368 26451 26507 26560 26608 26670 26732 26872 27016 27107 27189 27260 27332 27419 27530 27669 27783 27891 27992 28112 28283 28473 28627 28753 28789 28762 28648 28538 28380 28181 27929 27652 27389 27142 27009 26951 -1 -1 -1 -1 -1 -1 -1 -1 -1 -1 -1 -1 -1 -1 -1 -1 -1
14189 14495 14811 15084 15286 15526 15815 16098 16360 16649 16932 17182 17356 17472 17589 17782 18081 18559 19104 19528 20062 20271 20479 20879 21439 22040 22512 22999 23481 24129 24636 25699 25850 25966 26044 26127 26238 26338 26412 26461 26530 26599 26662 26786 26935 27070 27160 27231 27306 27397 27490 27623 27746 27860 27967 28069 28185 28405 28576 28712 28781 28767 28650 28551 28402 28189 27947 27663 27385 27128 26985 26936 26902 -1 -1 -1 -1 -1 -1 -1 -1 -1 -1 -1 -1 -1 -1 -1 -1
14013 14333 14612 14907 15152 15408 15640 15904 16203 16454 16739 17008 17131 17219 17275 17397 17632 17960 18421 18887 19312 19661 20210 20642 21171 21756 22262 22752 23131 23591 24085 24594 25666 25811 25928 26023 26122 26237 26330 26399 26458 26538 26610 26702 26849 27030 27132 27214 27276 27360 27462 27587 27713 27824 27937 28038 28141 28343 28535 28653 28747 28765 28657 28569 28427 28214 27970 27688 27386 27127 26979 26942 26897 -1 -1 -1 -1 -1 -1 -1 -1 -1 -1 -1 -1 -1 -1 -1 -1
13878 14172 14462 14731 14938 15205 15469 15732 15984 16264 16564 16792 16876 16909 16944 17024 17185 17396 17818 18266 18807 19417 20096 20503 20956 21542 22043 22507 22870 23216 23683 24205 24666 25694 25808 25951 26059 26162 26273 26353 26427 26498 26575 26651 26791 26972 27094 27176 27240 27325 27429 27538 27674 27797 27914 28020 28124 28293 28495 28617 28720 28758 28659 28580 28468 28262 27994 27697 27393 27124 26994 26954 26900 -1 -1 -1 -1 -1 -1 -1 -1 -1 -1 -1 -1 -1 -1 -1 -1
13759 14020 14306 14540 14762 14964 15259 15552 15817 16069 16305 16442 16470 16505 16560 16606 16700 16844 17156 17766 18521 19243 19940 20372 20796 21363 21829 22273 22623 23017 23409 23875 24311 25127 25743 25895 26024 26128 26241 26333 26409 26463 26541 26620 26738 26913 27060 27129 27166 27267 27388 27501 27643 27771 27895 27995 28100 28239 28461 28595 28695 28735 28733 28581 28477 28311 28035 27711 27395 27117 26998 26945 26888 -1 -1 -1 -1 -1 -1 -1 -1 -1 -1 -1 -1 -1 -1 -1 -1
13676 13920 14179 14414 14619 14833 15093 15346 15574 15831 16005 16150 16161 16187 16266 16311 16451 16622 16852 17462 18256 19018 19599 20292 20701 21239 21688 22077 22423 22860 23229 23650 24065 24494 25674 25858 26008 26107 26205 26319 26419 26475 26554 26632 26713 26859 26996 27050 27069 27182 27333 27473 27602 27742 27868 27988 28083 28207 28428 28574 28669 28704 28725 28570 28463 28279 28017 27708 27373 27102 26974 26911 26858 26829 -1 -1 -1 -1 -1 -1 -1 -1 -1 -1 -1 -1 -1 -1 -1
