z_partial_results-scen0_calib_server_taylor_infAll_v2_2004-2009/partial_results-scen0_calib_server_taylor_infAll_v2_2004-2009/SID_taylor_Dredge_EEX_Flat_10m.asc
ncols 280
nrows 300
xllcorner 555200.0
yllcorner 5259500.0
cellsize 10.0
nodata_value -9999.0
[rows 117 to 155 of 300, columns 89 to 177 of 280]
19633 20175 20265 20156 20057 19894 19612 19582 19577 19609 19639 19667 19901 19934 20003 20152 20239 20256 20192 20095 19965 19511 19160 19053 18934 18832 18861 18822 18778 18720 18674 18571 18414 18605 18955 19610 20437 20923 21346 21793 22195 22464 22777 23103 23489 23835 24089 24458 25610 25800 25988 26194 26398 26650 26878 27100 27301 27440 27477 27453 27586 27654 27406 27437 27463 27504 27629 27584 27485 27096 26598 26249 25887 24800 24010 23702 23420 23132 22852 22517 22185 21761 21332 20884 20421 19980 19322 18758 18299
20655 20825 20856 20763 20640 20513 20462 20424 20399 20368 20340 20364 20398 20407 20451 20543 20601 20638 20580 20473 20334 19913 19320 19196 19150 19097 19045 18941 18933 18911 18898 18868 18859 18952 19127 19486 20261 20725 21111 21503 21869 22289 22656 23071 23555 23992 24355 25079 25750 25926 26108 26305 26490 26746 27010 27197 27338 27486 27506 27532 27556 27194 27180 27199 27251 27318 27425 27534 27494 27271 26725 26301 25943 25574 24137 23767 23470 23184 22933 22641 22275 21851 21407 20937 20452 20008 19310 18698 18150
21259 21348 21365 21290 21157 21042 20967 20893 20849 20839 20818 20799 20815 20840 20889 20963 21007 21009 20939 20823 20544 20056 19481 19216 18974 18950 18926 19044 19090 19107 19171 19272 19420 19506 19510 19907 20163 20404 20730 21141 21622 22107 22505 23019 23610 24179 24592 25680 25861 26050 26232 26408 26607 26864 27210 27351 27401 27448 27162 27077 26984 26921 26891 26880 26931 27007 27138 27352 27363 27339 26982 26414 26053 25742 24396 23917 23583 23309 23014 22767 22403 22005 21445 20980 20496 20045 19305 18661 17977
21846 21990 21989 21794 21651 21552 21461 21419 21380 21342 21321 21299 21318 21352 21387 21423 21446 21442 21375 21158 20695 20235 19948 19507 19289 19201 19221 19263 19256 19324 19433 19574 19966 20182 20290 20313 20151 20105 20315 20703 21289 21859 22366 22947 23566 24224 24972 25782 25992 26184 26346 26534 26744 27022 27185 27155 27089 27027 26934 26826 26698 26585 26504 26496 26564 26671 26792 26977 27279 27317 27122 26675 26260 25932 25494 24177 23750 23444 23048 22749 22405 22023 21485 21033 20559 20093 19326 18600 17775
22432 22509 22470 22324 22160 22004 21924 21883 21855 21826 21785 21742 21751 21781 21836 21906 21950 21939 21799 21548 21160 20782 20564 20376 20220 20011 19947 19938 19696 19931 19983 20148 20327 20467 20570 20505 20284 19972 19960 20426 21027 21677 22241 22872 23486 24172 25444 25874 26099 26306 26464 26656 26855 27035 27165 27011 26898 26814 26689 26540 26385 26279 26192 26135 26180 26294 26438 26677 26928 27296 27268 27236 26522 26187 25856 24762 24006 23597 23106 22630 22256 21919 21506 21068 20620 20160 19368 18532 17616
23021 23069 22998 22841 22624 22446 22422 22400 22379 22338 22269 22238 22228 22258 22314 22377 22425 22408 22295 22059 21778 21517 21303 21082 20867 20672 20589 20577 20558 20546 20542 20560 20612 20739 20797 20632 20382 20075 19937 20269 20858 21582 22179 22798 23415 24071 25496 25925 26182 26776 26795 26871 26877 26884 26870 26759 26653 26521 26356 26202 26045 25970 25917 25876 25891 25940 26078 26299 26542 26873 27140 27211 27171 27149 26130 25797 24510 23866 23180 22543 22140 21815 21483 21104 20696 20282 19421 18494 17464
23564 23609 23512 23324 23111 22978 22922 22901 22882 22825 22750 22676 22663 22705 22787 22847 22876 22845 22742 22591 22398 22205 21942 21689 21500 21297 21229 21199 21145 21131 21126 21081 21043 21064 21015 20771 20475 20216 20122 20387 20898 21519 22146 22760 23388 24061 25598 25927 26208 26761 26692 26782 26798 26731 26617 26462 26316 26158 26014 25916 25827 25768 25713 25686 25698 25748 25830 25959 26186 26513 26899 27161 27059 27126 27053 26094 25738 24253 23376 22593 22087 21786 21462 21132 20785 20418 19538 18511 17391
24171 24218 24076 23803 23592 23457 23406 23384 23347 23252 23179 23140 23127 23139 23177 23267 23345 23344 23221 23078 22946 22786 22572 22355 22147 21931 21890 21840 21791 21790 21753 21693 21589 21385 21195 20895 20585 20373 20401 20659 21039 21550 22149 22780 23362 24049 25527 25921 26197 26736 26709 26745 26676 26476 26312 26132 25995 25882 25777 25702 25593 24799 24567 24506 24500 24619 25427 25716 25897 26160 26532 26903 27111 26919 26980 26964 26010 25609 23726 22765 22102 21775 21482 21175 20868 20565 19939 18552 17352
24515 24542 24414 24195 23998 23887 23846 23863 23855 23758 23627 23532 23511 23518 23582 23689 23810 23914 23770 23526 23377 23227 23098 22955 22801 22590 22537 22465 22417 22391 22352 22208 21949 21620 21386 21108 20821 20665 20722 20946 21207 21656 22190 22796 23371 24047 25457 25890 26157 26721 26622 26574 26390 26193 26011 25865 25762 25662 25084 24578 24368 24183 24066 24023 24027 24058 24189 24492 25668 25912 26255 26623 26926 26965 26780 26946 26925 25821 24168 22941 22163 21745 21410 21140 20926 20639 20070 18579 17264
25008 25019 24744 24485 24342 24273 24262 24283 24274 24188 24051 23957 23916 23943 24005 24121 24258 24321 24219 24003 23850 23744 23663 23556 23447 23302 23215 23130 22997 22874 22758 22475 22182 21821 21645 21470 21283 21194 21219 21296 21477 21803 22247 22836 23416 24060 25383 25842 26090 26641 26363 26256 26062 25903 25765 25651 24784 24438 24230 24038 23948 23856 23764 23747 23766 23806 23878 23999 24394 25689 26006 26377 26715 26866 26837 26712 26909 26029 24633 23151 22201 21690 21167 20844 20790 20605 20066 18545 17202
25222 25237 25136 24893 24658 24566 24577 24610 24574 24455 24335 24250 24231 24299 24375 24468 24581 24622 24533 24415 24288 24228 24207 24157 24100 23973 23857 23684 23468 23211 22969 22719 22365 22094 21980 21901 21805 21764 21697 21668 21777 22022 22353 22915 23472 24120 25002 25826 26038 26382 26092 25963 25815 25687 24951 24425 24149 23970 23843 23704 23622 23574 23544 23516 23550 23598 23667 23790 24002 24585 25847 26230 26596 26802 26845 26772 26893 26119 25429 23280 22202 21559 20827 20433 20447 20348 19615 18306 17161
25243 25242 25254 25321 25112 25046 25050 25075 25028 24783 24608 24532 24537 24617 24748 24916 24983 24945 24870 24797 24711 24674 24670 24609 24560 24464 24389 24277 23971 23523 23204 22979 22637 22390 22304 22276 22333 22290 22098 21879 21946 22174 22481 23039 23576 24197 25158 25766 25920 26116 25868 25740 25398 24437 24151 23952 23787 23630 23513 23429 23352 23333 23329 23314 23358 23426 23499 23640 23839 24232 25736 26118 26468 26719 26827 26860 26881 26125 25422 23238 22105 21323 20617 20127 19933 19642 19140 18036 17121
25286 25299 25271 25281 25325 25334 25332 25338 25349 25156 25055 25007 25029 25093 25351 25343 25083 24998 24979 25020 25027 25026 25025 24996 24860 24705 24631 24517 24221 23793 23502 23275 23016 22809 22670 22643 22661 22533 22305 22099 22104 22319 22703 23170 23679 24227 24820 25632 25731 25941 25605 24508 24181 23926 23736 23594 23450 23364 23250 23164 23096 23041 23053 23091 23155 23231 23342 23474 23705 23993 25467 26013 26371 26649 26796 26843 26520 26086 24850 23138 22009 21235 20538 19959 19362 19091 18515 17854 17113
25525 25526 25528 25529 25530 25531 25532 25533 25270 25322 25331 25346 25339 25356 25337 25150 25069 25000 24971 25003 25032 25031 25030 24973 24863 24754 24650 24480 24238 23977 23797 23625 23434 23200 23052 23002 22921 22730 22447 22312 22346 22555 22950 23387 23845 24267 24551 24866 24942 25931 24245 23940 23674 23458 23351 23219 23122 23045 22995 22935 22880 22826 22807 22851 22943 23047 23172 23378 23603 23932 24702 25902 26243 26491 26810 26822 26477 26039 24519 23025 21894 21216 20507 19975 19309 18746 18220 17685 17035
25303 25284 25275 25265 25255 25252 25250 25534 25535 25536 25537 25538 25539 25540 25247 25141 25065 25001 24978 25010 25037 25036 25035 24960 24856 24743 24603 24448 24269 24135 24000 23908 23784 23606 23432 23286 23154 22990 22790 22658 22706 22900 23193 23624 24029 24363 24496 24511 25918 25924 23796 23508 23279 23051 22934 22871 22849 22833 22784 22704 22613 22561 22558 22631 22773 22905 23082 23290 23536 23879 24473 25774 26067 26332 26757 26684 26439 25997 24388 22896 21823 21196 20545 20017 19321 18710 18163 17619 17027
25245 25244 25229 25239 25218 25193 25179 25164 25155 25147 25140 25130 25124 25541 25542 25543 25544 25545 25546 24975 25014 25041 25005 24939 24836 24737 24611 24478 24386 24297 24215 24127 24056 23956 23768 23611 23517 23433 23297 23161 23189 23363 23596 23953 24257 24451 25888 25900 25911 23651 23385 23063 22805 22589 22474 22468 22535 22579 22514 22411 22318 22271 22308 22412 22612 22820 23015 23222 23496 23819 24298 25649 25904 26151 26700 26572 26351 25937 24196 22757 21792 21206 20593 20097 19355 18719 18117 17601 17041
25226 25225 25224 25231 25185 25160 25146 25131 25118 25106 25098 25088 25080 25077 25063 25040 24989 24943 25547 25548 25549 25550 24962 24909 24821 24736 24629 24548 24479 24434 24377 24331 24313 24223 24073 23975 23962 23965 23888 23698 23644 23792 24016 24247 25859 25871 25878 23944 23599 23262 22954 22608 22347 22203 22150 22186 22253 22310 22242 22171 22112 22079 22135 22248 22451 22735 22952 23163 23437 23743 24105 24630 25773 26032 26648 26593 26277 25885 24017 22638 21748 21232 20633 20154 19402 18748 18130 17624 17048
25213 25212 25211 25219 25175 25149 25128 25107 25095 25082 25068 25061 25049 25045 25017 24987 24950 24907 24903 24932 24946 25551 25552 25553 24813 24745 24680 24616 24557 24539 24531 24518 24547 24487 24399 24357 24310 24322 24279 24122 24030 24119 24278 25844 25852 24213 23950 23631 23301 22930 22552 22234 22019 21850 21804 21828 21916 21969 21963 21903 21860 21886 21985 22173 22406 22669 22892 23072 23337 23580 23853 24176 25606 25915 26150 26302 26242 25860 23901 22569 21750 21266 20702 20199 19430 18811 18205 17650 17065
25201 25200 25199 25198 25180 25143 25111 25097 25081 25064 25051 25034 25015 25006 24980 24952 24915 24875 24868 24888 24905 24917 24902 25554 25555 24778 24775 24677 24626 24646 24696 24730 24814 24760 24672 24621 24576 24569 24472 24333 24284 24347 25823 25833 24366 24059 23755 23397 23042 22634 22266 21947 21707 21578 21521 21539 21585 21590 21602 21612 21650 21727 21885 22191 22440 22655 22838 22984 23188 23413 23642 23924 24431 25769 26075 26295 26293 25880 23946 22633 21844 21312 20743 20247 19492 18880 18239 17667 17118
25122 25129 25154 25187 25186 25170 25135 25073 25033 24999 24981 24970 24994 24995 24954 24918 24881 24834 24823 24846 24862 24879 24874 24848 25556 24822 24803 24687 24640 24669 24713 25565 24839 24790 24716 24653 24605 24599 24489 25791 25799 25803 25812 24522 24348 24032 23737 23374 23012 22600 22232 21902 21678 21536 21475 21478 21516 21524 21551 21560 21621 21699 21875 22192 22437 22646 22827 22966 23169 23389 23621 23898 24372 25754 26060 26267 26288 25889 23955 22647 21858 21327 20761 20254 19503 18902 18245 17674 17122
24482 24509 24565 24668 24773 24812 24726 24614 24553 24523 24543 24579 24697 24878 24923 24887 24841 24798 24792 24804 24819 24840 24843 24833 25557 25558 25559 25560 25561 25562 25564 25566 25567 25086 25260 25076 25022 25771 25776 25783 24589 24647 24719 24527 24240 23900 23527 23159 22791 22325 21927 21597 21371 21249 21182 21112 21069 21077 21119 21213 21369 21564 21808 22167 22385 22564 22709 22844 23013 23187 23439 23676 24015 25470 25965 26224 26283 25956 24093 22828 22025 21453 20869 20331 19585 19071 18325 17758 17167
24165 24186 24229 24307 24408 24420 24337 24270 24235 24236 24263 24309 24395 24520 24755 24876 24807 24765 24751 24766 24786 24802 24815 24832 24861 24904 24934 24900 24873 24869 24885 24914 25568 25569 25570 25572 25757 25763 24944 24993 25394 25169 24947 24501 24138 23760 23372 22981 22577 22110 21604 21215 21012 20934 20896 20788 20657 20614 20731 20965 21205 21448 21718 22031 22243 22392 22541 22680 22854 23026 23271 23534 23864 24471 25864 26172 26252 26028 24345 23100 22235 21618 20979 20410 19705 19141 18387 17843 17211
23723 23780 23882 23987 24110 24096 24018 23967 23935 23960 24012 24109 24184 24354 24573 24779 24781 24733 24715 24734 24746 24769 24795 24844 24880 24913 24931 24930 24897 24825 24830 24886 24992 25153 25366 25571 25735 25420 25453 25462 25380 25042 24656 24180 23732 23311 23201 22823 22321 21628 21025 20554 20351 20354 20403 20325 20169 20162 20397 20666 20948 21204 21426 21660 21866 22038 22199 22348 22565 22783 22971 23195 23493 23892 25413 25983 26200 26165 25701 23734 22824 22080 21295 20647 20101 19351 18654 18055 17406
23174 23273 23380 23495 23584 23619 23586 23538 23561 23601 23703 23838 23966 24134 24282 24507 24712 24699 24675 24692 24706 24738 24787 24838 24877 24925 24927 24926 24882 24788 24793 24864 24984 25223 25385 25382 25733 25409 25501 25449 25087 24898 24525 24001 23445 22987 22953 22490 21798 20919 20335 19941 19598 19624 19669 19566 19490 19645 20184 20504 20774 21034 21225 21395 21587 21736 21908 22117 22350 22586 22755 22895 23158 23567 24303 25841 26191 26143 25749 23934 22982 22212 21416 20758 20242 19479 18757 18127 17488
22584 22733 22861 22972 23049 23102 23104 23097 23123 23186 23346 23480 23664 23877 24045 24254 24499 24671 24648 24657 24673 24709 24774 24767 24817 24922 24921 24920 24837 24747 24761 24847 24988 25365 25399 25393 25732 25729 25461 25421 25072 24732 24358 23791 23183 22650 22605 21986 21128 20279 19729 19340 19063 19130 19186 19121 19106 19361 19957 20349 20646 20866 21046 21177 21351 21518 21681 21882 22156 22376 22494 22508 22781 23278 24007 25739 26171 26064 25664 23771 22817 22073 21443 20837 20323 19573 18865 18188 17544
21991 22132 22246 22384 22524 22588 22522 22500 22571 22746 22929 23128 23361 23585 23808 24011 24261 24528 24662 24642 24661 24689 24678 24683 24729 24752 24772 24776 24749 24707 24724 24831 25012 25384 25412 25405 25378 25728 25445 25391 25096 24561 24025 23463 22906 22177 22121 21349 20474 19550 19242 18915 18731 18655 18660 18667 18761 19131 19541 20179 20519 20723 20846 20924 21086 21260 21429 21638 21873 22082 22172 22187 22359 22913 23681 24974 26089 25938 24780 23453 22434 21867 21406 20894 20414 19732 18951 18260 17592
21417 21547 21685 21847 22010 22047 22028 22027 22108 22283 22489 22782 23040 23318 23539 23798 24039 24379 24580 24583 24546 24484 24444 24423 24428 24419 24493 24575 24634 24660 24693 24824 25062 25401 25426 25414 25376 25725 25425 25372 25054 24476 23852 23233 22595 21740 21687 20819 20006 19235 18726 18407 18278 18184 18136 18173 18370 18745 19277 19905 20320 20550 20624 20679 20808 20986 21169 21379 21607 21743 21810 21900 22144 22562 23366 24308 26027 25962 24302 23074 22198 21758 21345 20914 20469 19922 19069 18308 17612
20769 20886 21091 21271 21400 21450 21495 21561 21676 21871 22143 22382 22712 23032 23308 23554 23834 24098 24264 24246 24160 24118 24107 24083 24091 24106 24243 24378 24461 24555 24649 24857 25137 25423 25442 25417 25370 25722 25402 25342 24852 24403 23754 23058 22327 21404 21331 20379 19376 18680 18221 17936 17751 17655 17625 17706 17949 18263 18753 19358 19982 20209 20278 20362 20491 20669 20878 21072 21257 21435 21579 21703 21954 22254 23008 23979 25451 25793 23860 22714 21994 21665 21291 20885 20457 19910 19108 18323 17620
20107 20275 20511 20699 20811 20862 20955 21098 21282 21522 21765 22103 22395 22754 23018 23292 23549 23785 23865 23871 23849 23840 23826 23809 23822 23858 23981 24152 24304 24465 24620 24896 25367 25446 25455 25419 25357 25719 25395 24941 24470 24095 23575 22893 22142 21150 21075 20086 18791 18075 17703 17436 17257 17146 17104 17192 17450 17842 18292 18777 19265 19480 19654 19978 20166 20375 20594 20784 20993 21180 21357 21565 21787 22067 22672 23605 24526 25625 23455 22443 21895 21596 21233 20847 20415 19735 19117 18343 17647
19193 19379 19629 20059 20181 20217 20318 20557 20828 21155 21452 21767 22159 22510 22813 23037 23240 23422 23490 23525 23563 23543 23506 23510 23565 23628 23765 23969 24203 24411 24601 24919 25400 25463 25465 25428 25113 25715 25450 24516 24143 23670 23258 22729 21937 20892 20820 19565 18375 17498 17061 16801 16653 16597 16570 16630 16938 17311 17761 18160 18553 18784 19175 19385 19616 20073 20283 20499 20736 20969 21181 21393 21671 21934 22351 23149 24185 24627 23066 22218 21817 21555 21186 20822 20392 19846 19114 18374 17642
18467 18647 18819 19059 19218 19335 19530 20084 20402 20757 21117 21481 21865 22239 22487 22744 22920 23064 23141 23206 23263 23265 23245 23320 23449 23590 23709 23913 24140 24382 24587 24928 25416 25504 25519 25433 25078 25712 24910 24150 23816 23412 23001 22523 21741 20671 20596 19152 17805 16763 16278 16131 16025 15932 15958 16177 16496 16858 17218 17646 18010 18316 18692 19057 19270 19523 20001 20257 20524 20777 21037 21272 21580 21802 22086 22770 23647 24256 22747 21996 21719 21509 21184 20838 20430 19911 19115 18365 17653
17682 17803 17979 18144 18324 18569 18855 19364 19950 20371 20724 21130 21493 21833 22161 22367 22530 22691 22822 22902 22951 22957 23006 23165 23442 23668 23789 23902 24092 24373 24571 24936 25440 25584 25577 25439 25102 25709 24374 23728 23423 23125 22793 22328 21575 20508 20423 18722 17240 16013 15456 15399 15370 15391 15463 15644 16043 16430 16818 17214 17613 17948 18281 18613 18877 19224 19475 19992 20311 20587 20857 21143 21460 21700 21933 22360 22925 23718 22389 21861 21662 21484 21200 20871 20485 19976 19219 18485 17765
17166 17236 17400 17631 17892 18159 18577 19101 19505 20143 20528 20920 21253 21608 21889 22157 22330 22442 22581 22695 22792 22859 22988 23212 23492 23724 23820 23930 24131 24401 24624 25059 25466 25595 25579 25418 24959 25707 24147 23602 23237 22850 22415 21984 21408 20450 20365 18483 16811 15466 14854 14883 14987 15014 15118 15297 15651 16051 16509 16974 17331 17698 18033 18289 18611 18867 19238 19539 20129 20440 20738 21045 21374 21673 21930 22224 22513 22989 22303 21997 21691 21489 21236 20911 20555 20155 19406 18703 17971
16710 16819 16992 17223 17468 17862 18275 18781 19286 19715 20280 20627 20930 21228 21421 21639 21809 21961 22085 22188 22298 22430 22636 22899 23109 23305 23482 23713 24050 24407 24701 25403 25588 25607 25575 25388 24764 25705 24052 23579 23214 22711 22158 21619 21168 20295 20223 18382 17011 15540 14920 14822 14877 14902 14991 15151 15417 15820 16285 16742 17137 17460 17838 18104 18346 18646 19020 19384 19969 20347 20668 20974 21305 21637 21981 22274 22456 22938 22890 22251 22003 21729 21390 21017 20658 20333 19576 18888 18124
16342 16429 16572 16791 17054 17401 17915 18525 19038 19373 19796 20178 20416 20628 20775 20933 21084 21198 21307 21456 21610 21728 21925 22183 22370 22710 23068 23407 23848 24360 24722 25434 25596 25614 25585 25381 24664 25700 24055 23540 23167 22698 22116 21540 21060 20230 20150 18556 17358 16124 15534 15269 15095 15040 15128 15244 15476 15836 16233 16663 17046 17361 17749 18079 18331 18637 19064 19405 19954 20350 20653 20942 21273 21653 22036 22349 22484 22842 22480 22409 22301 22051 21594 21142 20810 20466 19902 19126 18267
16244 16300 16371 16584 16849 17230 17745 18403 18906 19280 19527 19951 20161 20326 20460 20607 20742 20875 20983 21144 21294 21433 21629 21820 22070 22394 22883 23349 23779 24340 24740 25448 25604 25619 25586 25379 25691 25697 24024 23473 23087 22626 22049 21437 20944 20172 20102 18683 17611 16629 16000 15600 15242 15180 15273 15413 15623 15877 16207 16616 16987 17285 17700 18045 18314 18635 19099 19409 19944 20346 20643 20915 21250 21631 22050 22368 22493 22794 22499 22482 22431 22219 21708 21231 20880 20551 19997 19247 18399
15827 15966 16165 16381 16646 17085 17676 18417 19080 19484 19734 19925 19988 20158 20281 20395 20526 20662 20800 21004 21183 21344 21529 21722 21951 22277 22743 23288 23836 24362 24731 25459 25612 25622 25576 25688 25690 24361 23959 23373 22985 22467 21959 21338 20764 20063 19961 18735 17812 16993 16254 15666 15358 15319 15444 15605 15793 15949 16197 16550 16937 17239 17644 17998 18295 18622 19087 19396 19930 20304 20618 20899 21224 21562 22007 22344 22491 22734 22492 22466 22418 22293 21795 21262 20888 20586 20100 19314 18513
15138 15422 15781 16146 16412 16943 17695 18574 19369 20138 20309 20116 19994 20113 20227 20319 20441 20609 20792 21057 21277 21476 21669 21825 22037 22322 22751 23332 23997 24421 24750 25452 25616 25681 25683 25685 24826 24285 23827 23242 22810 22265 21744 21190 20532 19468 19411 18279 17395 16725 16016 15392 15184 15222 15359 15560 15720 15824 16060 16329 16652 16986 17343 17747 18076 18402 18812 19239 19551 20149 20494 20781 21059 21276 21714 22302 22534 22668 22485 22457 22428 22371 21881 21279 20860 20553 20090 19313 18596
14248 14620 15074 15467 15902 16585 17477 18420 19381 20298 20603 20422 20255 20288 20411 20531 20677 20906 21118 21388 21663 21907 22124 22291 22461 22778 23136 23643 24222 24498 24777 25441 25613 25678 25581 25411 24805 24260 23757 23145 22664 22125 21568 21016 20302 18835 18741 17622 16921 16333 15683 15133 15073 15166 15247 15438 15587 15685 15898 16107 16340 16679 17106 17463 17748 18035 18487 18890 19345 19952 20352 20686 20959 21129 21438 22130 22516 22614 22609 22453 22441 22299 21752 21220 20807 20408 19918 19191 18508
