z_partial_results-scen0_calib_server_taylor_infAll_v2_2004-2009/partial_results-scen0_calib_server_taylor_infAll_v2_2004-2009/SID_taylor_Dredge_EEX_Flat_10m.asc
ncols 280
nrows 300
xllcorner 555200.0
yllcorner 5259500.0
cellsize 10.0
nodata_value -9999.0
[rows 78 to 116 of 300, columns 0 to 88 of 280]
-1 -1 -1 -1 -1 -1 -1 -1 -1 -1 -1 -1 -1 -1 -1 -1 -1 -1 -1 -1 -1 -1 -1 -1 -1 -1 -1 -1 -1 -1 -1 -1 -1 -1 -1 -1 -1 -1 -1 -1 -1 -1 -1 -1 -1 -1 -1 -1 -1 -1 -1 -1 -1 -1 -1 -1 -1 -1 -1 -1 -1 6866 -1 -1 -1 -1 -1 -1 -1 -1 -1 9025 9255 9473 9695 9909 10154 10392 10655 10898 11151 11343 11550 11778 12108 12391 12706 13013 13348
-1 -1 -1 -1 -1 -1 -1 -1 -1 -1 -1 -1 -1 -1 -1 -1 -1 -1 -1 -1 -1 -1 -1 -1 -1 -1 -1 -1 -1 -1 -1 -1 -1 -1 -1 -1 -1 -1 -1 -1 -1 -1 -1 -1 -1 -1 -1 -1 -1 -1 -1 -1 -1 -1 -1 -1 -1 -1 -1 -1 -1 6964 7015 -1 -1 -1 -1 -1 -1 8584 8780 8983 9224 9477 9689 9903 10152 10389 10651 10850 11092 11288 11457 11687 11994 12286 12637 12962 13273
-1 -1 -1 -1 -1 -1 -1 -1 -1 -1 -1 -1 -1 -1 -1 -1 -1 -1 -1 -1 -1 -1 -1 -1 -1 -1 -1 -1 -1 -1 -1 -1 -1 -1 -1 -1 -1 -1 -1 -1 -1 -1 -1 -1 -1 -1 -1 -1 -1 -1 -1 -1 -1 -1 -1 -1 -1 -1 -1 -1 -1 7020 7110 7226 7426 7736 7930 8120 8302 8475 8699 8953 9192 9453 9690 9906 10153 10397 10628 10822 11000 11194 11362 11566 11853 12187 12545 12889 13203
-1 -1 -1 -1 -1 -1 -1 -1 -1 -1 -1 -1 -1 -1 -1 -1 -1 -1 -1 -1 -1 -1 -1 -1 -1 -1 -1 -1 -1 -1 -1 -1 -1 -1 -1 -1 -1 -1 -1 -1 -1 -1 -1 -1 -1 -1 -1 -1 -1 -1 -1 -1 -1 -1 -1 -1 -1 -1 -1 -1 7113 7127 7209 7333 7594 7789 7934 8072 8239 8391 8631 8874 9155 9416 9675 9908 10157 10384 10582 10748 10896 11117 11291 11449 11726 12042 12387 12811 13171
-1 -1 -1 -1 -1 -1 -1 -1 -1 -1 -1 -1 -1 -1 -1 -1 -1 -1 -1 -1 -1 -1 -1 -1 -1 -1 -1 -1 -1 -1 -1 -1 -1 -1 -1 -1 -1 -1 -1 -1 -1 -1 -1 -1 -1 -1 -1 -1 -1 -1 -1 -1 -1 -1 -1 -1 -1 -1 -1 7216 7248 7373 7410 7568 7686 7814 7922 8030 8198 8361 8596 8846 9133 9400 9643 9890 10141 10319 10486 10610 10775 10990 11209 11352 11593 11818 12176 12658 13118
-1 -1 -1 -1 -1 -1 -1 -1 -1 -1 -1 -1 -1 -1 -1 -1 -1 -1 -1 -1 -1 -1 -1 -1 -1 -1 -1 -1 -1 -1 -1 -1 -1 -1 -1 -1 -1 -1 -1 -1 -1 -1 -1 -1 -1 -1 -1 -1 -1 -1 -1 -1 -1 -1 -1 -1 -1 -1 -1 7296 7362 7392 7391 7498 7627 7764 7885 7993 8190 8369 8598 8856 9137 9378 9615 9843 10054 10187 10286 10419 10625 10846 11103 11254 11373 11497 11730 12218 12855
-1 -1 -1 -1 -1 -1 -1 -1 -1 -1 -1 -1 -1 -1 -1 -1 -1 -1 -1 -1 -1 -1 -1 -1 -1 -1 -1 -1 -1 -1 -1 -1 -1 -1 -1 -1 -1 -1 -1 -1 -1 -1 -1 -1 -1 -1 -1 -1 -1 -1 -1 -1 -1 -1 -1 -1 -1 -1 -1 7235 7191 7169 7161 7249 7384 7613 7823 7995 8214 8396 8607 8821 9121 9355 9533 9714 9847 9972 10083 10272 10470 10682 10976 11159 11091 11051 11170 11473 12026
-1 -1 -1 -1 -1 -1 -1 -1 -1 -1 -1 -1 -1 -1 -1 -1 -1 -1 -1 -1 -1 -1 -1 -1 -1 -1 -1 -1 -1 -1 -1 -1 -1 -1 -1 -1 -1 -1 -1 -1 -1 -1 -1 -1 -1 9010 8786 8513 8200 8166 7929 -1 -1 -1 -1 -1 -1 -1 -1 -1 7082 7034 7014 7107 7259 7542 7776 7979 8207 8356 8565 8772 9029 9210 9367 9494 9665 9781 9926 10092 10307 10547 10862 11085 10889 10601 10559 10746 10980
-1 -1 -1 -1 -1 -1 -1 -1 -1 -1 -1 -1 -1 -1 -1 -1 -1 -1 -1 -1 -1 -1 -1 -1 -1 -1 -1 -1 -1 -1 -1 -1 -1 -1 -1 -1 -1 -1 -1 -1 -1 -1 -1 9365 9271 9165 8927 8581 8195 8155 7793 7553 -1 -1 -1 -1 -1 -1 -1 -1 -1 6909 6938 7009 7131 7346 7743 7952 8174 8367 8568 8736 8945 9091 9240 9411 9536 9678 9828 10007 10223 10497 10836 10934 10618 10268 10158 10155 10218
-1 -1 -1 -1 -1 -1 -1 -1 -1 -1 -1 -1 -1 -1 -1 -1 -1 -1 -1 -1 -1 -1 -1 -1 -1 -1 -1 -1 -1 -1 -1 -1 -1 -1 -1 -1 -1 -1 -1 -1 -1 9708 9646 9581 9501 9371 9073 8618 8045 7996 7581 7224 7088 -1 -1 -1 -1 -1 -1 -1 -1 -1 6865 6962 7096 7315 7698 7924 8159 8348 8563 8734 8922 9068 9219 9374 9496 9628 9777 9963 10161 10429 10764 10806 10405 10070 10003 9979 9959
-1 -1 -1 -1 -1 -1 -1 -1 -1 -1 -1 -1 -1 -1 -1 -1 -1 -1 -1 -1 -1 -1 -1 -1 -1 -1 -1 -1 -1 -1 -1 -1 -1 -1 -1 -1 -1 -1 -1 -1 -1 9964 9917 9896 9831 9653 9203 8599 7980 7942 7412 7079 6967 6930 -1 -1 -1 -1 -1 -1 -1 6803 6852 6949 7126 7357 7692 7899 8101 8291 8534 8739 8928 9095 9246 9361 9490 9625 9746 9944 10116 10372 10699 10724 10320 10058 10016 9985 9966
-1 -1 -1 -1 -1 -1 -1 -1 -1 -1 -1 -1 -1 -1 -1 -1 -1 -1 -1 -1 -1 -1 -1 -1 -1 -1 -1 -1 -1 -1 -1 -1 -1 -1 -1 -1 -1 -1 -1 -1 -1 10281 10249 10217 10038 9757 9424 8905 8209 8147 7464 7002 6789 6768 6804 6848 6879 6846 6779 6741 6747 6822 6908 6995 7148 7393 7726 7889 8061 8265 8472 8667 8911 9113 9257 9399 9506 9656 9784 9938 10102 10336 10638 10705 10455 10222 10079 10045 10012
-1 -1 -1 -1 -1 -1 -1 -1 -1 -1 -1 -1 -1 -1 -1 -1 -1 -1 -1 -1 -1 -1 -1 -1 -1 -1 -1 -1 -1 -1 -1 -1 -1 -1 -1 -1 -1 -1 -1 -1 -1 10762 10711 10577 10256 9886 9553 9191 8505 8452 7732 7120 6850 6827 6924 7031 7085 7094 7053 6849 6773 6863 7005 7111 7242 7441 7730 7884 8073 8278 8456 8632 8808 9035 9231 9405 9545 9680 9808 9969 10144 10357 10536 10662 10639 10485 10305 10211 10151
-1 -1 -1 -1 -1 -1 -1 -1 -1 -1 -1 -1 -1 -1 -1 -1 -1 -1 -1 -1 -1 -1 -1 -1 -1 -1 -1 -1 -1 -1 -1 -1 -1 -1 -1 -1 -1 -1 -1 -1 -1 11281 11149 10888 10528 10131 9753 9447 8883 8837 8197 7699 7236 7189 7311 7561 7629 7615 7312 6976 6799 6894 7091 7239 7341 7569 7774 7926 8118 8305 8497 8662 8832 9031 9198 9348 9530 9711 9837 9988 10177 10368 10522 10647 10741 10692 10557 10430 10399
-1 -1 -1 -1 -1 -1 -1 -1 -1 -1 -1 -1 -1 -1 -1 -1 -1 -1 -1 -1 -1 -1 -1 -1 -1 -1 -1 -1 -1 -1 -1 -1 -1 -1 -1 -1 -1 -1 -1 -1 -1 11845 11642 11321 10931 10509 10147 9854 9466 9430 8971 8570 8160 7984 8053 8084 8076 8000 7688 7146 6945 7044 7229 7382 7563 7693 7851 7983 8178 8329 8522 8700 8885 9041 9212 9381 9541 9694 9845 10023 10185 10364 10545 10691 10820 10861 10760 10643 10661
-1 -1 -1 -1 -1 -1 -1 -1 -1 -1 -1 -1 -1 -1 -1 -1 -1 -1 -1 -1 -1 -1 -1 -1 -1 -1 -1 -1 -1 -1 -1 -1 -1 -1 -1 -1 -1 -1 -1 -1 -1 12451 12246 11973 11611 11101 10650 10328 10050 10028 9802 9539 9124 8836 8719 8658 8621 8459 8157 7817 7454 7363 7554 7664 7702 7802 7945 8062 8215 8331 8511 8710 8918 9084 9269 9422 9544 9699 9872 10029 10180 10356 10555 10742 10858 10937 10920 10872 10936
-1 -1 -1 -1 -1 -1 -1 -1 -1 -1 -1 -1 -1 -1 -1 -1 -1 -1 -1 -1 -1 -1 -1 -1 -1 -1 -1 -1 -1 -1 -1 -1 -1 -1 -1 -1 -1 -1 -1 -1 -1 13133 13010 12858 12506 11892 11283 10877 10676 10660 10480 10227 9879 9554 9336 9264 9252 9194 8974 8541 8140 8019 8085 8063 8028 8069 8115 8162 8252 8362 8507 8674 8923 9136 9277 9439 9589 9745 9905 10040 10230 10415 10605 10768 10903 11035 11055 11065 11217
-1 -1 -1 -1 -1 -1 -1 -1 -1 -1 -1 -1 -1 -1 -1 -1 -1 -1 -1 -1 -1 -1 -1 -1 -1 -1 -1 -1 -1 -1 -1 -1 -1 -1 -1 -1 -1 -1 -1 -1 -1 13773 13668 13571 13246 12592 11888 11526 11297 11280 11056 10803 10445 10065 9829 9825 9836 9851 9728 9225 8873 8897 8891 8844 8642 8464 8312 8274 8335 8432 8560 8714 8919 9131 9328 9483 9623 9748 9949 10093 10295 10482 10634 10790 10971 11116 11172 11276 11412
-1 -1 -1 -1 -1 -1 -1 -1 -1 -1 -1 -1 -1 -1 -1 -1 -1 -1 -1 -1 -1 -1 -1 -1 -1 -1 -1 -1 -1 -1 -1 -1 -1 -1 -1 -1 -1 -1 -1 -1 -1 14355 14232 13981 13552 12892 12476 12289 12076 12055 11809 11515 11099 10723 10500 10424 10406 10378 10196 9670 9436 9612 9735 9668 9402 8967 8606 8433 8438 8526 8640 8749 8916 9100 9347 9515 9661 9801 9976 10115 10303 10494 10671 10845 11017 11183 11287 11424 11582
-1 -1 -1 -1 -1 -1 -1 -1 -1 -1 -1 -1 -1 -1 -1 -1 -1 -1 -1 -1 -1 -1 -1 -1 -1 -1 -1 -1 -1 -1 -1 -1 -1 -1 -1 -1 -1 -1 -1 -1 14972 14809 14614 14169 13538 13062 12897 12943 12938 12935 12783 12419 11851 11414 11087 10893 10799 10600 10224 9729 9609 9975 10200 10078 9795 9408 8851 8613 8556 8611 8696 8805 8942 9089 9313 9520 9706 9839 9994 10160 10349 10530 10734 10879 11043 11242 11427 11585 11721
-1 -1 -1 -1 -1 -1 -1 -1 -1 -1 -1 -1 -1 -1 -1 -1 -1 -1 -1 -1 -1 -1 -1 -1 -1 -1 -1 -1 -1 -1 -1 -1 -1 -1 -1 -1 -1 -1 -1 -1 15529 15326 15043 14605 13937 13608 13615 13663 13711 13714 13639 13243 12661 12150 11709 11364 11039 10681 10216 9775 9751 10124 10340 10262 9993 9552 9034 8768 8702 8688 8775 8895 8992 9145 9327 9516 9725 9870 10021 10205 10425 10602 10769 10905 11113 11311 11521 11694 11886
-1 -1 -1 -1 -1 -1 -1 -1 -1 -1 -1 -1 -1 -1 -1 -1 -1 -1 -1 -1 -1 -1 -1 -1 -1 -1 -1 -1 -1 -1 -1 -1 -1 -1 -1 -1 -1 -1 -1 16173 15961 15771 15541 15293 14911 14650 14525 14466 14421 14417 14207 13760 13164 12674 12229 11805 11306 10751 10221 9892 9930 10255 10498 10318 10042 9659 9170 8908 8824 8793 8869 8966 9078 9229 9394 9537 9718 9873 10049 10257 10456 10608 10798 10960 11189 11370 11570 11765 12015
-1 -1 -1 -1 -1 -1 -1 -1 -1 -1 -1 -1 -1 -1 -1 -1 -1 -1 -1 -1 -1 -1 -1 -1 -1 -1 -1 -1 -1 -1 -1 -1 -1 -1 -1 -1 -1 -1 17556 16996 16639 16372 16236 16152 15999 15840 15682 15539 15210 15186 14743 14231 13631 13121 12696 12261 11640 10961 10374 10056 10112 10462 10644 10362 10047 9719 9289 9046 8931 8870 8901 8994 9154 9300 9448 9560 9715 9904 10107 10296 10488 10659 10851 11032 11247 11465 11695 11887 12132
-1 -1 -1 -1 -1 -1 -1 -1 -1 -1 -1 -1 -1 -1 -1 -1 -1 -1 -1 -1 -1 -1 -1 -1 -1 -1 -1 -1 -1 -1 -1 -1 -1 -1 -1 -1 -1 20509 19536 18699 18003 17638 17430 17317 17190 17049 16945 16730 16110 16048 15279 14693 14046 13618 13181 12704 12017 11367 10784 10504 10512 10721 10749 10398 10069 9744 9358 9085 8980 8940 8943 9003 9162 9311 9458 9585 9740 9933 10125 10315 10540 10726 10901 11146 11358 11591 11833 12049 12220
-1 -1 -1 -1 -1 -1 -1 -1 -1 -1 -1 -1 -1 -1 -1 -1 -1 -1 -1 -1 -1 -1 -1 -1 -1 -1 -1 -1 -1 -1 -1 -1 -1 -1 -1 -1 22090 21530 21127 20748 20341 19929 19454 19236 19061 18795 18607 17935 16827 16738 15885 15204 14623 14130 13672 13087 12471 11957 11499 11259 11168 11053 10832 10478 10134 9769 9357 9075 9043 9026 9012 9050 9157 9304 9467 9617 9770 9952 10111 10326 10580 10788 10994 11264 11512 11731 11970 12168 12331
-1 -1 -1 -1 -1 -1 -1 -1 -1 -1 -1 -1 -1 -1 -1 -1 -1 -1 -1 -1 -1 -1 -1 -1 -1 -1 -1 -1 -1 -1 -1 -1 -1 -1 -1 22939 22673 22337 21973 21679 21455 21288 21149 20973 20779 20625 20343 19233 17621 17486 16487 15804 15130 14549 13928 13298 12770 12487 12242 12077 11875 11528 11037 10606 10178 9738 9309 9062 9061 9090 9127 9142 9189 9305 9463 9606 9755 9950 10109 10325 10588 10849 11152 11405 11662 11940 12179 12273 12448
-1 -1 -1 -1 -1 -1 -1 -1 -1 -1 -1 -1 -1 -1 -1 -1 -1 -1 -1 -1 -1 -1 -1 -1 -1 -1 -1 -1 -1 -1 -1 -1 -1 -1 23430 23266 23057 22834 22599 22413 22309 22222 22141 21987 21816 21695 21217 20276 18619 18490 17324 16497 15712 14945 14155 13505 13093 12905 12853 12769 12574 12122 11492 10826 10250 9785 9368 9059 9042 9173 9285 9279 9295 9370 9464 9583 9759 9946 10106 10347 10632 10928 11299 11628 11896 12188 12390 12474 12598
-1 -1 -1 -1 -1 -1 -1 -1 -1 -1 -1 -1 -1 -1 -1 -1 -1 -1 -1 -1 -1 -1 -1 -1 -1 -1 -1 -1 -1 -1 -1 -1 -1 -1 23608 23504 23360 23142 22994 22891 22803 22737 22677 22597 22511 22401 21839 20935 19927 19651 18350 17168 16133 15366 14597 13896 13506 13379 13366 13371 13137 12656 11943 11258 10517 9965 9527 9249 9233 9384 9449 9470 9461 9462 9497 9613 9760 9945 10114 10355 10701 11100 11597 12007 12245 12513 12683 12734 12772
-1 -1 -1 -1 -1 -1 -1 -1 -1 -1 -1 -1 -1 -1 -1 -1 -1 -1 -1 -1 -1 -1 -1 -1 -1 -1 -1 -1 -1 -1 -1 -1 -1 23634 23658 23694 23560 23436 23313 23208 23115 23023 22993 22961 22923 22799 22317 21581 20789 20719 19552 17937 16492 15744 15110 14541 14153 13955 13887 13859 13644 13144 12561 11906 11142 10410 9939 9620 9535 9577 9598 9637 9642 9634 9644 9692 9780 9942 10135 10396 10750 11289 12030 12550 12717 12846 12958 12993 13021
-1 -1 -1 -1 -1 -1 -1 -1 -1 -1 -1 -1 -1 -1 -1 -1 -1 -1 -1 -1 -1 -1 -1 -1 -1 -1 -1 -1 -1 -1 -1 -1 -1 23501 23595 23700 23710 23613 23524 23471 23394 23323 23281 23230 23144 22958 22660 22206 21449 21397 20535 18764 17090 16176 15621 15170 14801 14529 14407 14279 14002 13610 13120 12695 12096 11397 10667 10120 9858 9809 9822 9824 9844 9888 9877 9835 9812 9923 10146 10454 10855 11482 12378 12987 13191 13220 13263 13265 13270
-1 -1 -1 -1 -1 -1 -1 -1 -1 -1 -1 -1 -1 -1 -1 -1 -1 -1 -1 -1 -1 -1 -1 -1 -1 -1 -1 -1 -1 -1 -1 -1 -1 23257 23417 23519 23719 23632 23655 23666 23617 23571 23578 23559 23475 23282 22986 22616 21920 21843 20971 19614 17861 16664 16119 15753 15409 15112 14864 14699 14409 14077 13763 13468 13230 12921 11991 11008 10446 10258 10213 10214 10248 10265 10237 10061 9859 9881 10139 10566 11127 11767 12641 13293 13570 13624 13651 13652 13646
-1 -1 -1 -1 -1 -1 -1 -1 -1 -1 -1 -1 -1 -1 -1 -1 -1 -1 -1 -1 -1 -1 -1 -1 -1 -1 -1 -1 -1 -1 -1 -1 22775 22963 23133 23303 23730 23740 23615 23717 23781 23776 23813 23894 23869 23616 23220 22829 22166 22106 21293 20454 18850 17499 16668 16248 15950 15639 15336 15082 14835 14578 14327 14115 13987 13806 13027 11955 11272 10945 10807 10770 10792 10782 10646 10290 9925 9876 10184 10731 11369 11941 12664 13290 13745 13942 14011 14018 14055
-1 -1 -1 -1 -1 -1 -1 -1 -1 -1 -1 -1 -1 -1 -1 -1 -1 -1 -1 -1 -1 -1 -1 -1 -1 -1 -1 -1 -1 -1 -1 22113 22313 22544 22768 22959 23135 23746 23751 23896 23854 23958 24033 24190 24201 23919 23454 23005 22372 22329 21672 21030 20183 18785 17673 17015 16445 16067 15722 15477 15308 15120 14891 14705 14474 14075 13385 12626 12069 11772 11600 11542 11476 11379 11140 10728 10312 10188 10492 11071 11601 12074 12690 13212 13747 14126 14344 14448 14595
-1 -1 -1 -1 -1 -1 -1 -1 -1 -1 -1 -1 -1 -1 -1 -1 -1 -1 -1 -1 -1 -1 -1 -1 -1 -1 -1 -1 -1 -1 -1 21418 21724 22061 22326 22547 22802 23055 23350 23939 23980 24318 24290 24429 24417 24142 23752 23283 22707 22652 22075 21497 20900 20225 19070 18059 17077 16390 16062 15875 15729 15613 15461 15263 14948 14460 13775 13190 12854 12644 12430 12296 12185 12070 11848 11577 11277 11114 11408 11790 12098 12420 12871 13274 13799 14281 14637 14870 15150
-1 -1 -1 -1 -1 -1 -1 -1 -1 -1 -1 -1 -1 -1 -1 -1 -1 -1 -1 -1 -1 -1 -1 -1 -1 -1 -1 -1 -1 -1 -1 20483 20842 21240 21634 22053 22374 22665 22975 23359 23824 24391 24457 24690 24632 24416 24097 23669 23150 23121 22574 22057 21490 21022 20518 19602 18229 17080 16488 16338 16249 16184 16075 15918 15662 15190 14571 14044 13692 13460 13279 13157 13035 12895 12766 12694 12670 12596 12610 12713 12828 13001 13271 13619 14040 14552 14966 15281 15632
-1 -1 -1 -1 -1 -1 -1 -1 -1 -1 -1 -1 -1 -1 -1 -1 -1 -1 -1 -1 -1 -1 -1 -1 -1 -1 -1 -1 -1 -1 -1 19465 20009 20374 20674 21203 21730 22223 22617 22967 23391 23861 24286 24700 24717 24644 24398 24041 23573 23535 23076 22610 22081 21615 21210 20740 19970 18537 17561 17134 16952 16893 16785 16717 16472 16028 15554 15057 14689 14380 14102 13899 13804 13696 13616 13568 13594 13637 13555 13521 13565 13657 13871 14198 14588 14979 15329 15607 15957
-1 -1 -1 -1 -1 -1 -1 -1 -1 -1 -1 -1 -1 -1 -1 -1 -1 -1 -1 -1 -1 -1 -1 -1 -1 -1 -1 -1 -1 -1 -1 18388 18694 19159 19533 20194 20746 21340 21935 22416 22897 23291 23748 24130 24742 24763 24785 24442 24111 24086 23659 23178 22708 22281 21896 21467 20883 20237 19333 18732 18430 18244 18131 18018 17658 17123 16591 16219 15869 15558 15187 14825 14482 14335 14290 14258 14266 14293 14276 14284 14365 14472 14671 14925 15224 15483 15756 16007 16302
-1 -1 -1 -1 -1 -1 -1 -1 -1 -1 -1 -1 -1 -1 -1 -1 -1 -1 -1 -1 -1 -1 -1 -1 -1 -1 -1 -1 -1 -1 -1 17423 17688 18004 18327 18839 19549 20369 21001 21617 22213 22718 23156 23558 23982 24312 24806 24827 24497 24481 24209 23799 23356 22977 22598 22197 21667 21258 20843 20510 20236 20054 20015 19663 19205 18506 17727 17244 16991 16722 16270 15634 15091 14857 14827 14841 14881 14961 15062 15142 15202 15340 15470 15664 15852 16020 16256 16463 16837
-1 -1 -1 -1 -1 -1 -1 -1 -1 -1 -1 -1 -1 -1 -1 -1 -1 -1 -1 -1 -1 -1 -1 -1 -1 -1 -1 -1 -1 -1 -1 16159 16431 16745 17112 17718 18301 19051 19889 20566 21252 21880 22459 22931 23405 23832 24225 24859 24894 24933 24618 24343 24022 23696 23298 22875 22421 22184 21975 21694 21302 20992 20855 20729 20521 19991 18840 18145 17804 17471 16898 16104 15576 15411 15382 15425 15537 15711 15955 16147 16232 16299 16365 16410 16512 16749 17075 17338 17847
