z_partial_results-scen0_calib_server_taylor_infAll_v2_2004-2009/partial_results-scen0_calib_server_taylor_infAll_v2_2004-2009/SID_taylor_Dredge_EEX_Flat_10m.asc
ncols 280
nrows 300
xllcorner 555200.0
yllcorner 5259500.0
cellsize 10.0
nodata_value -9999.0
[rows 234 to 272 of 300, columns 178 to 266 of 280]
18892 18507 17889 17181 16427 15715 15083 14548 13970 13205 12101 10487 8939 7716 6732 6075 5647 5280 4912 4567 4322 4128 3940 3755 3600 3442 3265 3086 2984 2877 2768 2659 2543 2422 2314 2212 2099 1981 1906 1809 1718 1627 1537 1434 1379 1298 1221 1159 1101 1013 939 907 881 855 831 799 785 759 748 -1 -1 -1 -1 -1 -1 -1 -1 -1 -1 -1 -1 -1 -1 -1 -1 -1 -1 -1 -1 -1 -1 -1 -1 -1 -1 -1 -1 -1 -1
18806 18307 17738 16972 16155 15428 14730 14188 13751 13139 12169 10510 8878 7644 6696 6073 5648 5294 4939 4592 4326 4151 3968 3782 3617 3457 3286 3117 3004 2890 2794 2690 2575 2458 2385 2290 2152 2046 1952 1861 1781 1687 1598 1510 1429 1352 1264 1206 1129 1061 987 938 905 869 851 825 797 762 755 -1 -1 -1 -1 -1 -1 -1 -1 -1 -1 -1 -1 -1 -1 -1 -1 -1 -1 -1 -1 -1 -1 -1 -1 -1 -1 -1 -1 -1 -1
18725 18103 17524 16736 15870 14993 14228 13677 13182 12685 11975 10394 8797 7595 6694 6064 5653 5289 4949 4603 4350 4166 3982 3791 3631 3469 3305 3128 3017 2911 2819 2715 2621 2535 2437 2341 2230 2117 1998 1899 1838 1741 1645 1570 1501 1406 1326 1253 1178 1103 1046 966 931 889 866 853 811 771 765 764 -1 -1 -1 -1 -1 -1 -1 -1 -1 -1 -1 -1 -1 -1 -1 -1 -1 -1 -1 -1 -1 -1 -1 -1 -1 -1 -1 -1 -1
18606 17964 17267 16357 15410 14378 13507 12940 12410 11882 11216 9924 8670 7628 6666 6029 5625 5284 4953 4632 4374 4141 3977 3804 3635 3475 3329 3157 3029 2936 2845 2740 2677 2601 2492 2381 2274 2154 2053 1945 1865 1789 1712 1611 1543 1462 1400 1320 1252 1173 1092 1016 960 908 888 865 829 792 779 767 -1 -1 -1 -1 -1 -1 -1 -1 -1 -1 -1 -1 -1 -1 -1 -1 -1 -1 -1 -1 -1 -1 -1 -1 -1 -1 -1 -1 -1
18392 17800 17051 16080 14929 13736 12730 12134 11657 11206 10490 9507 8521 7570 6645 6034 5592 5254 4925 4614 4346 4134 3926 3734 3603 3486 3339 3173 3044 2944 2867 2802 2719 2635 2536 2414 2304 2199 2104 1985 1903 1830 1751 1677 1614 1538 1454 1389 1319 1228 1124 1068 1012 946 904 884 854 818 796 788 -1 -1 -1 -1 -1 -1 -1 -1 -1 -1 -1 -1 -1 -1 -1 -1 -1 -1 -1 -1 -1 -1 -1 -1 -1 -1 -1 -1 -1
18216 17585 16815 15777 14555 13142 12097 11516 11063 10611 9936 9180 8429 7540 6642 6017 5563 5194 4861 4526 4287 4095 3907 3709 3546 3422 3309 3171 3051 2949 2884 2823 2744 2656 2555 2432 2343 2233 2128 2029 1938 1868 1807 1749 1703 1620 1542 1447 1358 1256 1183 1136 1075 975 925 909 913 876 844 -1 -1 -1 -1 -1 -1 -1 -1 -1 -1 -1 -1 -1 -1 -1 -1 -1 -1 -1 -1 -1 -1 -1 -1 -1 -1 -1 -1 -1 -1
17976 17319 16468 15430 14441 13124 12053 11353 10819 10283 9666 8998 8318 7450 6638 5977 5533 5138 4788 4446 4218 4043 3887 3691 3525 3358 3225 3089 3022 2962 2895 2840 2767 2683 2588 2470 2373 2266 2165 2075 1986 1926 1888 1825 1774 1682 1583 1476 1396 1316 1246 1185 1108 1051 993 951 932 906 -1 -1 -1 -1 -1 -1 -1 -1 -1 -1 -1 -1 -1 -1 -1 -1 -1 -1 -1 -1 -1 -1 -1 -1 -1 -1 -1 -1 -1 -1 -1
17536 16889 16079 15116 14321 13434 12553 11644 10844 10099 9450 8815 8238 7435 6590 5945 5479 5081 4715 4403 4172 4007 3845 3664 3497 3330 3177 3057 2993 2946 2892 2830 2770 2712 2637 2530 2426 2330 2249 2142 2073 2008 1943 1894 1848 1772 1667 1555 1453 1383 1304 1237 1165 1133 1073 985 958 -1 -1 -1 -1 -1 -1 -1 -1 -1 -1 -1 -1 -1 -1 -1 -1 -1 -1 -1 -1 -1 -1 -1 -1 -1 -1 -1 -1 -1 -1 -1 -1
17030 16234 15447 14653 13943 13395 12763 11826 10824 9869 9172 8666 8219 7397 6541 5860 5390 4994 4646 4343 4116 3947 3780 3609 3462 3312 3165 3039 2979 2919 2861 2820 2771 2721 2662 2572 2469 2399 2305 2215 2137 2085 2009 1940 1904 1844 1755 1662 1553 1436 1366 1295 1242 1187 1105 1052 -1 -1 -1 -1 -1 -1 -1 -1 -1 -1 -1 -1 -1 -1 -1 -1 -1 -1 -1 -1 -1 -1 -1 -1 -1 -1 -1 -1 -1 -1 -1 -1 -1
16281 15387 14633 13855 13322 12863 12428 11621 10596 9565 8903 8409 7957 7187 6435 5754 5326 4898 4552 4260 4054 3885 3724 3544 3393 3227 3126 3035 2954 2891 2832 2778 2750 2698 2660 2604 2534 2430 2370 2319 2255 2179 2113 2011 1942 1895 1824 1739 1633 1526 1411 1334 1289 1219 1151 -1 -1 -1 -1 -1 -1 -1 -1 -1 -1 -1 -1 -1 -1 -1 -1 -1 -1 -1 -1 -1 -1 -1 -1 -1 -1 -1 -1 -1 -1 -1 -1 -1 -1
15424 14581 13758 12959 12443 11978 11615 11024 10080 9190 8548 8010 7518 6808 6241 5638 5214 4820 4485 4204 3997 3811 3653 3474 3273 3137 3065 2999 2940 2878 2805 2753 2722 2692 2664 2603 2545 2489 2451 2384 2349 2264 2189 2112 2015 1941 1897 1813 1714 1596 1496 1401 1332 1278 -1 -1 -1 -1 -1 -1 -1 -1 -1 -1 -1 -1 -1 -1 -1 -1 -1 -1 -1 -1 -1 -1 -1 -1 -1 -1 -1 -1 -1 -1 -1 -1 -1 -1 -1
14531 13698 12756 12020 11529 11104 10674 10091 9432 8711 8096 7538 6893 6406 5953 5499 5104 4725 4407 4137 3925 3738 3553 3331 3136 3050 2995 2931 2885 2834 2761 2701 2688 2674 2658 2626 2570 2512 2491 2460 2405 2326 2237 2153 2092 1984 1914 1855 1761 1671 1572 1465 1399 -1 -1 -1 -1 -1 -1 -1 -1 -1 -1 -1 -1 -1 -1 -1 -1 -1 -1 -1 -1 -1 -1 -1 -1 -1 -1 -1 -1 -1 -1 -1 -1 -1 -1 -1 -1
13795 12922 11980 11265 10738 10308 9912 9380 8803 8212 7625 7003 6559 6063 5691 5330 4998 4652 4333 4044 3850 3666 3424 3155 3010 2942 2906 2853 2804 2762 2720 2672 2646 2649 2630 2610 2577 2533 2502 2476 2423 2371 2296 2216 2127 2026 1949 1896 1814 1716 1612 1531 -1 -1 -1 -1 -1 -1 -1 -1 -1 -1 -1 -1 -1 -1 -1 -1 -1 -1 -1 -1 -1 -1 -1 -1 -1 -1 -1 -1 -1 -1 -1 -1 -1 -1 -1 -1 -1
13084 12155 11338 10581 10022 9596 9220 8701 8245 7683 7049 6604 6260 5822 5482 5174 4892 4558 4242 3969 3764 3555 3275 3016 2883 2818 2788 2757 2731 2682 2651 2620 2608 2611 2583 2574 2559 2540 2503 2461 2427 2387 2340 2246 2149 2083 1987 1911 1866 1778 1679 -1 -1 -1 -1 -1 -1 -1 -1 -1 -1 -1 -1 -1 -1 -1 -1 -1 -1 -1 -1 -1 -1 -1 -1 -1 -1 -1 -1 -1 -1 -1 -1 -1 -1 -1 -1 -1 -1
12384 11429 10543 9799 9331 8951 8573 8103 7680 7101 6672 6326 5973 5619 5331 5070 4786 4470 4143 3821 3637 3341 3049 2843 2704 2648 2654 2642 2623 2614 2568 2525 2547 2558 2549 2541 2518 2505 2463 2428 2402 2374 2317 2245 2213 2129 2024 1946 1901 1829 -1 -1 -1 -1 -1 -1 -1 -1 -1 -1 -1 -1 -1 -1 -1 -1 -1 -1 -1 -1 -1 -1 -1 -1 -1 -1 -1 -1 -1 -1 -1 -1 -1 -1 -1 -1 -1 -1 -1
11564 10453 9513 8842 8425 8169 7868 7396 7029 6656 6337 6028 5749 5437 5171 4944 4684 4387 4022 3690 3404 3058 2821 2590 2429 2424 2483 2494 2488 2496 2480 2456 2475 2501 2513 2504 2481 2454 2418 2390 2379 2357 2310 2272 2235 2160 2088 1992 1935 -1 -1 -1 -1 -1 -1 -1 -1 -1 -1 -1 -1 -1 -1 -1 -1 -1 -1 -1 -1 -1 -1 -1 -1 -1 -1 -1 -1 -1 -1 -1 -1 -1 -1 -1 -1 -1 -1 -1 -1
10489 9385 8382 7846 7638 7317 7097 6817 6589 6318 6020 5783 5556 5300 5067 4833 4587 4252 3924 3593 3191 2869 2589 2334 2183 2205 2302 2378 2395 2392 2396 2372 2388 2446 2457 2433 2441 2415 2369 2348 2331 2313 2287 2277 2263 2200 2126 2049 -1 -1 -1 -1 -1 -1 -1 -1 -1 -1 -1 -1 -1 -1 -1 -1 -1 -1 -1 -1 -1 -1 -1 -1 -1 -1 -1 -1 -1 -1 -1 -1 -1 -1 -1 -1 -1 -1 -1 -1 -1
9245 8273 7385 6989 6831 6710 6591 6391 6185 5958 5756 5570 5392 5156 4954 4729 4486 4150 3777 3397 3013 2703 2380 2103 1965 1996 2110 2223 2286 2292 2285 2261 2288 2360 2368 2355 2346 2332 2311 2284 2258 2241 2221 2224 2244 2236 2184 -1 -1 -1 -1 -1 -1 -1 -1 -1 -1 -1 -1 -1 -1 -1 -1 -1 -1 -1 -1 -1 -1 -1 -1 -1 -1 -1 -1 -1 -1 -1 -1 -1 -1 -1 -1 -1 -1 -1 -1 -1 -1
8244 7440 6943 6671 6466 6330 6144 6016 5862 5695 5527 5384 5237 5037 4830 4640 4373 4001 3647 3224 2889 2562 2187 1910 1790 1840 1961 2055 2145 2194 2180 2174 2202 2251 2262 2260 2240 2222 2225 2209 2155 2140 2166 2196 -1 -1 -1 -1 -1 -1 -1 -1 -1 -1 -1 -1 -1 -1 -1 -1 -1 -1 -1 -1 -1 -1 -1 -1 -1 -1 -1 -1 -1 -1 -1 -1 -1 -1 -1 -1 -1 -1 -1 -1 -1 -1 -1 -1 -1
7544 6911 6594 6346 6129 5981 5833 5715 5600 5452 5317 5172 5029 4832 4676 4471 4198 3857 3522 3084 2779 2413 2071 1794 1652 1686 1823 1951 2041 2074 2072 2056 2111 2158 2175 2173 2177 2157 2123 2109 2086 2107 2132 -1 -1 -1 -1 -1 -1 -1 -1 -1 -1 -1 -1 -1 -1 -1 -1 -1 -1 -1 -1 -1 -1 -1 -1 -1 -1 -1 -1 -1 -1 -1 -1 -1 -1 -1 -1 -1 -1 -1 -1 -1 -1 -1 -1 -1 -1
6941 6587 6328 6054 5880 5723 5602 5489 5387 5238 5109 4962 4790 4639 4475 4272 4025 3723 3373 2978 2669 2299 2010 1735 1565 1561 1669 1834 1920 1948 1932 1927 1994 2052 2081 2087 2084 2090 2070 2064 2040 2044 -1 -1 -1 -1 -1 -1 -1 -1 -1 -1 -1 -1 -1 -1 -1 -1 -1 -1 -1 -1 -1 -1 -1 -1 -1 -1 -1 -1 -1 -1 -1 -1 -1 -1 -1 -1 -1 -1 -1 -1 -1 -1 -1 -1 -1 -1 -1
6568 6279 6021 5825 5676 5522 5398 5285 5163 5033 4881 4702 4559 4408 4215 4033 3848 3604 3239 2921 2624 2243 1968 1743 1576 1518 1564 1684 1780 1800 1797 1812 1869 1919 1937 1963 1975 1988 2000 2007 2020 -1 -1 -1 -1 -1 -1 -1 -1 -1 -1 -1 -1 -1 -1 -1 -1 -1 -1 -1 -1 -1 -1 -1 -1 -1 -1 -1 -1 -1 -1 -1 -1 -1 -1 -1 -1 -1 -1 -1 -1 -1 -1 -1 -1 -1 -1 -1 -1
6250 5979 5774 5615 5471 5348 5216 5084 4956 4807 4654 4484 4340 4164 3990 3832 3667 3476 3182 2932 2667 2318 2031 1846 1717 1577 1528 1573 1641 1680 1681 1702 1756 1796 1803 1820 1842 1870 1892 1916 1970 -1 -1 -1 -1 -1 -1 -1 -1 -1 -1 -1 -1 -1 -1 -1 -1 -1 -1 -1 -1 -1 -1 -1 -1 -1 -1 -1 -1 -1 -1 -1 -1 -1 -1 -1 -1 -1 -1 -1 -1 -1 -1 -1 -1 -1 -1 -1 -1
5910 5707 5531 5396 5287 5140 5011 4868 4742 4590 4412 4219 4053 3928 3803 3661 3515 3328 3121 2935 2737 2495 2254 2050 1922 1731 1544 1485 1516 1552 1566 1589 1617 1668 1683 1696 1713 1728 1768 1817 1880 -1 -1 -1 -1 -1 -1 -1 -1 -1 -1 -1 -1 -1 -1 -1 -1 -1 -1 -1 -1 -1 -1 -1 -1 -1 -1 -1 -1 -1 -1 -1 -1 -1 -1 -1 -1 -1 -1 -1 -1 -1 -1 -1 -1 -1 -1 -1 -1
5637 5465 5319 5179 5087 4957 4816 4683 4524 4341 4158 3978 3826 3722 3627 3507 3361 3172 3036 2910 2773 2618 2440 2227 2066 1884 1632 1463 1423 1435 1455 1472 1502 1535 1554 1574 1591 1606 1663 1727 -1 -1 -1 -1 -1 -1 -1 -1 -1 -1 -1 -1 -1 -1 -1 -1 -1 -1 -1 -1 -1 -1 -1 -1 -1 -1 -1 -1 -1 -1 -1 -1 -1 -1 -1 -1 -1 -1 -1 -1 -1 -1 -1 -1 -1 -1 -1 -1 -1
5354 5222 5094 4963 4840 4726 4616 4439 4231 4048 3889 3732 3610 3531 3455 3301 3158 3031 2938 2847 2733 2609 2465 2301 2119 1939 1720 1484 1370 1333 1356 1376 1386 1405 1428 1437 1456 1498 1556 -1 -1 -1 -1 -1 -1 -1 -1 -1 -1 -1 -1 -1 -1 -1 -1 -1 -1 -1 -1 -1 -1 -1 -1 -1 -1 -1 -1 -1 -1 -1 -1 -1 -1 -1 -1 -1 -1 -1 -1 -1 -1 -1 -1 -1 -1 -1 -1 -1 -1
5078 4952 4826 4703 4601 4476 4332 4127 3934 3781 3641 3487 3386 3320 3231 3097 3011 2912 2829 2745 2647 2539 2411 2248 2089 1905 1699 1439 1272 1203 1230 1261 1255 1285 1310 1328 1367 1407 -1 -1 -1 -1 -1 -1 -1 -1 -1 -1 -1 -1 -1 -1 -1 -1 -1 -1 -1 -1 -1 -1 -1 -1 -1 -1 -1 -1 -1 -1 -1 -1 -1 -1 -1 -1 -1 -1 -1 -1 -1 -1 -1 -1 -1 -1 -1 -1 -1 -1 -1
4763 4653 4535 4378 4223 4069 3913 3753 3607 3450 3263 3132 3106 3085 3034 2967 2880 2782 2693 2622 2538 2431 2322 2150 1997 1784 1595 1373 1157 1006 1015 1087 1102 1131 1147 1180 1248 -1 -1 -1 -1 -1 -1 -1 -1 -1 -1 -1 -1 -1 -1 -1 -1 -1 -1 -1 -1 -1 -1 -1 -1 -1 -1 -1 -1 -1 -1 -1 -1 -1 -1 -1 -1 -1 -1 -1 -1 -1 -1 -1 -1 -1 -1 -1 -1 -1 -1 -1 -1
4435 4281 4117 3953 3812 3654 3500 3351 3180 3024 2924 2908 2930 2934 2898 2822 2734 2639 2551 2478 2409 2315 2203 2068 1890 1657 1444 1245 1000 832 789 845 891 922 943 1002 -1 -1 -1 -1 -1 -1 -1 -1 -1 -1 -1 -1 -1 -1 -1 -1 -1 -1 -1 -1 -1 -1 -1 -1 -1 -1 -1 -1 -1 -1 -1 -1 -1 -1 -1 -1 -1 -1 -1 -1 -1 -1 -1 -1 -1 -1 -1 -1 -1 -1 -1 -1 -1
3938 3765 3634 3481 3334 3196 3064 2959 2815 2691 2591 2631 2707 2754 2728 2650 2556 2442 2358 2276 2234 2162 2063 1889 1704 1507 1318 1057 802 719 701 706 731 739 754 -1 -1 -1 -1 -1 -1 -1 -1 -1 -1 -1 -1 -1 -1 -1 -1 -1 -1 -1 -1 -1 -1 -1 -1 -1 -1 -1 -1 -1 -1 -1 -1 -1 -1 -1 -1 -1 -1 -1 -1 -1 -1 -1 -1 -1 -1 -1 -1 -1 -1 -1 -1 -1 -1
3390 3230 3108 3020 2957 2872 2764 2619 2444 2291 2182 2252 2410 2522 2524 2439 2342 2229 2135 2069 2022 1966 1853 1688 1517 1331 1137 850 715 668 646 638 660 676 688 -1 -1 -1 -1 -1 -1 -1 -1 -1 -1 -1 -1 -1 -1 -1 -1 -1 -1 -1 -1 -1 -1 -1 -1 -1 -1 -1 -1 -1 -1 -1 -1 -1 -1 -1 -1 -1 -1 -1 -1 -1 -1 -1 -1 -1 -1 -1 -1 -1 -1 -1 -1 -1 -1
2858 2766 2697 2638 2593 2500 2352 2168 2039 1878 1798 1874 2054 2239 2282 2219 2120 1989 1883 1793 1738 1685 1590 1451 1322 1094 861 730 669 623 603 591 595 605 619 -1 -1 -1 -1 -1 -1 -1 -1 -1 -1 -1 -1 -1 -1 -1 -1 -1 -1 -1 -1 -1 -1 -1 -1 -1 -1 -1 -1 -1 -1 -1 -1 -1 -1 -1 -1 -1 -1 -1 -1 -1 -1 -1 -1 -1 -1 -1 -1 -1 -1 -1 -1 -1 -1
2280 2228 2178 2121 2105 2060 1944 1782 1642 1563 1539 1613 1787 1955 2002 1983 1872 1725 1604 1527 1459 1410 1336 1208 1007 791 713 677 633 587 550 535 532 543 557 -1 -1 -1 -1 -1 -1 -1 -1 -1 -1 -1 -1 -1 -1 -1 -1 -1 -1 -1 -1 -1 -1 -1 -1 -1 -1 -1 -1 -1 -1 -1 -1 -1 -1 -1 -1 -1 -1 -1 -1 -1 -1 -1 -1 -1 -1 -1 -1 -1 -1 -1 -1 -1 -1
1664 1628 1619 1609 1600 1567 1491 1408 1353 1307 1308 1397 1509 1608 1658 1618 1541 1427 1351 1283 1215 1090 944 816 732 680 636 620 592 545 512 494 482 488 502 -1 -1 -1 -1 -1 -1 -1 -1 -1 -1 -1 -1 -1 -1 -1 -1 -1 -1 -1 -1 -1 -1 -1 -1 -1 -1 -1 -1 -1 -1 -1 -1 -1 -1 -1 -1 -1 -1 -1 -1 -1 -1 -1 -1 -1 -1 -1 -1 -1 -1 -1 -1 -1 -1
1225 1174 1145 1122 1106 1083 1042 990 965 964 1004 1095 1211 1290 1313 1288 1227 1130 1010 910 842 743 714 683 653 618 593 575 537 507 476 453 440 445 -1 -1 -1 -1 -1 -1 -1 -1 -1 -1 -1 -1 -1 -1 -1 -1 -1 -1 -1 -1 -1 -1 -1 -1 -1 -1 -1 -1 -1 -1 -1 -1 -1 -1 -1 -1 -1 -1 -1 -1 -1 -1 -1 -1 -1 -1 -1 -1 -1 -1 -1 -1 -1 -1 -1
729 704 691 673 664 658 667 679 696 712 722 737 777 817 806 778 753 735 718 694 671 647 629 616 590 553 531 511 491 456 434 408 393 -1 -1 -1 -1 -1 -1 -1 -1 -1 -1 -1 -1 -1 -1 -1 -1 -1 -1 -1 -1 -1 -1 -1 -1 -1 -1 -1 -1 -1 -1 -1 -1 -1 -1 -1 -1 -1 -1 -1 -1 -1 -1 -1 -1 -1 -1 -1 -1 -1 -1 -1 -1 -1 -1 -1 -1
606 579 548 527 520 524 536 562 594 621 634 645 650 659 656 649 637 628 624 615 598 585 571 546 526 501 481 459 439 412 391 379 372 -1 -1 -1 -1 -1 -1 -1 -1 -1 -1 -1 -1 -1 -1 -1 -1 -1 -1 -1 -1 -1 -1 -1 -1 -1 -1 -1 -1 -1 -1 -1 -1 -1 -1 -1 -1 -1 -1 -1 -1 -1 -1 -1 -1 -1 -1 -1 -1 -1 -1 -1 -1 -1 -1 -1 -1
509 463 435 404 400 417 438 466 506 541 564 572 577 574 567 561 556 551 549 533 523 517 500 484 461 448 431 415 392 377 363 351 334 -1 -1 -1 -1 -1 -1 -1 -1 -1 -1 -1 -1 -1 -1 -1 -1 -1 -1 -1 -1 -1 -1 -1 -1 -1 -1 -1 -1 -1 -1 -1 -1 -1 -1 -1 -1 -1 -1 -1 -1 -1 -1 -1 -1 -1 -1 -1 -1 -1 -1 -1 -1 -1 -1 -1 -1
419 381 361 344 331 352 371 398 444 479 498 496 497 493 486 480 478 473 470 464 462 458 447 426 411 395 384 373 364 353 322 317 316 -1 -1 -1 -1 -1 -1 -1 -1 -1 -1 -1 -1 -1 -1 -1 -1 -1 -1 -1 -1 -1 -1 -1 -1 -1 -1 -1 -1 -1 -1 -1 -1 -1 -1 -1 -1 -1 -1 -1 -1 -1 -1 -1 -1 -1 -1 -1 -1 -1 -1 -1 -1 -1 -1 -1 -1
