pipers_setup_files/pipersCreek_10m_velma/piper_Dredge_EEX_Flat_10m.asc
ncols 287
nrows 511
xllcorner 546119.6347
yllcorner 5281269.058
cellsize 10.0
nodata_value -9999.0
[rows 392 to 419 of 511, columns 63 to 125 of 287]
104.9399 105.1308 105.3547 105.5687 105.7753 105.9363 106.0941 106.2749 106.4169 106.5856 106.8103 106.9561 107.1206 107.3121 107.4511 107.5475 107.6142 107.6896 107.7935 107.8997 107.9805 108.0195 108.1121 108.1545 108.1885 108.1946 108.2027 108.2391 108.2448 108.2405 108.2437 108.2443 108.2309 108.2172 108.2637 108.2692 108.2834 108.1608 108.0917 108.0867 108.0494 107.986 107.8953 107.7392 107.4716 107.104 106.8833 106.788 106.6128 106.4372 106.3176 106.2148 105.9301 105.4103 104.8814 104.1739 103.4364 102.7491 102.1969 101.6498 101.1534 100.7169 100.3607
104.8472 104.9833 105.2246 105.4794 105.6742 105.8356 105.9909 106.1679 106.3208 106.5115 106.7685 106.9406 107.1851 107.3185 107.3879 107.5241 107.6061 107.68 107.7483 107.8842 107.9332 107.9585 108.0705 108.1113 108.1309 108.1379 108.1329 108.1417 108.18 108.2036 108.2353 108.21940000000001 108.2288 108.218 108.2148 108.2212 108.2769 108.1557 108.0363 108.0609 108.0796 107.956 107.8938 107.7905 107.4833 107.0498 106.7239 106.6065 106.5146 106.3335 106.2336 106.0892 105.7336 105.3014 104.8279 104.1752 103.4321 102.7479 102.1955 101.6463 101.1595 100.7588 100.4186
104.7666 104.9462 105.1683 105.3737 105.5719 105.7367 105.8963 106.0613 106.2598 106.4429 106.6705 106.8661 107.125 107.2654 107.4023 107.4971 107.5781 107.6271 107.7026 107.8305 107.8962 107.9218 108.0097 108.0507 108.0937 108.1028 108.0935 108.096 108.1374 108.2065 108.2383 108.2184 108.233 108.2067 108.1814 108.2176 108.2928 108.1953 108.0077 107.997 108.0249 107.95 107.8916 107.787 107.5253 107.0653 106.6846 106.5261 106.413 106.2447 106.1189 105.9009 105.534 105.1468 104.7558 104.1796 103.4507 102.7234 102.1337 101.6338 101.1553 100.7784 100.5375
104.6752 104.847 105.0792 105.2844 105.4804 105.6465 105.8082 105.9746 106.1841 106.3896 106.6535 106.8899 107.0964 107.2231 107.3674 107.4576 107.5179 107.6001 107.69 107.7476 107.8142 107.8625 107.973 108.0098 108.0235 108.0415 108.0902 108.1023 108.1011 108.1443 108.1819 108.1574 108.1741 108.1603 108.187 108.2128 108.2324 108.2086 108.1457 108.0102 107.996 107.9989 107.8985 107.7517 107.5714 107.1242 106.6851 106.4096 106.2658 106.1037 105.8997 105.6314 105.3304 104.9454 104.5936 104.0558 103.4029 102.7237 102.1648 101.6399 101.2166 100.9196 100.795
104.6485 104.8233 105.057 105.2777 105.4448 105.5995 105.7609 105.9474 106.1568 106.3482 106.6363 106.8583 107.0309 107.159 107.3249 107.4063 107.4646 107.5533 107.6834 107.7189 107.7773 107.8253 107.9176 107.948 107.9346 107.9501 108.0206 108.0448 108.0347 108.0409 108.0757 108.1112 108.1186 108.1171 108.1839 108.2027 108.1808 108.167 108.1899 108.04 107.9949 107.9864 107.8853 107.7641 107.6244 107.2285 106.7265 106.3167 106.1033 105.8889 105.6649 105.431 105.1409 104.8093 104.4837 103.9843 103.3847 102.7492 102.2508 101.7724 101.46 101.2599 101.1
104.5995 104.856 105.0695 105.2606 105.4139 105.5592 105.7033 105.862 106.05 106.2849 106.5698 106.7585 106.9859 107.1203 107.2649 107.3587 107.4134 107.51 107.6188 107.6477 107.7277 107.7989 107.8433 107.8982 107.9024 107.8995 107.9276 107.9377 107.9289 107.9337 108.0053 108.0812 108.045 108.047 108.123 108.1457 108.1281 108.1177 108.1762 108.0914 107.9449 107.916 107.8555 107.7889 107.6355 107.3478 106.8708 106.3528 106.053 105.7684 105.4972 105.2532 104.9903 104.6556 104.3267 103.8977 103.3603 102.794 102.422 102.0813 101.8488 101.6233 101.3004
104.5578 104.7821 104.982 105.1767 105.3609 105.5082 105.6565 105.7925 105.9683 106.1954 106.4696 106.711 106.9487 107.1065 107.1746 107.2722 107.3779 107.4306 107.5232 107.6027 107.6465 107.7103 107.731 107.7662 107.8255 107.8416 107.8971 107.8971 107.8302 107.8364 107.9306 107.9817 107.999 108.0022 108.036 108.0945 108.0987 108.1052 108.1471 108.0887 107.9139 107.8812 107.8622 107.774 107.6136 107.4286 107.0235 106.5031 106.1314 105.8184 105.4757 105.1748 104.8811 104.5112 104.1852 103.7961 103.3432 102.887 102.5923 102.3723 102.132 101.8326 101.4503
104.5542 104.7112 104.8767 105.0855 105.288 105.4535 105.6115 105.7684 105.9619 106.1766 106.4427 106.6291 106.8268 107.0201 107.1427 107.2384 107.3126 107.4075 107.4961 107.5307 107.6059 107.694 107.7049 107.7029 107.7359 107.8021 107.8305 107.8312 107.8074 107.8007 107.8165 107.8397 107.9097 107.944 108.0 108.036 108.0226 108.034 108.1049 108.1643 108.0847 107.909 107.8254 107.7232 107.6013 107.4103 107.0855 106.637 106.26 105.9205 105.5474 105.1599 104.8081 104.4659 104.16 103.7505 103.3724 103.0371 102.763 102.4914 102.2012 101.8443 101.4959
104.4658 104.6805 104.882 105.0608 105.2351 105.3941 105.5826 105.7766 105.9035 106.0741 106.3685 106.5994 106.8031 106.9997 107.1428 107.2456 107.2841 107.3323 107.4229 107.5093 107.594 107.6538 107.6914 107.6334 107.628 107.7329 107.7953 107.747 107.7425 107.8034 107.8092 107.8181 107.8865 107.9095 107.9146 107.9587 108.0512 108.0177 108.0419 108.1563 108.1023 107.8426 107.7871 107.7316 107.5686 107.4122 107.0892 106.6629 106.294 105.9624 105.5884 105.149 104.7746 104.4707 104.1691 103.7576 103.382 103.0734 102.7697 102.4067 102.0998 101.7446 101.4193
104.459 104.6083 104.7805 104.993 105.2071 105.3751 105.5392 105.694 105.8616 106.063 106.3166 106.542 106.7932 106.9456 107.0718 107.1749 107.2187 107.2934 107.3858 107.4452 107.5232 107.5454 107.5643 107.6041 107.661 107.7074 107.7195 107.6497 107.6347 107.6643 107.6745 107.7327 107.8334 107.8995 107.902 107.9136 107.9596 107.9375 107.9446 108.0327 108.0401 107.9192 107.7585 107.6872 107.5371 107.3957 107.087 106.6785 106.2763 105.91 105.5659 105.1595 104.7795 104.4645 104.1054 103.7044 103.3759 103.0587 102.6943 102.3057 101.927 101.5315 101.2251
104.3661 104.521 104.7296 104.9654 105.1469 105.3056 105.4977 105.6838 105.8562 106.0701 106.3768 106.5864 106.8029 106.9182 107.0228 107.0869 107.1616 107.2324 107.3236 107.4098 107.4835 107.4511 107.494 107.5999 107.6466 107.6331 107.5705 107.5464 107.5962 107.59 107.548 107.6242 107.7414 107.8418 107.8982 107.9094 107.8948 107.8399 107.8414 107.9212 107.9569 107.9103 107.7205 107.6154 107.4997 107.3349 107.0703 106.6731 106.2646 105.8861 105.5631 105.1698 104.772 104.4109 104.0523 103.6776 103.3604 102.9949 102.6086 102.2459 101.8379 101.3906 101.0343
104.2592 104.4837 104.6953 104.8791 105.0395 105.2021 105.4347 105.6706 105.8605 106.0483 106.2819 106.5118 106.6671 106.8238 106.9626 107.0562 107.1617 107.2147 107.2924 107.3338 107.3576 107.4032 107.4307 107.4622 107.5229 107.5384 107.5033 107.4712 107.5148 107.4494 107.4362 107.5845 107.6566 107.7275 107.7614 107.7857 107.8148 107.7521 107.7856 107.8388 107.8383 107.7597 107.6403 107.5131 107.3683 107.2299 107.0067 106.6206 106.2693 105.8847 105.5594 105.1674 104.7709 104.3611 104.0137 103.6581 103.3151 102.944 102.5694 102.1912 101.7957 101.3398 100.9715
104.1654 104.4474 104.698 104.8568 104.996 105.1526 105.3641 105.6253 105.8587 106.0454 106.2917 106.4961 106.628 106.7859 106.8718 107.026 107.101 107.1367 107.2049 107.2452 107.299 107.3206 107.3401 107.4048 107.4408 107.4293 107.3567 107.3201 107.3611 107.4062 107.4141 107.4634 107.5516 107.6277 107.6297 107.6493 107.7031 107.6814 107.7862 107.7412 107.6566 107.6203 107.5452 107.4307 107.2413 107.0433 106.8511 106.5925 106.2838 105.8761 105.5025 105.0906 104.6994 104.2949 103.9848 103.6581 103.2844 102.8814 102.5132 102.1453 101.7618 101.3637 101.0298
104.071 104.2815 104.5532 104.7739 104.9347 105.1119 105.3249 105.5606 105.8051 106.056 106.2972 106.4476 106.6049 106.7476 106.8904 106.9959 107.0412 107.0584 107.1692 107.1537 107.2305 107.2912 107.2618 107.3179 107.3414 107.3318 107.3138 107.2932 107.2668 107.3244 107.3401 107.3316 107.3897 107.5234 107.5567 107.6096 107.6212 107.5517 107.5863 107.6351 107.6067 107.542 107.4197 107.2265 107.126 106.948 106.7257 106.4764 106.2246 105.8835 105.4855 105.074 104.6762 104.2741 103.9144 103.5878 103.1984 102.8019 102.4619 102.1078 101.7617 101.3678 100.9925
104.0087 104.1965 104.4497 104.6855 104.8752 105.0476 105.2849 105.5612 105.7975 106.044 106.2794 106.415 106.5968 106.7193 106.8556 106.9056 106.9756 107.0005 107.0597 107.0931 107.1353 107.1554 107.1516 107.218 107.2365 107.2342 107.233 107.1707 107.1529 107.2291 107.2457 107.232 107.2483 107.356 107.4497 107.5389 107.5283 107.4398 107.439 107.5322 107.5366 107.4373 107.2414 106.9947 106.8903 106.7682 106.5425 106.2666 106.0497 105.7606 105.4079 105.0021 104.5961 104.206 103.8642 103.5133 103.1593 102.7608 102.4013 102.0639 101.6937 101.3089 100.9523
103.95 104.1947 104.4002 104.6353 104.841 105.0031 105.2477 105.5063 105.7263 105.997 106.2709 106.3697 106.5509 106.713 106.8243 106.901 106.9455 106.9348 106.9664 107.0361 107.0892 107.0886 107.0917 107.1379 107.1842 107.1405 107.0783 107.0179 106.9905 107.0632 107.0753 107.0778 107.137 107.242 107.3321 107.3915 107.4205 107.3454 107.3315 107.3775 107.365 107.2747 107.0977 106.7723 106.5929 106.5069 106.3643 106.1216 105.8549 105.5535 105.2555 104.8967 104.5168 104.1628 103.7993 103.4108 103.1043 102.754 102.3704 101.9862 101.608 101.2519 100.8957
103.8835 104.111 104.3608 104.5831 104.7951 105.0057 105.2517 105.4576 105.6873 105.9385 106.2099 106.376 106.5168 106.646 106.7704 106.8785 106.8919 106.897 106.9774 107.0041 107.0265 107.0286 107.0406 107.1085 107.1363 107.0442 106.932 106.8644 106.891 106.928 106.9278 106.9285 106.9696 107.0681 107.1647 107.258 107.3208 107.2475 107.2247 107.2366 107.2173 107.1327 107.003 106.684 106.4116 106.254 106.1558 105.9404 105.6659 105.4022 105.1217 104.8024 104.4741 104.1023 103.7664 103.361 103.0172 102.6811 102.2972 101.8907 101.5626 101.181 100.8104
103.7981 104.0073 104.2751 104.5013 104.7368 105.0006 105.2449 105.4544 105.6843 105.9107 106.1667 106.3421 106.4674 106.6157 106.7273 106.7825 106.8519 106.8924 106.9062 106.9254 106.9942 106.9937 106.9392 106.9533 106.962 106.8576 106.7651 106.7929 106.8352 106.8333 106.8319 106.8286 106.8472 106.9185 106.974 107.0819 107.1492 107.1314 107.1297 107.1351 107.1367 107.1219 106.9995 106.6968 106.3869 106.1191 105.947 105.7564 105.5227 105.2505 105.0072 104.7163 104.4165 104.0771 103.6949 103.2993 102.9649 102.6037 102.2547 101.8599 101.499 101.1408 100.7669
103.688 103.9115 104.1708 104.4474 104.706 104.9583 105.1913 105.4106 105.6235 105.8616 106.1046 106.2458 106.4197 106.5525 106.6661 106.7413 106.7879 106.8163 106.881 106.9534 106.9449 106.9259 106.9122 106.8797 106.7724 106.7184 106.7039 106.7252 106.732 106.731 106.7316 106.7277 106.7445 106.8176 106.8261 106.8739 107.0394 107.1068 107.0395 107.0297 107.0326 106.9578 106.8369 106.6132 106.3231 106.065 105.8245 105.604 105.336 105.113 104.8989 104.5969 104.2986 104.008 103.678 103.2761 102.892 102.5751 102.2643 101.8562 101.4734 101.1438 100.7588
103.6158 103.8381 104.0808 104.3555 104.6571 104.9083 105.1386 105.3343 105.5726 105.8005 106.0473 106.2035 106.3725 106.4651 106.5707 106.6821 106.7393 106.7781 106.8856 106.9351 106.8527 106.8229 106.8504 106.8135 106.6474 106.6189 106.64 106.6358 106.6296 106.6301 106.631 106.6272 106.648 106.7232 106.7275 106.7386 106.8625 106.9742 106.9966 106.9314 106.8616 106.8309 106.7733 106.5274 106.2919 106.0672 105.7744 105.4962 105.2839 105.0736 104.8267 104.579 104.269 103.9048 103.5783 103.1999 102.8759 102.5523 102.2029 101.8466 101.4766 101.14 100.7655
103.5751 103.8038 104.029 104.275 104.5829 104.8587 105.0945 105.2952 105.5083 105.7552 106.0423 106.1688 106.3192 106.4598 106.5348 106.6178 106.7008 106.7751 106.8219 106.8119 106.7299 106.6726 106.6779 106.655 106.5454 106.5187 106.5271 106.5271 106.5281 106.5298 106.5305 106.5226 106.5437 106.6172 106.6292 106.6377 106.7167 106.8357 106.9147 106.8378 106.7867 106.794 106.7229 106.4915 106.2841 106.0801 105.843 105.5374 105.2799 105.0127 104.7744 104.5031 104.2079 103.8705 103.5597 103.1733 102.8742 102.5422 102.1881 101.8402 101.4846 101.1378 100.7631
103.4743 103.7088 103.9895 104.2491 104.5318 104.8072 105.0429 105.2451 105.4653 105.7525 106.032 106.1176 106.2803 106.4715 106.5475 106.5718 106.6073 106.699 106.7108 106.6587 106.5764 106.5192 106.5213 106.5055 106.4398 106.4246 106.4301 106.4284 106.4293 106.4283 106.4287 106.4257 106.4465 106.5149 106.5412 106.586 106.6381 106.7282 106.7772 106.7798 106.7497 106.7285 106.6301 106.4764 106.3053 106.129 105.8999 105.6402 105.345 105.0358 104.7727 104.4665 104.1766 103.8618 103.512 103.1661 102.88 102.5439 102.1844 101.8423 101.4787 101.1397 100.764
103.3942 103.6211 103.8942 104.1819 104.4791 104.729 104.9581 105.1845 105.4593 105.7524 105.9956 106.1089 106.1897 106.3422 106.4612 106.484 106.5466 106.594 106.537 106.4512 106.4055 106.3679 106.3602 106.3558 106.3311 106.3253 106.3244 106.3257 106.3268 106.3267 106.3271 106.3242 106.3436 106.4072 106.4473 106.5168 106.546 106.6115 106.6489 106.7195 106.6944 106.6257 106.5832 106.4945 106.3618 106.1811 105.9496 105.6756 105.3768 105.0717 104.776 104.4722 104.1816 103.8594 103.4823 103.1696 102.8576 102.4883 102.1643 101.8657 101.535 101.1538 100.7604
103.3172 103.5317 103.7832 104.073 104.3751 104.6423 104.8893 105.1337 105.4264 105.7351 105.9642 106.0936 106.1519 106.2566 106.3727 106.4386 106.4726 106.4457 106.3954 106.3176 106.2603 106.2286 106.2191 106.221 106.2264 106.2285 106.2281 106.2294 106.2267 106.2267 106.2274 106.2249 106.2447 106.3101 106.3499 106.411 106.4458 106.5169 106.5362 106.5737 106.6265 106.6115 106.5918 106.5005 106.3949 106.2623 106.0464 105.749 105.4548 105.136 104.7816 104.4678 104.1811 103.8535 103.4637 103.155 102.869 102.5522 102.2323 101.8749 101.5505 101.1581 100.7669
103.2022 103.4518 103.7195 103.9806 104.2786 104.5863 104.8757 105.1008 105.3799 105.7063 105.969 106.058 106.1003 106.215 106.3289 106.381 106.3686 106.3081 106.2852 106.2112 106.1219 106.1188 106.1305 106.1299 106.1298 106.1253 106.1263 106.127 106.1277 106.129 106.1295 106.1209 106.14 106.2061 106.2441 106.3112 106.3444 106.4184 106.4277 106.4206 106.465 106.5341 106.5388 106.4908 106.4027 106.2816 106.1014 105.8333 105.4954 105.1691 104.8414 104.4697 104.1663 103.8735 103.6131 103.2305 102.8738 102.5462 102.2009 101.8667 101.5617 101.1536 100.7648
103.1376 103.3975 103.6887 103.9175 104.2075 104.5161 104.8089 105.0331 105.3343 105.6544 105.9374 105.9983 106.0492 106.1794 106.2777 106.2938 106.3041 106.2137 106.154 106.1133 106.0445 106.0206 106.0228 106.0214 106.022 106.0235 106.0247 106.0229 106.0211 106.023 106.0228 106.0206 106.0402 106.1238 106.1896 106.219 106.2404 106.3195 106.3366 106.3239 106.32 106.3696 106.4253 106.4381 106.3942 106.292 106.1487 105.8803 105.5414 105.1776 104.875 104.5333 104.239 103.9461 103.6718 103.2838 102.9348 102.5411 102.1704 101.8634 101.5596 101.154 100.7669
103.0962 103.3395 103.6107 103.8645 104.1437 104.4215 104.688 104.9371 105.2292 105.5208 105.7991 105.9198 106.0372 106.0866 106.1604 106.2408 106.2541 106.1154 106.0631 106.0621 105.996 105.919 105.8733 105.8624 105.8675 105.8684 105.8665 105.8682 105.8701 105.8726 105.8636 105.8687 105.9256 106.0358 106.1261 106.1272 106.1339 106.2123 106.2316 106.2264 106.2211 106.2188 106.2667 106.3363 106.3819 106.2976 106.132 105.8882 105.574 105.1968 104.9144 104.593 104.2897 103.9766 103.6134 103.2767 102.9605 102.5757 102.2188 101.8734 101.567 101.2007 100.7789
103.0315 103.2393 103.4853 103.7714 104.0557 104.3233 104.5918 104.8329 105.0948 105.3688 105.646 105.7569 105.9309 106.0384 106.0932 106.1701 106.168 106.0792 106.0731 106.0817 105.9931 105.8333 105.7257 105.7124 105.7123 105.7141 105.7115 105.7126 105.7114 105.7116 105.7096 105.7279 105.8226 105.9215 105.9766 106.0184 106.032 106.0708 106.1218 106.1288 106.1284 106.1167 106.1249 106.2348 106.3209 106.2395 106.0666 105.8287 105.5663 105.2563 104.9739 104.6293 104.2826 103.9553 103.5796 103.2534 102.913 102.5612 102.2037 101.8698 101.5653 101.1923 100.7591
