pipers_setup_files/pipersCreek_10m_velma/piper_Dredge_EEX_Flat_10m.asc
ncols 287
nrows 511
xllcorner 546119.6347
yllcorner 5281269.058
cellsize 10.0
nodata_value -9999.0
[rows 336 to 363 of 511, columns 0 to 62 of 287]
-1.0 66.95547 68.69437 70.37186 71.46421 72.55154 74.0104 75.73465 77.47272 79.70546 81.83611 83.27872 84.66744 85.74831 86.29172 86.633 86.76064 86.89835 87.12669 87.68256 88.46857 89.27789 89.81714 90.03058 90.15819 90.39101 90.65373 91.14372 91.86319 92.67902 93.49615 94.15903 94.67672 95.15961 95.78601 98.25823 100.6185 101.2508 101.2229 101.2889 101.4007 101.5858 101.7403 101.959 102.2345 102.4734 102.6383 102.7854 102.9087 103.078 103.3438 103.5965 103.7971 104.0498 104.2799 104.485 104.7425 105.0136 105.3015 105.652 105.9676 106.2976 106.6543
-1.0 68.13586 69.7106 71.2865 72.55438 73.97765 75.51386 77.1151 79.03528 81.27364 83.24026 85.18309 86.49064 87.09717 87.30935 87.47334 87.70595 88.05083 88.42602 89.11158 89.72752 90.15429 90.50137 90.69731 90.82539 90.90508 90.99484 91.33197 91.99313 92.84805 93.65572 94.23251 94.67871 95.13199 95.82618 98.81997 101.1407 101.4494 101.4811 101.6453 101.7862 101.915 102.062 102.1673 102.3105 102.5376 102.758 102.8377 102.9126 103.1049 103.3073 103.561 103.7887 104.0088 104.1919 104.4493 104.7388 105.0086 105.2939 105.6461 105.9747 106.3061 106.6665
-1.0 69.22958 70.56148 71.94271 73.33098 74.89639 76.44807 78.09276 79.8399 81.85032 83.8142 85.71955 86.66748 87.20725 87.68645 88.03867 88.53595 89.09173 89.57354 90.25036 90.77923 91.02342 91.23191 91.4155 91.50538 91.54961 91.62234 91.90011 92.43133 93.19765 93.94455 94.52074 94.87238 95.2052 95.87524 98.84771 101.1238 101.4419 101.5769 101.8197 101.9691 102.1055 102.3024 102.3692 102.3952 102.5731 102.7543 102.8226 102.8999 103.0832 103.2318 103.4257 103.679 103.8983 104.0733 104.3936 104.6974 104.9685 105.2472 105.5953 105.9667 106.3064 106.6743
-1.0 69.87349 71.03466 72.37858 73.82853 75.44077 76.99631 78.76491 80.38683 82.25634 84.13117 85.77733 86.76071 87.42043 87.93552 88.46736 89.17455 89.90425 90.49763 91.0771 91.53347 91.74515 91.87864 92.078 92.21567 92.29063 92.41149 92.69553 93.09603 93.66929 94.26936 94.81552 95.16441 95.3144 95.83919 98.70313 101.0891 101.4079 101.54 101.7775 101.9875 102.205 102.3551 102.4568 102.4954 102.5999 102.6725 102.742 102.8522 103.0028 103.1317 103.2771 103.4825 103.7021 103.9462 104.3133 104.6373 104.9073 105.205 105.5497 105.8951 106.2821 106.6849
-1.0 70.22105 71.28669 72.70585 74.1694 75.76692 77.39377 79.19039 80.85268 82.52567 84.20805 85.68586 86.65347 87.36981 88.06187 88.77882 89.52615 90.28294 90.96441 91.55714 91.92912 92.21133 92.45798 92.6749 92.86127 93.01002 93.1452 93.50041 93.82789 94.17033 94.5975 95.13229 95.61536 95.74943 96.15472 98.8461 101.0345 101.3746 101.4893 101.7142 101.9472 102.1814 102.3248 102.4756 102.5262 102.5485 102.5734 102.6335 102.7226 102.8248 102.9326 103.0478 103.2092 103.454 103.8009 104.1996 104.5384 104.8591 105.1877 105.5315 105.8614 106.2677 106.6759
-1.0 70.37306 71.48402 72.97649 74.4418 76.05556 77.76443 79.58461 81.27506 82.78461 84.1771 85.50369 86.43833 87.31436 88.23676 89.14284 89.7868 90.47858 91.16519 91.77923 92.20815 92.62125 92.99149 93.27364 93.52476 93.77446 93.91768 94.25517 94.51954 94.66271 94.95617 95.43952 96.06859 96.61105 97.44535 99.48164 100.9734 101.3605 101.4888 101.6763 101.8523 102.0413 102.207 102.3637 102.4353 102.3762 102.3468 102.4166 102.4801 102.5523 102.6515 102.7417 102.8896 103.1699 103.5851 104.037 104.4088 104.7605 105.0881 105.4509 105.8274 106.2236 106.6065
-1.0 70.4654 71.59612 73.09779 74.58047 76.22302 77.92898 79.81863 81.50518 83.0044 84.26958 85.44917 86.42999 87.43275 88.50591 89.50625 90.07417 90.59626 91.21208 91.82787 92.4006 92.94376 93.447 93.89098 94.22326 94.46692 94.64606 94.91547 95.13906 95.22781 95.3746 95.68674 96.26617 97.2601 98.6361 100.118 100.9802 101.342 101.4906 101.6527 101.7864 101.9068 102.039 102.1479 102.1862 102.0928 102.0671 102.095 102.1344 102.2253 102.3302 102.4341 102.5851 102.915 103.3581 103.8658 104.2982 104.6686 104.9992 105.4055 105.7877 106.1919 106.5856
-1.0 70.58172 71.64676 73.11328 74.64139 76.34872 78.11049 80.03493 81.60693 83.14619 84.44355 85.65565 86.66254 87.64872 88.74724 89.88744 90.56906 90.88933 91.37045 92.02822 92.63306 93.25133 93.87749 94.45312 94.89256 95.24751 95.48078 95.66614 95.78423 95.81893 95.8681 95.9912 96.41676 97.54306 99.10892 100.3216 100.9768 101.3131 101.4467 101.589 101.6795 101.7539 101.8434 101.8884 101.8311 101.758 101.7586 101.7705 101.7826 101.8553 101.9449 102.042 102.2015 102.5926 103.1348 103.7166 104.2308 104.6428 104.9769 105.3888 105.7798 106.1688 106.5441
-1.0 70.61811 71.66032 73.21445 74.72694 76.48732 78.26516 80.13902 81.73242 83.24982 84.63192 85.88999 86.88055 87.86217 88.9783 90.1273 91.02664 91.50795 91.86151 92.39782 92.9828 93.69468 94.37727 94.96897 95.46001 95.88357 96.14227 96.26584 96.2858 96.27999 96.33167 96.40193 96.76897 97.79497 99.24915 100.3644 100.9305 101.225 101.336 101.4367 101.4767 101.5303 101.5852 101.5822 101.5141 101.4781 101.4789 101.4769 101.4719 101.48 101.5347 101.6296 101.8569 102.2928 102.9214 103.5897 104.1641 104.639 104.9934 105.4027 105.79 106.1411 106.4971
-1.0 70.6177 71.73256 73.36604 74.87435 76.57724 78.43519 80.29845 81.92222 83.4272 84.87114 86.12717 87.0585 88.02836 89.13004 90.27739 91.17399 91.89845 92.32551 92.67293 93.20144 94.03404 94.79234 95.47874 95.98559 96.29248 96.53543 96.70033 96.72277 96.71165 96.78842 96.92895 97.36468 98.19817 99.26949 100.2971 100.8555 101.1101 101.1871 101.2194 101.2674 101.3032 101.2973 101.294 101.2562 101.1945 101.1817 101.1897 101.1926 101.1893 101.1725 101.244 101.5749 102.1527 102.7891 103.4361 104.0067 104.5397 104.954 105.3746 105.7472 106.1132 106.5137
-1.0 70.68284 71.81904 73.46346 75.04163 76.76908 78.59016 80.45828 82.09112 83.64697 85.08035 86.28428 87.17001 88.14847 89.23478 90.35117 91.17014 91.80405 92.17611 92.549 93.32474 94.37697 95.17487 95.83527 96.26065 96.53984 96.78915 96.94817 97.0393 97.08659 97.15478 97.35956 97.78818 98.44735 99.24902 100.1063 100.5516 100.7647 100.9102 101.0497 101.0837 101.0854 101.0975 101.0855 101.0473 101.0113 100.9902 100.9831 100.9809 100.9619 100.9629 101.092 101.472 102.0681 102.6709 103.2964 103.8572 104.3725 104.8367 105.2718 105.6567 106.0956 106.5512
-1.0 70.72984 71.93214 73.82814 75.49947 77.18068 78.96589 80.71978 82.24688 83.85399 85.21829 86.36142 87.26409 88.24805 89.28638 90.3418 90.94258 91.16518 91.46526 92.29094 93.57893 94.73289 95.49648 96.08694 96.44017 96.74458 97.04812 97.23928 97.37814 97.44646 97.50194 97.71986 98.13528 98.61095 99.1776 99.72108 99.95999 100.0861 100.3373 100.5756 100.6628 100.7262 100.8142 100.8138 100.8066 100.849 100.7942 100.761 100.7712 100.7826 100.8828 101.0882 101.4708 102.0208 102.5827 103.2031 103.788 104.3621 104.7817 105.1721 105.6197 106.0812 106.5211
-1.0 70.92214 72.27036 74.45068 76.293 78.1106 79.74987 81.22021 82.51508 84.05553 85.37481 86.41209 87.2811 88.181 89.16122 89.97876 90.3209 90.58352 91.17903 92.3534 93.80024 94.94775 95.75105 96.32506 96.63839 96.94125 97.23328 97.48093 97.62521 97.72633 97.8629 98.01438 98.33833 98.71334 98.99973 99.18819 99.27537 99.42112 99.6847 99.91408 100.1146 100.2768 100.3787 100.4615 100.5348 100.6361 100.5765 100.5412 100.5832 100.6936 100.8818 101.092 101.4864 101.9877 102.4844 103.0714 103.7116 104.3285 104.7831 105.2108 105.6484 106.0846 106.5008
-1.0 71.13177 72.77616 75.18736 77.1691 79.08807 80.75253 81.9971 83.06497 84.24815 85.46166 86.50419 87.37636 88.29138 89.14841 89.68617 89.94306 90.39841 91.11979 92.37547 93.83786 95.17619 95.95545 96.4888 96.84406 97.15894 97.40192 97.59722 97.78468 97.97861 98.10857 98.20269 98.43767 98.69273 98.76727 98.84063 98.94885 99.10132 99.26071 99.47681 99.71098 99.90134 100.0391 100.219 100.2601 100.3085 100.3635 100.3692 100.4869 100.6979 100.8916 101.0926 101.4767 101.9481 102.3867 102.9767 103.6091 104.1634 104.719 105.2626 105.6506 106.0856 106.513
-1.0 71.36324 73.36689 75.86299 77.97349 80.05572 81.52774 82.53893 83.51098 84.53517 85.52882 86.55956 87.46403 88.47719 89.28996 89.72199 89.9754 90.40576 91.10565 92.40692 93.99203 95.38039 96.15008 96.60723 97.00072 97.3403 97.61957 97.81386 97.97179 98.19293 98.28741 98.32928 98.47771 98.58078 98.58178000000001 98.75484 98.93633 99.03561 99.16032 99.37514 99.5993 99.70002 99.84811 100.0729 100.1115 100.1484 100.2472 100.3116 100.4646 100.6978 100.9008 101.1062 101.4273 101.9048 102.3914 102.9801 103.6002 104.164 104.6552 105.1497 105.5966 106.0832 106.5021
-1.0 72.0536 74.19849 76.655 78.89455 80.86442 82.0648 82.99217 83.88165 84.7963 85.67189 86.7139 87.71909 88.90334 89.7916 90.19502 90.37595 90.60124 91.21432 92.54855 94.17636 95.49311 96.25977 96.72588 97.10004 97.44393 97.80708 98.1655 98.34528 98.55711 98.66037 98.59421 98.61877 98.68821 98.68075 98.79095 98.92773 99.01803 99.08456 99.27355 99.57501 99.74778 99.86149 100.0015 100.1196 100.2216 100.3367 100.396 100.4997 100.6869 100.8566 101.0608 101.3919 101.9033 102.4134 102.9995 103.5831 104.1589 104.6419 105.0895 105.5378 106.0313 106.4445
-1.0 73.47858 75.16302 77.42805 79.83191 81.4807 82.38079 83.35064 84.21329 85.07977 85.95793 86.98909 88.13566 89.43294 90.4707 90.90362 90.98891 91.18211 91.69821 92.95309 94.45752 95.60335 96.34834 96.88687 97.23982 97.59799 98.09329 98.60396 98.86567 99.00831 99.07166 98.995 98.99975 99.04487 98.98209 98.95255 98.98212 99.03149 99.11873 99.27596 99.53284 99.78182 99.95628 100.1565 100.3176 100.4505 100.5972 100.6566 100.7122 100.7974 100.8484 101.01 101.3943 101.8988 102.4051 102.9848 103.5696 104.1005 104.5967 105.0848 105.5329 105.9809 106.4094
-1.0 74.68396 76.03448 78.23943 80.44095 81.90624 82.71812 83.57712 84.48362 85.40353 86.32535 87.44894 88.70772 90.0767 91.10666 91.59699 91.78334 92.00091 92.48566 93.60001 94.71123 95.69105 96.45067 97.0497 97.48766 98.00787 98.63245 99.13788 99.40193 99.53104 99.56051 99.54816 99.56019 99.51744 99.34888 99.26125 99.20204 99.15509 99.21705 99.33141 99.4977 99.77688 100.0129 100.2652 100.493 100.7468 100.9324 100.9618 101.0082 101.0534 101.0403 101.1626 101.5083 101.9282 102.4278 103.0285 103.6049 104.114 104.5522 105.0725 105.5353 105.9815 106.3907
-1.0 75.3755 76.81977 79.07747 80.94441 82.14207 82.98417 83.87874 84.72144 85.57776 86.57128 87.82052 89.14941 90.51515 91.42696 92.03542 92.43382 92.71098 93.3369 94.2528 94.9708 95.80084 96.53101 97.18044 97.80283 98.52036 99.23031 99.71619 99.91216 100.0217 100.1191 100.1596 100.1583 100.0318 99.76442 99.59129 99.44337 99.34477 99.35962 99.47479 99.6725 99.94568 100.1856 100.3891 100.5899 100.8652 101.1048 101.17 101.2317 101.3252 101.3574 101.476 101.682 102.0196 102.4893 103.0693 103.6466 104.1888 104.6233 105.0855 105.5202 105.9643 106.3395
-1.0 75.97852 77.67101 79.79864 81.40904 82.40131 83.22531 84.0965 84.92337 85.82646 86.89826 88.16366 89.41837 90.72768 91.60603 92.30215 92.80144 93.17546 93.86593 94.59801 95.16505 95.89529 96.58547 97.29877 98.10122 99.02785 99.82126 100.2939 100.5158 100.5797 100.6234 100.6187 100.5854 100.5251 100.3162 99.93327 99.69807 99.59595 99.54912 99.62061 99.78825 99.94428 100.1584 100.4018 100.6446 100.8989 101.1604 101.4001 101.5295 101.6315 101.7184 101.8242 101.9834 102.257 102.6557 103.182 103.7189 104.2228 104.6537 105.0474 105.4341 105.8864 106.2989
-1.0 76.68521 78.45222 80.44623 81.7478 82.61674 83.4108 84.25296 85.05836 85.98945 87.04556 88.35466 89.57281 90.75952 91.66966 92.41039 93.03874 93.56922 94.19997 94.72939 95.26467 95.97884 96.71254 97.57767 98.47696 99.49146 100.3112 100.819 101.0149 101.0496 101.0535 101.0576 100.9942 100.8987 100.7987 100.4372 100.0412 99.82181 99.70969 99.7304 99.83047 99.98563 100.1897 100.3949 100.6484 100.9029 101.1539 101.468 101.6974 101.8837 102.0181 102.1339 102.2799 102.4815 102.8154 103.2914 103.7692 104.22 104.6542 105.028 105.4088 105.8548 106.2794
-1.0 77.63378 79.22087 80.83446 81.91323 82.74436 83.57763 84.42823 85.21509 86.13927 87.22971 88.52833 89.7192 90.82003 91.74883 92.54308 93.33924 94.05782 94.59106 94.9631 95.38467 96.08025 96.88362 97.8264 98.85983 99.95359 100.7091 101.2001 101.3105 101.348 101.3837 101.387 101.3242 101.1665 101.0326 100.751 100.3284 100.0237 99.88768 99.85228 99.85019 99.98438 100.1933 100.4085 100.6566 100.8985 101.1513 101.4709 101.7574 102.0112 102.202 102.3903 102.5303 102.7024 103.0145 103.4296 103.8231 104.2424 104.655 105.047 105.4344 105.8878 106.3088
-1.0 78.78695 79.89356 81.04922 82.05022 82.94267 83.7302 84.5331 85.3148 86.22449 87.32784 88.64077 89.80505 90.88583 91.81042 92.65776 93.60778 94.60633 95.22186 95.46498 95.6134 96.15157 97.08098 98.09576 99.13152 100.1346 100.9153 101.4494 101.6442 101.6658 101.672 101.6785 101.6255 101.3943 101.153 100.9564 100.6392 100.2191 99.99351 99.89928 99.85959 99.98724 100.1903 100.4562 100.6946 100.8957 101.1543 101.4625 101.7631 102.0631 102.2972 102.504 102.6947 102.8959 103.1541 103.5212 103.9073 104.3216 104.6785 105.09 105.5105 105.9536 106.3762
-1.0 79.74393 80.6448 81.5403 82.32298 83.14226 83.93891 84.68533 85.41799 86.33421 87.43255 88.74516 89.95507 91.07127 91.97453 92.88982 93.94653 95.09498 95.93279 96.21868 96.30462 96.65653 97.38804 98.50043 99.53184 100.309 100.9398 101.5045 101.8901 101.9373 101.8677 101.8792 101.8959 101.6492 101.2271 101.0099 100.8159 100.4289 100.1848 100.0407 100.0268 100.0699 100.1797 100.3942 100.6538 100.902 101.156 101.4599 101.7618 102.0618 102.3004 102.5668 102.8062 103.0087 103.196 103.5198 103.9159 104.3271 104.6856 105.1016 105.5299 105.9701 106.3921
-1.0 80.35585 81.17762 81.98207 82.66341 83.44557 84.16832 84.81093 85.4705 86.41515 87.51894 88.8549 90.02052 91.0918 92.04506 93.01785 94.13177 95.37083 96.24973 96.74254 97.02662 97.35772 97.9195 98.82664 99.68259 100.4106 101.0277 101.6376 102.0724 102.2578 102.2213 102.1705 102.0783 101.7365 101.259 101.0048 100.8662 100.5811 100.347 100.2601 100.0855 100.0278 100.1937 100.4002 100.6506 100.9021 101.0917 101.3641 101.6589 101.9689 102.2634 102.576 102.8119 103.0119 103.2004 103.523 103.9191 104.3324 104.691 105.0891 105.5295 105.9595 106.3784
-1.0 80.75126 81.52945 82.29731 82.9853 83.81811 84.51064 85.00462 85.53991 86.47975 87.64977 88.93506 90.04552 91.0484 92.09128 93.14719 94.26877 95.44439 96.28805 96.93419 97.46285 97.93113 98.52821 99.24385 99.88895 100.5639 101.1007 101.7236 102.254 102.5433 102.5505 102.4424 102.2337 101.7239 101.217 100.9992 100.7978 100.5466 100.3478 100.2592 100.1883 100.1985 100.3087 100.4206 100.5954 100.8556 101.0891 101.3611 101.6524 101.966 102.264 102.5677 102.803 103.0014 103.1932 103.5224 103.9259 104.3277 104.6829 105.0988 105.5311 105.964 106.3824
-1.0 80.97066 81.72211 82.55137 83.31253 84.21432 85.02327 85.49493 85.80317 86.58419 87.79115 89.04223 90.08064 91.10458 92.15356 93.26944 94.34261 95.32674 96.07121 96.79168 97.49099 98.26392 98.94616 99.60646 100.2185 100.8369 101.3611 101.9309 102.4828 102.8218 102.9028 102.78 102.4586 101.7861 101.2043 100.9403 100.7074 100.5031 100.3079 100.1893 100.1893 100.2481 100.2914 100.3976 100.5871 100.7996 101.0508 101.3605 101.6626 101.9627 102.2539 102.5108 102.7197 102.9089 103.0977 103.485 103.9195 104.2793 104.6541 105.0982 105.5192 105.966 106.3821
-1.0 81.12228 81.9699 82.82047 83.66125 84.5895 85.55146 86.23271 86.54034 87.08036 88.05725 89.22689 90.15785 91.13523 92.17023 93.34531 94.33215 95.12631 95.76345 96.545 97.49097 98.54351 99.30838 99.94482 100.5417 101.1404 101.6795 102.1973 102.6973 103.1004 103.333 103.1945 102.7126 101.9288 101.2476 100.8643 100.6965 100.5419 100.3511 100.2597 100.2657 100.267 100.32 100.4273 100.5917 100.792 100.991 101.317 101.6645 101.9123 102.1582 102.4061 102.6007 102.7419 102.9435 103.3828 103.8189 104.2389 104.6497 105.048 105.472 105.966 106.3898
