pipers_setup_files/pipersCreek_10m_velma/piper_Dredge_EEX_Flat_10m.asc
ncols 287
nrows 511
xllcorner 546119.6347
yllcorner 5281269.058
cellsize 10.0
nodata_value -9999.0
[rows 308 to 335 of 511, columns 126 to 188 of 287]
84.28699 82.9239 81.68963 80.62605 79.68776 78.83073 78.03127 77.27245 76.54548 75.98075 75.56457 75.18633 74.82302 74.51337 74.28465 74.00137 73.73283 73.54196 73.41563 73.34988 73.33822 73.4017 73.4283 73.48782 73.56962 73.6403 73.69441 73.74937 73.76829 73.91282 74.14403 74.30631 74.46324 74.6618 74.71532 74.82593 74.95184 75.11751 75.32996 75.44286 75.62079 75.76095 75.90491 76.20882 76.70105 77.15606 77.58837 77.9799 78.46586 78.97358 79.39626 79.7563 80.17981 80.54609 80.9388 81.34135 81.6935 82.02729 82.39097 82.72076 83.1375 83.54376 84.01524
84.53013 83.1028 81.78125 80.72114 79.81262 78.97307 78.14741 77.41636 76.64278 76.06265 75.63812 75.27446 74.8857 74.60172 74.33835 74.08221 73.87323 73.65721 73.56356 73.55939 73.59463 73.66925 73.66035 73.69293 73.78561 73.82594 73.885 73.97458 74.04419 74.15351 74.30856 74.48333 74.67207 74.83124 74.88148 75.01326 75.11407 75.23742 75.39816 75.53517 75.71464 75.87209 76.0535 76.32439 76.71315 77.13893 77.60372 78.06787 78.55882 79.03149 79.44882 79.78858 80.15739 80.49667 80.85826 81.22588 81.60777 81.95076 82.31145 82.64211 83.05025 83.49508 83.95029
84.80014 83.33376 81.89443 80.81986 79.92725 79.10924 78.23621 77.53107 76.73719 76.14566 75.69308 75.36812 74.96893 74.65519 74.37694 74.11785 73.96459 73.85379 73.76206 73.75813 73.78487 73.83629 73.86005 73.87297 73.92518 74.00256 74.12698 74.18163 74.22197 74.31774 74.48472 74.66279 74.90858 75.01789 75.04045 75.17792 75.28799 75.35462 75.47583 75.6539 75.85081 76.04242 76.25679 76.50989 76.80968 77.18085 77.63683 78.12183 78.60842 79.06461 79.45854 79.80368 80.12572 80.44668 80.80344 81.14607 81.53243 81.90684 82.25433 82.59906 83.00612 83.422 83.80711
85.08031 83.53889 82.07555 80.938 80.01389 79.22522 78.38752 77.63847 76.87246 76.26235 75.79702 75.46987 75.0797 74.73943 74.44981 74.20844 74.02211 73.97411 73.98518 73.98077 73.9608 73.9817 74.08504 74.10115 74.0803 74.19128 74.33893 74.38174 74.35708 74.44379 74.65143 74.81286 75.08903 75.22695 75.25927 75.36064 75.44056 75.50774 75.62113 75.78812 76.02692 76.25597 76.46356 76.67023 76.93527 77.26985 77.71095 78.17661 78.63837 79.04428 79.39903 79.74583 80.10762 80.42942 80.74814 81.09118 81.47731 81.85307 82.20898 82.55763 82.94021 83.29018 83.6431
85.25546 83.72346 82.24076 81.02713 80.13598 79.33823 78.52125 77.74745 77.02121 76.35156 75.89175 75.5727 75.22342 74.86813 74.46017 74.24291 74.11397 74.08176 74.1121 74.12955 74.17262 74.22582 74.31171 74.35488 74.32033 74.3869 74.48386 74.54083 74.56042 74.58739 74.69798 74.95235 75.26454 75.42458 75.4573 75.55888 75.63882 75.68629 75.80013 75.95078 76.18049 76.38838 76.62187 76.84782 77.09962 77.44294 77.83237 78.20568 78.68468 79.06802 79.40023 79.71308 80.04769 80.38792 80.73031 81.06851 81.45826 81.79876 82.16168 82.47803 82.8394 83.19025 83.55012
85.36247 83.86458 82.38609 81.18972 80.29383 79.46003 78.61488 77.83154 77.12717 76.50068 75.99297 75.63227 75.25055 74.88165 74.50712 74.30707 74.25032 74.2752 74.26641 74.28594 74.38855 74.44437 74.44691 74.53084 74.56462 74.60076 74.66063 74.6896 74.76797 74.72041 74.82758 75.11509 75.37085 75.56857 75.61924 75.739 75.87156 75.94488 75.98944 76.09815 76.3218 76.56604 76.79182 77.00097 77.24076 77.56309 77.92734 78.28735 78.74005 79.12361 79.42536 79.71235 80.05052 80.39322 80.72701 81.05875 81.42342 81.77027 82.1395 82.42612 82.76176 83.11059 83.47229
85.43886 84.01762 82.54443 81.3341 80.39577 79.57137 78.71735 77.98933 77.26886 76.63926 76.07151 75.67514 75.24942 74.85062 74.56154 74.40128 74.35684 74.44231 74.47163 74.48459 74.59252 74.64642 74.61564 74.6818 74.78246 74.7916 74.7897 74.80553 74.85027 74.87115 75.03297 75.31149 75.52649 75.7132 75.75793 75.87892 76.03366 76.16234 76.25494 76.34225 76.48781 76.69541 76.89715 77.12231 77.38305 77.64758 77.99693 78.4014 78.78958 79.1276 79.42668 79.70951 80.06213 80.4231 80.75189 81.09198 81.42347 81.77216 82.13976 82.41207 82.68521 83.00811 83.37289
85.50791 84.10368 82.63876 81.47562 80.53236 79.73241 78.87125 78.15698 77.44093 76.7998 76.20859 75.79332 75.3462 74.88425 74.60732 74.52079 74.48765 74.55219 74.6383 74.68892 74.79884 74.87287 74.87487 74.89194 74.93308 74.89432 74.84361 74.83549 74.89295 75.05019 75.23032 75.47559 75.71038 75.87219 75.91283 76.03189 76.18253 76.35421 76.51364 76.63586 76.72841 76.84417 77.05942 77.27756 77.50319 77.73949 78.0726 78.4601 78.82181 79.1143 79.41365 79.73431 80.1024 80.42485 80.76294 81.12188 81.42268 81.77655 82.12267 82.36225 82.62793 82.93119 83.26918
85.5769 84.19534 82.80598 81.61884 80.63107 79.83369 79.03392 78.24725 77.53743 76.91244 76.31891 75.85024 75.41812 74.99008 74.69814 74.59845 74.63543 74.69656 74.79282 74.89851 74.99677 75.06294 75.07008 75.07317 75.01071 74.91405 74.88885 74.85796 74.94772 75.18793 75.41148 75.62357 75.86121 76.01994 76.05881 76.17033 76.3566 76.53695 76.69646 76.84433 76.96795 77.04936 77.20601 77.40561 77.64015 77.87714 78.15011 78.49899 78.87397 79.16316 79.46806 79.78565 80.1246 80.43694 80.79839 81.12444 81.45921 81.78102 82.06714 82.32474 82.63029 82.92511 83.23601
85.64868 84.28867 82.94923 81.76061 80.74712 79.94826 79.13276 78.35212 77.63973 76.96381 76.34466 75.8633 75.48267 75.1002 74.78719 74.65087 74.74671 74.85758 74.93866 75.04685 75.18784 75.28616 75.33074 75.25006 75.0414 74.86061 74.85896000000001 74.85896000000001 74.96943 75.28 75.63132 75.83736 76.01142 76.16495 76.20782 76.33372 76.50851 76.6628 76.80458 76.96694 77.13366 77.23296 77.30988 77.51734 77.74135 77.98032 78.27197 78.5844 78.92654 79.21424 79.52258 79.81723 80.12371 80.46422 80.84212 81.12273 81.45599 81.75394 82.03482 82.32101 82.63682 82.93559 83.21651
85.60014 84.33494 82.99363 81.85177 80.80381 79.99831 79.17862 78.42108 77.69675 77.05186 76.38779 75.85568 75.49179 75.17545 74.88776 74.75881 74.8457 74.95855 75.10052 75.23502 75.39831 75.53558 75.58019 75.41798 75.01355 74.85996 74.85996 74.85996 74.86316 75.36861 75.80576 76.00349 76.17925 76.32793 76.35986 76.47596 76.63656 76.79358 76.96185 77.08344 77.21841 77.32875 77.40508 77.56554 77.80047 78.03636 78.29725 78.60763 78.92345 79.2225 79.5287 79.82205 80.11995 80.43977 80.80803 81.12686 81.43388 81.72641 82.03408 82.34328 82.65575 82.91672 83.16563
85.47593 84.26907 83.00879 81.86822 80.80492 80.02724 79.2011 78.44317 77.7365 77.10956 76.40486 75.85962 75.41624 75.15391 74.97938 74.83015 74.90613 75.07759 75.33429 75.53137 75.66022 75.78896 75.78984 75.54501 74.99777 74.86096 74.86096 74.86096 74.86096 75.35897 75.87003 76.04897 76.23495 76.44752 76.50953 76.6554 76.78438 76.9065 77.04841 77.15572 77.23241 77.28986 77.402 77.56803 77.81651 78.09785 78.38274 78.64427 78.90778 79.20583 79.51205 79.81878 80.12647 80.42027 80.76784 81.12513 81.4295 81.7366 82.01591 82.27348 82.58729 82.87169 83.12083
85.46078 84.2487 82.93402 81.82113 80.82042 80.09433 79.30686 78.52584 77.79401 77.09708 76.43081 75.9327 75.45541 75.15614 75.03764 74.8737 74.96461 75.23965 75.55835 75.83714 75.92355 75.98594 75.97551 75.65163 74.95844 74.86196000000001 74.86196000000001 74.86196000000001 74.86196000000001 75.20478 75.83274 76.08697 76.26993 76.5146 76.6005 76.75356 76.85577 76.9349 77.01312 77.09669 77.14162 77.21072 77.38077 77.57803 77.82779 78.09557 78.40421 78.68941 78.96204 79.26245 79.57212 79.83858 80.11862 80.41412 80.76782 81.1275 81.44303 81.71028 81.96181 82.2358 82.52422 82.79183 83.04424
85.45319 84.25198 82.98391 81.80116 80.8537 80.1236 79.32056 78.53788 77.83315 77.12717 76.44855 75.97914 75.62182 75.32116 75.11945 75.03193 75.11562 75.4019 75.74579 76.06506 76.08527 76.10634 76.13879 75.88084 75.00962 74.86296 74.86296 74.86296 74.86296 75.23954 75.89921 76.20441 76.38815 76.55475 76.60358 76.70811 76.80035 76.82885 76.86734 76.92048 76.95582 77.08482 77.31757 77.5346 77.78102 78.03468 78.36786 78.72015 79.03033 79.31652 79.63049 79.89649 80.17734 80.43808 80.76946 81.12378 81.41821 81.65269 81.93482 82.20438 82.46487 82.71091 82.96939
85.43532 84.27978 83.07793 81.94785 80.98404 80.23857 79.43689 78.68951 77.93095 77.23443 76.59039 76.14293 75.75756 75.37122 75.1853 75.11608 75.12101 75.41996 75.91019 76.11539 76.11064 76.12207 76.22751 76.11195 74.97848 74.86396 74.86396 74.86396 74.86396 75.49265 76.08121 76.26299 76.39378 76.48717 76.50124 76.5687 76.61347 76.59499 76.64788 76.67335 76.71665 76.89246 77.1773 77.45303 77.71649 77.99664 78.35729 78.7205 79.02447 79.31811 79.62477 79.9218 80.23496 80.47292 80.76784 81.14043 81.39049 81.62086 81.94137 82.19201 82.44192 82.691 82.91109
85.45714 84.33285 83.19131 82.12941 81.11703 80.336 79.54762 78.85658 78.07833 77.41661 76.84566 76.36718 75.85741 75.41011 75.15377 75.17633 75.07733 75.27615 75.98942 76.12764 76.16785 76.32265 76.26413 75.34024 74.86496000000001 74.86496000000001 74.86496000000001 74.86496000000001 74.86496000000001 75.52094 76.04482 76.20554 76.24245 76.28436 76.29423 76.34338 76.35288 76.34356 76.36715 76.36863 76.48888 76.76294 77.05956 77.38457 77.72594 78.057 78.42219 78.74948 79.0414 79.33031 79.63617 79.94006 80.25018 80.48822 80.73773 81.06882 81.35468 81.63095 81.90914 82.16156 82.41599 82.66013 82.90186
85.63705 84.45721 83.2818 82.19832 81.14541 80.39687 79.65842 78.9566 78.23717 77.61978 77.09021 76.55668 76.01364 75.60285 75.26947 75.39742 75.13018 74.87296 75.61761 76.18908 76.3105 76.08823 75.13036 74.86596 74.86596 74.86596 74.86596 74.86596 74.86596 75.39879 75.84528 75.96557 75.98186 76.02504 76.05189 76.09898 76.09574 76.07564 76.07465 76.13879 76.35652 76.67998 77.02128 77.3335 77.66924 77.99265 78.33293 78.61778 78.95621 79.27806 79.57611 79.86827 80.18319 80.45718 80.72598 81.02397 81.33311 81.63067 81.89091 82.10637 82.36724 82.625 82.84976
85.84776 84.64807 83.41631 82.26617 81.2182 80.43614 79.74422 79.05592 78.39969 77.79878 77.20184 76.62148 76.11758 75.89843 75.80928 75.95126 75.46429 74.87196 74.8786 76.01636 75.46785 74.86796000000001 74.86696 74.86696 74.86696 74.86696 74.86696 74.86696 74.86696 75.11612 75.43719 75.54698 75.56137 75.58537 75.60366 75.67123 75.69311 75.71106 75.82671 76.02631 76.30183 76.62465 77.00342 77.31299 77.61806 77.90373 78.21255 78.50108 78.83979 79.18866 79.53145 79.81882 80.12486 80.41585 80.72973 81.01826 81.3335 81.63633 81.90359 82.0865 82.31882 82.54669 82.7542
86.05556 84.82976 83.49545 82.26985 81.21552 80.50955 79.80827 79.16643 78.59454 78.03503 77.41481 76.74992 76.16874 76.04844 76.22862 76.35622 75.91163 74.87196 74.87096000000001 74.86996 74.86896 74.86796000000001 74.86796000000001 74.86796000000001 74.86796000000001 74.86796000000001 74.86796000000001 74.86796000000001 74.86796000000001 74.86796000000001 74.93755 75.10411 75.0779 75.03423 75.04149 75.12826 75.21996 75.3516 75.66367 76.00488 76.31495 76.59965 76.93849 77.28024 77.60483 77.91931 78.2132 78.47881 78.79639 79.14326 79.49126 79.80298 80.13297 80.42128 80.72977 81.0235 81.33509 81.61741 81.85858 82.05186 82.25546 82.44878 82.65089
86.18653 84.98096 83.58168 82.33661 81.254 80.55113 79.88449 79.33818 78.88429 78.4644 77.90965 77.19403 76.60003 76.50597 76.70968 76.63763 75.92146 74.87196 74.87096000000001 74.86996 74.86896 74.86896 74.86896 74.86896 74.86896 74.86896 74.86896 74.86896 74.86896 74.86896 74.86896 74.86996 74.87096000000001 74.87196 74.87296 74.87396000000001 75.01494 75.2887 75.65189 76.01145 76.31741 76.62053 76.89526 77.17653 77.54531 77.88848 78.15524 78.40986 78.74039 79.07349 79.39342 79.74921 80.1115 80.43312 80.729 81.02872 81.31667 81.56808 81.76993 81.94348 82.15536 82.32741 82.5287
86.25756 85.01086 83.60939 82.36703 81.30246 80.6161 79.99904 79.55724 79.35031 79.20734 78.97912 78.45605 77.79496 77.34204 77.03497 76.60284 75.82574 74.87196 74.87096000000001 74.86996 74.86996 74.86996 74.86996 74.86996 74.86996 74.86996 74.86996 74.86996 74.86996 74.86996 74.86996 74.86996 74.87096000000001 74.87196 74.87296 74.87396000000001 74.97925 75.30661 75.65729 76.01368 76.32819 76.59925 76.84401 77.12788 77.46961 77.76731 78.07386 78.3667 78.69794 79.02283 79.34904 79.66427 80.0304 80.39188 80.71768 81.02181 81.26867 81.52838 81.72012 81.82965 82.00761 82.17948 82.37861
86.3129 85.04109 83.64878 82.38742 81.3193 80.58582 80.0379 79.90509 80.06084 80.25243 80.47933 80.16311 79.07063 77.66372 76.62154 76.07653 75.47367 74.87196 74.87096000000001 74.87096000000001 74.87096000000001 74.87096000000001 74.87096000000001 74.87096000000001 74.87096000000001 74.87096000000001 74.87096000000001 74.87096000000001 74.87096000000001 74.87096000000001 74.87096000000001 74.87096000000001 74.87096000000001 74.87196 74.87296 74.87396000000001 74.95215 75.30688 75.64474 75.96578 76.27844 76.53712 76.8145 77.11076 77.42273 77.71456 78.02583 78.31221 78.65015 78.9739 79.31141 79.62325 79.95737 80.27316 80.60708 80.90981 81.20876 81.44009 81.56124 81.65491 81.80576 82.00209 82.1986
86.31773 85.03275 83.68696 82.42679 81.30751 80.58639 80.21732 80.40902 80.75805 81.03748 81.43329 81.33023 79.64366 77.20437 76.07894 75.58351 74.93303 74.87196 74.87196 74.87196 74.87196 74.87196 74.87196 74.87196 74.87196 74.87196 74.87196 74.87196 74.87196 74.87196 74.87196 74.87196 74.87196 74.87196 74.87296 74.87396000000001 74.92062 75.28788 75.61366 75.89779 76.20039 76.50726 76.80782 77.07249 77.38145 77.67897 77.98357 78.28403 78.58594 78.8676 79.20586 79.56393 79.89915 80.1816 80.4888 80.78112 81.08622 81.27087 81.34289 81.40987 81.55901 81.76082 82.00946
86.18783 85.06864 83.76346 82.46408 81.30692 80.68449 80.64859 80.89076 81.20033 81.52156 81.70699 81.49247 79.35266 76.40704 75.47323 75.09612 74.87296 74.87296 74.87296 74.87296 74.87296 74.87296 74.87296 74.87296 74.87296 74.87296 74.87296 74.87296 74.87296 74.87296 74.87296 74.87296 74.87296 74.87296 74.87296 74.87396000000001 74.87496 75.22443 75.60124 75.91307 76.21861 76.50485 76.74888 76.98328 77.2702 77.56856 77.85486 78.13227 78.43565 78.75423 79.06887 79.39373 79.74081 80.03979 80.34256 80.65263 80.91973 81.03986 81.07664 81.10532 81.24733 81.5405 81.88252
86.28188 85.1592 83.87674 82.5589 81.29964 80.81593 81.07584 81.49912 81.74623 81.79571 81.51675 79.96671 77.17858 75.45321 75.1651 74.87396000000001 74.87396000000001 74.87396000000001 74.87396000000001 74.87396000000001 74.87396000000001 74.87396000000001 74.87396000000001 74.87396000000001 74.87396000000001 74.87396000000001 74.87396000000001 74.87396000000001 74.87396000000001 74.87396000000001 74.87396000000001 74.87396000000001 74.87396000000001 74.87396000000001 74.87396000000001 74.87396000000001 74.87496 75.1797 75.5323 75.8885 76.20744 76.44451 76.69491 76.94838 77.20963 77.49532 77.74284 77.98974 78.27648 78.60558 78.98145 79.27576 79.57103 79.86657 80.1574 80.42136 80.67102 80.78576 80.84608 80.92241 81.08913 81.4336 81.80552
86.51088 85.39968 84.23733 83.17844 82.02895 81.63341 82.29286 82.50121 82.0059 81.37895 79.85597 77.09577 74.99057 74.87596 74.87496 74.87496 74.87496 74.87496 74.87496 74.87496 74.87496 74.87496 74.87496 74.87496 74.87496 74.87496 74.87496 74.87496 74.87496 74.87496 74.87496 74.87496 74.87496 74.87496 74.87496 74.87496 74.87496 75.14396 75.51502 75.83485 76.14994 76.41227 76.67687 76.90772 77.20456 77.44633 77.69864 77.97025 78.23208 78.50811 78.8832 79.18142 79.46341 79.70686 79.96987 80.18584 80.36128 80.50976 80.65164 80.841 81.13207 81.42287 81.75732
86.60624 85.59777 84.91895 84.74698 84.27715 83.5896 83.46263 82.63525 81.53919 80.36913 77.8943 75.56802 74.87696000000001 74.87596 74.87596 74.87596 74.87596 74.87596 74.87596 74.87596 74.87596 74.87596 74.87596 74.87596 74.87596 74.87596 74.87596 74.87596 74.87596 74.87596 74.87596 74.87596 74.87596 74.87596 74.87596 74.87596 74.87596 75.12661 75.4952 75.80975 76.11658 76.398 76.65596 76.89447 77.1527 77.39664 77.6489 77.91597 78.18224 78.41585 78.73371 79.03918 79.29505 79.49577 79.76003 79.98569 80.15865 80.31889 80.54977 80.81841 81.13705 81.42879 81.7323
86.68718 85.82899 85.70354 86.13235 86.30267 85.42432 83.45025 81.73607 80.62601 79.14192 77.05612 75.77332 75.16553 74.87696000000001 74.87696000000001 74.87696000000001 74.87696000000001 74.87696000000001 74.87696000000001 74.87696000000001 74.87696000000001 74.87696000000001 74.87696000000001 74.87696000000001 74.87696000000001 74.87696000000001 74.87696000000001 74.87696000000001 74.87696000000001 74.87696000000001 74.87696000000001 74.87696000000001 74.87696000000001 74.87696000000001 74.87696000000001 74.87696000000001 74.87696000000001 75.06561 75.41589 75.76979 76.07963 76.34592 76.59492 76.84926 77.10219 77.34534 77.59332 77.88197 78.12689 78.30555 78.54689 78.82042 79.09953 79.35426 79.58932 79.80036 80.02849 80.24416 80.52177 80.82809 81.13174 81.43138 81.73635
