pipers_setup_files/pipersCreek_10m_velma/piper_Dredge_EEX_Flat_10m.asc
ncols 287
nrows 511
xllcorner 546119.6347
yllcorner 5281269.058
cellsize 10.0
nodata_value -9999.0
[rows 168 to 195 of 511, columns 63 to 125 of 287]
38.5203 38.91077 39.29744 39.78949 40.21199 40.42289 40.75545 40.8692 40.54121 40.27925 40.76204 41.78665 42.9052 44.09863 45.34198 46.51081 47.56859 48.56889 49.66989 50.69718 51.62954 52.50512 53.51159 54.70365 55.768 56.74763 57.64207 58.61711 59.59631 60.61945 61.39826 62.1252 62.69923 63.0984 63.39856 64.01235 64.25425 61.36835 55.09995 49.44048 44.78015 40.13586 38.33230000000001 38.52803833333334 44.05388 47.34311 50.26242 53.52377 56.19398 57.92138 59.0885 59.99743 60.6612 61.03053 60.87286 60.27454 59.31263 57.93989 56.27744 54.49445 52.73635 51.55248 51.68857
37.29595 37.71606 38.00239 38.315 38.57355 38.73927 38.98965 39.10073 38.99057 39.15375 40.13208 41.32444 42.51167 43.68336 45.04262 46.21856 47.23369 48.1322 49.18054 50.16368 51.24422 52.18155 53.22088 54.50343 55.67455 56.63401 57.58612 58.54094 59.51001 60.50615 61.31515 62.04253 62.60743 63.0165 63.27297 63.71298 64.18674 61.73051 55.5021 50.00605 45.37904 40.44135 38.13656166666668 40.26301 42.92893 46.24051 49.33943 52.46779 54.8933 56.782 57.6894 58.16908 58.29013 57.95619 57.07678 55.83323 54.1298 52.19748 50.74767 49.56983 48.8524 48.91932 50.37642
36.02944 36.39626 36.57598 36.80081 37.04774 37.18566 37.32876 37.25231 37.23773 37.86625 39.46853 40.88303 42.09675 43.21006 44.52137 45.70484 46.76168 47.67789 48.66502 49.64224 50.76645 51.74376 52.86111 54.16981 55.44197 56.50301 57.41292 58.3381 59.33723 60.34644 61.22025 61.91592 62.43861 62.83158 62.98916 63.26575 63.92456 62.09628 55.8038 50.39975 45.85015 40.80022 37.94082333333335 39.45824 41.58934 44.60037 47.65817 50.57291 52.99233 54.77127 55.50325 55.61083 55.30433 54.03359 52.31109 50.74907 49.13753 47.19612 46.10228 46.78632 47.90586 49.41161 51.69677
34.4836 34.83805 34.99397 35.13518 35.29276 35.46375 35.55869 35.54052 35.67334 36.65001 38.65309 40.23856 41.52907 42.6455 43.80009 44.99339 46.13708 47.07138 47.98236 49.01356 50.18997 51.27319 52.37151 53.67528 54.98631 56.23819 57.14508 58.04474 58.99343 60.06595 61.00716 61.67546 62.14429 62.46739 62.60992 62.83522 63.43167 62.2139 56.07899 50.65348 46.29891 41.15631 37.745085 37.188185 40.28746 42.87389 45.40486 48.03415 50.31305 51.54248 52.03075 51.789 51.10873 49.50647 47.98735 46.59782 45.51228 44.73557 44.95327 46.69195 46.19323 47.40714 48.912890000000004
32.7612 33.07767 33.2878 33.40973 33.59071 33.70168 33.68755 33.85083 34.50797 35.86629 37.87143 39.37612 40.82868 41.98091 43.05241 44.22078 45.35958 46.33466 47.26005 48.2271 49.39614 50.64885 51.80115 53.10477 54.43296 55.78589 56.73362 57.59066 58.49801 59.60825 60.5474 61.28124 61.74235 61.96284 62.08563 62.30005 62.7664 61.8192 56.15796 50.69286 46.69228 41.57578 38.23485 36.63128499999999 38.81349 41.25996 43.44925 45.666 47.50056 48.47064 48.68559 48.04452 47.00958 45.64108 44.34385 43.45788 43.46976 44.39723 43.89851 44.454550000000005 45.323890000000006 54.31789 57.92704
30.97117 31.30033 31.51783 31.60492 31.75231 31.74203 31.66434 32.10868 33.37284 35.13977 37.04495 38.35979 39.84349 41.06118 42.16127 43.25375 44.35296 45.38049 46.34919 47.24452 48.37486 49.70964 50.95103 52.22653 53.59621 55.05423 56.13917 56.92715 57.7569 58.74955 59.76872 60.62211 61.12605 61.29279 61.34552 61.45885 61.71018 60.57834 56.12017 50.84719 46.82677 41.91685 37.82898 35.43467999999999 37.12105 39.56427 41.54171 43.40886 44.76528 45.63882 45.64257 44.68501 43.30869 41.72631 40.76329 41.38068 43.49944 42.97104 43.434775 50.69027 53.83072 57.8325 61.05734
29.18865 29.60018 29.72103 29.86735 30.02905 30.07176 30.09196 30.75392 32.26959 34.15546 36.16717 37.44275 38.83005 39.97674 41.18917 42.28053 43.36449 44.37048 45.34449 46.12395 47.17483 48.45963 49.92059 51.3227 52.65429 53.93414 55.1286 56.11143 56.95715 57.83168 58.76346 59.57516 60.05809 60.32787 60.44369 60.54707 60.47845 59.33372 55.92823 50.95657 46.88288 42.24779 37.51884 34.238074999999995 34.11185999999999 37.8243 39.7818 41.50597 42.65118 43.09997 42.46556 41.26569 40.23082 39.41647 39.67221 41.98917 40.88196 41.926500000000004 50.21681 53.35548 56.98876 60.74153 62.73346
27.30047 27.71747 27.94049 28.16608 28.32195 28.35053 28.45945 29.29399 31.10631 33.02603 35.06758 36.45668 37.74815 38.94856 40.19692 41.29387 42.3259 43.27422 44.16614 44.975 45.90665 46.97287 48.33444 50.00998 51.41426 52.69242 53.80352 54.91097 55.8789 56.83396 57.58462 58.18196 58.66711 59.13721 59.40833 59.54795 59.42815 58.62983 55.96033 51.04763 46.86632 42.33942 37.40591 34.72784 33.98564499999999 36.37762 38.10592 39.51535 40.40291 40.44621 39.53348 38.4365 38.2428 39.07425 40.88058 39.17349 40.027725000000004 50.01727 52.56921 55.71481 59.25822 61.82217 63.15437
25.7594 25.964 26.24541 26.57145 26.8043 26.86312 26.78822 27.4058 29.44382 31.71275 33.93275 35.39421 36.69591 37.93679 39.16124 40.30712 41.40002 42.3642 43.10603 43.85978 44.66396 45.5926 46.75122 48.34523 49.81474 51.22234 52.23152 53.3876 54.52257 55.569 56.24695 56.69344 57.23983 57.90598 58.38413 58.57223 58.63897 58.24893 55.95899 51.07159 46.97126 42.28936 37.30349 34.47541 33.85979499999999 35.51029 36.69984 37.78237 38.2856 37.94159 36.78517 36.20331 37.35295 39.76231 38.57553 38.87451 49.49031 52.01385 54.45234 57.27184 60.16148 61.89398 62.84243
24.35516 24.67175 25.00078 25.27269 25.44351 25.5709 25.37252 25.60001 27.00203 29.77956 32.59512 34.0825 35.57206 36.87931 38.0493 39.19617 40.34599 41.30794 42.09928 42.83625 43.55935 44.3056 45.18612 46.33239 47.75563 49.13026 50.26513 51.44122 52.53596 53.38627 53.98061 54.86061 55.8534 56.68924 57.1557 57.41064 57.5204 57.37684 55.60146 51.07627 46.95137 42.17917 37.3998 34.34956 33.730355 34.93577 35.69793 36.2081 36.31193 35.95568 35.23417 35.44221 37.58302 36.85423 37.71488 48.67067 51.19189 53.5672 55.75961 57.90304 59.95398 61.22498 61.92796
23.31994 23.71276 24.02707 24.27803 24.51096 24.76899 24.905 24.87592 25.38906 27.73043 31.10618 32.7751 34.36319 35.70159 36.94572 38.04676 39.15541 40.12171 41.03761 41.75174 42.48954 43.24935 44.04353 44.82736 45.71886 46.56313 47.76349 49.43418 50.54685 50.96231 51.35952 52.72 54.39701 55.4936 55.98856 56.32249 56.28751 55.95031 54.52642 51.03576 46.99712 42.14943 37.33696 34.4426 32.98365 34.22012 34.76132 34.96712 34.9107 34.8884 34.94194 35.96405 34.943490000000004 35.89886 46.89566 50.24769 52.36687 54.44773 56.2815 57.76126 59.00914 60.01159 60.85341
22.44169 22.93335 23.24875 23.418 23.64465 23.87177 24.21465 24.43589 24.79649 26.1605 29.18862 31.4094 33.04027 34.36959 35.70807 36.84241 37.89248 38.80496 39.723 40.5575 41.38874 42.13764 42.85567 43.56354 44.16605 44.82879 45.86453 47.55035 48.61354 49.20699 49.96748 51.44276 53.0419 54.1207 54.69234 55.01777 55.15402 54.85686 53.52641 50.9073 47.03352 42.08457 36.95058 34.2247 32.23694499999999 31.735204999999997 33.42945 33.59699 33.68135 34.13823 35.0909 34.443220000000004 34.693355000000004 44.27604 48.14996 51.11377 52.81305 54.42504 55.96378 57.08824 57.8429 58.65892 59.62844
21.68369 22.20528 22.46401 22.60857 22.8118 23.03839 23.38655 23.81337 24.29042 25.16311 27.43658 29.87102 31.68373 33.07629 34.35789 35.58123 36.69987 37.59533 38.37009 39.21116 40.09816 40.98217 41.74875 42.41324 42.92326 43.7201 44.87025 46.27818 47.12226 48.00883 49.19698 50.66654 51.89852 52.82654 53.44956 53.80878 54.07934 54.03994 53.08652 50.87231 47.10665 41.72298 36.43769 33.84242 32.72671 30.844585 32.22497 32.60009 33.04596 34.10381 33.605090000000004 34.02415500000001 41.69776 45.55688 48.71347 51.18788 52.61399 53.87003 55.04012 55.98068 56.5206 57.10896 57.93354
20.82772 21.30347 21.61591 21.78463 21.99007 22.22076 22.53844 22.99399 23.53598 24.30697 25.79572 27.77006 30.07942 31.74683 32.91332 33.97224 35.13878 36.12283 36.9998 37.68816 38.45494 39.27044 40.15794 40.96937 41.64304 42.53066 43.62667 44.701 45.59071 46.73409 47.98362 49.41738 50.57042 51.52595 52.13681 52.58717 52.92859 53.19799 52.76462 50.6317 46.74807 41.27297 36.17493 33.58099 32.26705 30.175765 31.33435 31.79782 32.53456 34.37901 33.544155 38.98321 42.53667 46.20794 48.60192 50.74657 52.13769 53.10925 53.75943 54.34895 54.78208 55.35791 56.36793
20.11324 20.44761 20.70454 20.94797 21.20318 21.41257 21.76788 22.30278 22.78308 23.38263 24.39097 25.74891 27.96362 29.83654 31.24867 32.30803 33.47732 34.41685 35.32321 35.96545 36.61558 37.36138 38.24676 39.08305 40.02275 41.00105 42.009 43.0571 44.13687 45.35698 46.50904 47.85611 49.06684 50.17833 50.89652 51.41862 51.74643 52.14145 52.00477 49.94404 45.87595 40.47998 35.59968 33.11149 31.70061 29.349664999999998 30.66553 30.94728 32.04269 34.59202 33.48322 39.61322 42.62812 45.6853 47.71205 49.66358 51.17277 52.00219 52.37009 52.71348 53.02433 53.69442 54.97437
19.2342 19.50821 19.70124 19.92929 20.14029 20.29048 20.65336 21.3201 22.05884 22.28172 22.4625 23.67586 25.65599 27.3066 28.93231 30.25618 31.44044 32.36117 33.27608 34.03266 34.63238 35.24078 35.95237 36.91122 38.04952 39.19162 40.18648 41.2994 42.41059 43.62624 44.91078 46.21896 47.42177 48.45737 49.2977 49.93148 50.43623 50.82268 50.48804 48.30342 44.09299 38.66757 34.47737 32.27666 30.95145 28.714014999999996 29.83943 30.09377 32.13974 35.24228 33.422285 39.79291 42.02857 44.17249 46.02671 47.92381 49.44456 50.27598 50.69814 50.89175 51.05091 51.74723 53.3401
18.34453 18.43723 18.55932 18.70248 18.85008 19.07447 19.51156 20.18659 20.97701 21.11729 20.80038 21.55299 22.94529 24.56524 26.27252 27.70764 29.06105 30.16531 31.05399 31.9329 32.74757 33.44849 34.09891 34.97869 36.00034 37.16858 38.30382 39.51723 40.64102 41.88168 43.1083 44.38244 45.65139 46.81518 47.7434 48.40103 48.89319 49.13377 48.50976 46.20827 41.8714 36.25699 32.99821 31.22585 30.04138 28.618534999999998 29.20378 30.57807 33.7382 36.38416 33.36135 39.65137 41.1846 42.70175 44.25683 45.8288 47.11187 48.10691 48.76883 49.19003 49.44287 50.19009 51.63605
17.57668 17.52461 17.41196 17.3785 17.4527 17.74451 18.20383 18.81594 19.40635 19.6169 19.52877 19.95456 20.57626 21.47018 22.87816 24.27156 25.84083 27.27003 28.5414 29.62708 30.53884 31.3638 32.16954 32.98395 33.87492 34.99749 36.16847 37.40142 38.54588 39.78112 40.97785 42.31459 43.52953 44.7633 45.85241 46.70619 47.21664 47.24595 46.36103 43.56757 39.0923 34.27132 31.5349 29.97062 29.1083 28.325364999999998 29.73772 32.52726 35.77659 33.23948 33.300415 39.34 40.36974 41.26503 42.31676 43.43861 44.55866 45.82 46.74776 47.42523 48.10582 48.91467 49.94008
16.96273 16.88984 16.45388 15.99337 15.99875 16.35045 16.89302 17.45083 17.85788 18.11433 18.39438 18.62572 19.04791 19.58567 20.31407 21.10937 22.337 23.73925 25.31029 26.6228 27.89363 29.05799 30.02603 30.72262 31.57289 32.62928 33.85192 35.16496 36.32764 37.43774 38.51929 39.91057 41.05404 42.20704 43.42678 44.60091 45.11058 45.03483 43.88336 40.66492 36.2118 32.29339 30.18229 29.02071 28.81513 27.835599999999996 31.15587 29.239 32.02854 32.63401 38.1861 39.0773 39.81668 40.41592 40.90884 41.36218 42.13113 43.6709 44.95452 45.98547 46.91635 47.49366 47.68933
14.74153 14.39757 14.03604 14.13496 14.28548 14.5722 15.18831 16.02068 16.59733 16.89627 17.15136 17.39979 17.71271 18.13272 18.54411 19.06911 19.74281 20.47013 21.38456 22.66116 24.24476 25.79239 27.03554 28.07517 29.07384 30.08124 31.06028 32.3231 33.54214 34.66899 35.78752 36.98366 38.09882 39.01397 40.09813 41.18484 41.73802 41.76718 40.27155 36.67003 32.89747 30.20726 28.87053 28.66839 29.29144 27.345834999999994 32.90906 28.441705 36.91616 37.49882 38.11682 38.78157 39.34652 39.76028 40.03214 40.26554 40.73906 41.85443 43.10686 44.36985 45.40888 45.94068 45.74411
10.91804 10.87448 11.14579 11.94401 12.20426 12.52757 12.9422 13.7141 14.40581 15.08428 15.6502 16.15477 16.52697 16.88609 17.33564 17.77147 18.17847 18.62917 19.17147 19.90625 20.75681 21.71684 23.12044 24.81819 26.26054 27.319 28.35266 29.57205 30.8101 31.9368 32.91252 33.93299 34.92532 35.81693 36.57431 36.7422 36.8912 36.84499 35.43769 32.61022 29.92293 28.22597 27.80043 28.73852 30.14443 26.811027999999997 26.847114999999995 27.644409999999997 37.12199 37.45326 37.94754 38.50049 38.95401 39.22153 39.49079 39.87204 40.26052 40.79049 41.68989 42.79419 43.78617 44.36748 44.53048
8.687081 9.176067 9.742742 10.07017 10.15138 10.3522 10.58468 11.12636 11.8132 12.38818 12.92778 13.54944 14.05818 14.66963 15.38433 16.11555 16.76622 17.25735 17.76969 18.21631 18.76218 19.36535 20.1618 21.13245 22.2401 23.59319 25.02464 26.36423 27.51841 28.81036 29.86305 30.83116 31.60213 32.46255 33.00878 33.22741 33.13117 32.3808 30.87197 28.94843 27.04855 26.33377 27.1654 29.0702 26.738854 26.774941 34.80471 36.47346 37.16964 37.48321 37.75951 38.1769 38.54771 38.77286 39.06421 39.42433 39.79319 40.20495 40.71834 41.45563 42.27953 43.00399 43.66081
8.068967 8.454295 8.841749 8.808365 8.729049 8.800985 8.818437 9.053445 9.510825 9.998366 10.38102 10.65455 11.03695 11.45956 12.13063 12.99345 14.00833 14.79728 15.7231 16.53475 17.28034 17.86973 18.33873 18.85608 19.49926 20.38988 21.30282 22.49273 23.80355 25.21181 26.28739 27.45035 28.44059 29.3044 29.72985 29.97174 29.86742 28.93067 27.82594 26.38139 25.25018 25.5186 27.21983 26.666680000000003 26.702767 33.3678 35.21874 36.54198 37.05685 37.36459 37.6129 37.89124 38.1608 38.37774 38.647 38.96572 39.29321 39.70184 40.10596 40.59145 41.17857 41.89639 42.69411
8.003737 8.149595 8.396057 8.350655 8.334664 8.38086 8.484776 8.47771 8.547702 8.726035 8.912966 9.019346 9.203281 9.429989 9.708156 10.22293 10.86279 11.44397 12.35675 13.50644 14.69238 15.84904 16.6898 17.32369 17.8361 18.36377 18.85754 19.32109 20.14822 21.44448 22.76283 24.16261 25.29291 26.00371 26.50023 26.88341 26.80463 26.0599 25.20801 24.26913 24.20533 25.53568 25.01988 25.84328 32.03519 33.69117 35.28561 36.39173 36.86788 37.15923 37.43166 37.66167 37.8294 37.9749 38.20461 38.49483 38.79803 39.20575 39.58433 40.03027 40.52724 41.20967 42.07344
8.257397 8.253013 8.332664 8.333663999999999 8.334664 8.439198 8.630193 8.523976 8.451434 8.450434 8.449434 8.449434 8.449434 8.449434 8.465801 8.533717 8.732528 9.062595 9.517386 10.03595 10.62792 11.32592 12.71375 15.12079 16.31422 16.91403 17.25961 16.69767 16.53189 17.61733 19.0727 20.45901 21.70818 22.51682 23.10966 23.45206 23.53748 23.12181 22.28931 21.90882 20.05988 23.70661 24.363245 30.34463 32.08393 33.58544 35.02164 36.03988 36.58188 36.89148 37.15053 37.34893 37.45537 37.57656 37.76049 37.96301 38.22221 38.63176 39.11495 39.63754 40.26617 41.04115 41.89948
8.792432 8.663035 8.473093 8.354825 8.401868 8.546134 8.688806 8.548726 8.451434 8.450434 8.449434 8.448434 8.448434 8.448434 8.448434 8.448434 8.449434 8.465018 8.508657 8.491074 8.487035 8.941504 10.58877 12.93443 14.44041 15.34428 15.70694 15.34313 15.01391 15.49077 16.15402 17.16633 18.24293 19.23519 19.9276 20.44485 20.68102 20.62649 20.0967 20.5586 19.310176666666667 25.93897 27.9632 29.969 31.60485 33.0164 34.25795 35.32891 36.14166 36.60451 36.82831 36.963 37.02017 37.16115 37.30502 37.48711 37.69276 38.03735 38.61084 39.29869 40.12616 41.06783 41.82042
9.581393 9.459403 9.171638 8.961772 8.896958 8.839433 8.746813 8.557055 8.451434 8.450434 8.449434 8.448434 8.447434 8.447434 8.447434 8.448434 8.449434 8.450434 8.451434 8.452434 8.453434 8.597063 10.23167 11.73618 12.62162 13.30729 13.83271 14.07362 13.9696 14.26952 14.71497 15.27063 15.82141 16.42492 17.03311 17.59611 17.92967 17.93627 18.30949 17.81077 18.560473333333334 25.52085 27.38924 29.03469 30.64025 32.03873 33.06326 33.91661 34.9147 35.79564 36.22829 36.43841 36.5406 36.64306 36.79049 36.91884 37.07687 37.3453 37.85743 38.73263 39.76027 40.72366 41.36403
7.792987333333324 7.797023111111102 7.80105888888888 9.97889 9.852377 9.571866 9.187054 8.934669 8.693164 8.579882 8.669209 8.631768 8.516344 8.446434 8.464029 8.458801 8.449434 8.450434 8.451434 8.452434 8.453434 8.609726 9.661341 10.61585 11.15871 11.72856 12.25718 12.67114 12.95753 13.3256 13.73913 14.11585 14.50909 14.91606 15.38363 15.82937 16.00955 14.4213 14.804015 15.18673 21.54297 23.71682 25.79243 27.33705 28.70722 30.32606 31.35528 31.9953 32.77132 33.60915 34.09118 34.67988 35.15714 35.64377 36.01152 36.2492 36.37088 36.50204 36.97364 38.08377 39.15065 40.03472 40.77786
