Loop,Year,Annual_Result,Variable_Source_Area_Delineated_Average,Snow(mm/day)_Delineated_Average,Snow_Depth(mm)_Delineated_Average,Snow_Melt(mm/day)_Delineated_Average,Rain(mm/day)_Delineated_Average,Runoff_All(mm/day)_Delineated_Average,Runoff_Suface(mm/day)_Delineated_Average,Runoff(mm/day)_Delineated_Average_Layer_1,Runoff(mm/day)_Delineated_Average_Layer_2,Runoff(mm/day)_Delineated_Average_Layer_3,Runoff(mm/day)_Delineated_Average_Layer_4,Standing_Water(mm)_Delineated_Average,Soil_Moisture(mm)_Delineated_Average_Layer_1,Soil_Moisture(mm)_Delineated_Average_Layer_2,Soil_Moisture(mm)_Delineated_Average_Layer_3,Soil_Moisture(mm)_Delineated_Average_Layer_4,PET(mm/day)_Delineated_Average,ET(mm/day)_Delineated_Average,Air_Temperature(degC)_Delineated_Average,Ground_Surface_Temperature(degC)_Delineated_Average,Ground_Temperature(degC)_Delineated_Average_Layer_1,Ground_Temperature(degC)_Delineated_Average_Layer_2,Ground_Temperature(degC)_Delineated_Average_Layer_3,Ground_Temperature(degC)_Delineated_Average_Layer_4,N_in(gN/day/m2)_Delineated_Average,Asymbiotic_N_Fixed(gN/day/m2)_Delineated_Average,Plant_Symbiotic_N_Fixed(gN/day/m2)_Delineated_Average,Humus_Symbiotic_N_Fixed(gN/day/m2)_Delineated_Average,Biomass_Pool(gC/m2)_Delineated_Average,agBiomass_Pool(gC/m2)_Delineated_Average,bgBiomass_Pool(gC/m2)_Delineated_Average,Biomass_Leaf(gC/m2)_Delineated_Average,Biomass_AgStem(gC/m2)_Delineated_Average,Biomass_BgStem(gC/m2)_Delineated_Average,Biomass_Root(gC/m2)_Delineated_Average_Layer_1,Biomass_Root(gC/m2)_Delineated_Average_Layer_2,Biomass_Root(gC/m2)_Delineated_Average_Layer_3,Biomass_Root(gC/m2)_Delineated_Average_Layer_4,agLitter_Pool(gC/m2)_Delineated_Average,bgLitter_Pool(gC/m2)_Delineated_Average,Detritus_Leaf(gC/m2)_Delineated_Average,Detritus_AgStem(gC/m2)_Delineated_Average,Detritus_BgStem(gC/m2)_Delineated_Average_Layer_1,Detritus_BgStem(gC/m2)_Delineated_Average_Layer_2,Detritus_BgStem(gC/m2)_Delineated_Average_Layer_3,Detritus_BgStem(gC/m2)_Delineated_Average_Layer_4,Detritus_Root(gC/m2)_Delineated_Average_Layer_1,Detritus_Root(gC/m2)_Delineated_Average_Layer_2,Detritus_Root(gC/m2)_Delineated_Average_Layer_3,Detritus_Root(gC/m2)_Delineated_Average_Layer_4,Humus_Pool(gC/m2)_Delineated_Average,Humus(gC/m2)_Delineated_Average_Layer_1,Humus(gC/m2)_Delineated_Average_Layer_2,Humus(gC/m2)_Delineated_Average_Layer_3,Humus(gC/m2)_Delineated_Average_Layer_4,NH4_Pool(gN/m2)_Delineated_Average,NO3_Pool(gN/m2)_Delineated_Average,DON_Pool(gN/m2)_Delineated_Average,DOC_Pool(gC/m2)_Delineated_Average,agLitter_Decomposition(gC/day/m2)_Delineated_Average,bgLitter_Decomposition(gC/day/m2)_Delineated_Average,Humus_Decomposition_Total(gN/day/m2)_Delineated_Average,Humus_Decomposition_To_DON(gN/day/m2)_Delineated_Average,Humus_Decomposition_To_NH4(gN/day/m2)_Delineated_Average,NPP_C(gC/day/m2)_Delineated_Average,NPP_N(gN/day/m2)_Delineated_Average,Plant_Uptake(gN/day/m2)_Delineated_Average,CO2_Respiration(gC/day/m2)_Delineated_Average,Surface_NH4_Loss(gN/day/m2)_Delineated_Average,NH4_Loss(gN/day/m2)_Delineated_Average,Surface_NO3_Loss(gN/day/m2)_Delineated_Average,NO3_Loss(gN/day/m2)_Delineated_Average,Surface_DON_Loss(gN/day/m2)_Delineated_Average,DON_Loss(gN/day/m2)_Delineated_Average,Surface_DOC_Loss(gC/day/m2)_Delineated_Average,DOC_Loss(gC/day/m2)_Delineated_Average,DIN_Loss(gN/day/m2)_Delineated_Average,N2O_Denitrification(gN/day/m2)_Delineated_Average,N2_Denitrification(gN/day/m2)_Delineated_Average,NEP_C(gC/day/m2)_Delineated_Average,Cover4_Buildings_Biomass_Pool(gC)_Cover_Total,Cover4_Buildings_Biomass_Pool(gC/m2)_Cover_Average,Cover4_Buildings_Biomass_Pool(gC/m2)_Delineated_Average,Cover4_Buildings_agBiomass_Pool(gC)_Cover_Total,Cover4_Buildings_agBiomass_Pool(gC/m2)_Cover_Average,Cover4_Buildings_agBiomass_Pool(gC/m2)_Delineated_Average,Cover4_Buildings_bgBiomass_Pool(gC)_Cover_Total,Cover4_Buildings_bgBiomass_Pool(gC/m2)_Cover_Average,Cover4_Buildings_bgBiomass_Pool(gC/m2)_Delineated_Average,Cover4_Buildings_Fine_Root_Fraction_Cover_Total,Cover4_Buildings_Fine_Root_Fraction_Cover_Average,Cover4_Buildings_Fine_Root_Fraction_Delineated_Average,Cover4_Buildings_Fine_Root_Biomass(gC)_Cover_Total,Cover4_Buildings_Fine_Root_Biomass(gC/m2)_Cover_Average,Cover4_Buildings_Fine_Root_Biomass(gC/m2)_Delineated_Average,Cover4_Buildings_agLitter_Pool(gC)_Cover_Total,Cover4_Buildings_agLitter_Pool(gC/m2)_Cover_Average,Cover4_Buildings_agLitter_Pool(gC/m2)_Delineated_Average,Cover4_Buildings_bgLitter_Pool(gC)_Cover_Total,Cover4_Buildings_bgLitter_Pool(gC/m2)_Cover_Average,Cover4_Buildings_bgLitter_Pool(gC/m2)_Delineated_Average,Cover4_Buildings_NH4_Pool(gN)_Cover_Total,Cover4_Buildings_NH4_Pool(gN/m2)_Cover_Average,Cover4_Buildings_NH4_Pool(gN/m2)_Delineated_Average,Cover4_Buildings_NO3_Pool(gN)_Cover_Total,Cover4_Buildings_NO3_Pool(gN/m2)_Cover_Average,Cover4_Buildings_NO3_Pool(gN/m2)_Delineated_Average,Cover4_Buildings_DON_Pool(gN)_Cover_Total,Cover4_Buildings_DON_Pool(gN/m2)_Cover_Average,Cover4_Buildings_DON_Pool(gN/m2)_Delineated_Average,Cover4_Buildings_DOC_Pool(gC)_Cover_Total,Cover4_Buildings_DOC_Pool(gC/m2)_Cover_Average,Cover4_Buildings_DOC_Pool(gC/m2)_Delineated_Average,Cover4_Buildings_NPP_C(gC/day)_Cover_Total,Cover4_Buildings_NPP_C(gC/day/m2)_Cover_Average,Cover4_Buildings_NPP_C(gC/day/m2)_Delineated_Average,Cover4_Buildings_NPP_N(gN/day)_Cover_Total,Cover4_Buildings_NPP_N(gN/day/m2)_Cover_Average,Cover4_Buildings_NPP_N(gN/day/m2)_Delineated_Average,Cover4_Buildings_Plant_Uptake(gN/day)_Cover_Total,Cover4_Buildings_Plant_Uptake(gN/day/m2)_Cover_Average,Cover4_Buildings_Plant_Uptake(gN/day/m2)_Delineated_Average,Cover4_Buildings_NH4_Loss(gN/day)_Cover_Total,Cover4_Buildings_NH4_Loss(gN/day/m2)_Cover_Average,Cover4_Buildings_NH4_Loss(gN/day/m2)_Delineated_Average,Cover4_Buildings_NO3_Loss(gN/day)_Cover_Total,Cover4_Buildings_NO3_Loss(gN/day/m2)_Cover_Average,Cover4_Buildings_NO3_Loss(gN/day/m2)_Delineated_Average,Cover4_Buildings_DON_Loss(gN/day)_Cover_Total,Cover4_Buildings_DON_Loss(gN/day/m2)_Cover_Average,Cover4_Buildings_DON_Loss(gN/day/m2)_Delineated_Average,Cover4_Buildings_DOC_Loss(gC/day)_Cover_Total,Cover4_Buildings_DOC_Loss(gC/day/m2)_Cover_Average,Cover4_Buildings_DOC_Loss(gC/day/m2)_Delineated_Average,Cover4_Buildings_Nitrification(gN/day)_Cover_Total_Layer_1,Cover4_Buildings_Nitrification(gN/day/m2)_Cover_Average_Layer_1,Cover4_Buildings_Nitrification(gN/day/m2)_Delineated_Average_Layer_1,Cover4_Buildings_Denitrification(gN/day)_Cover_Total_Layer_1,Cover4_Buildings_Denitrification(gN/day/m2)_Cover_Average_Layer_1,Cover4_Buildings_Denitrification(gN/day/m2)_Delineated_Average_Layer_1,Cover4_Buildings_Disturbance_N_Added(gN)_Cover_Total,Cover4_Buildings_Disturbance_N_Added(gN/m2)_Cover_Average,Cover4_Buildings_Disturbance_N_Added(gN/m2)_Delineated_Average,Cover4_Buildings_Disturbance_N_Added_Cell_Count_Cover_Total,Cover4_Buildings_Disturbance_N_Removed(gN)_Cover_Total,Cover4_Buildings_Disturbance_N_Removed(gN/m2)_Cover_Average,Cover4_Buildings_Disturbance_N_Removed(gN/m2)_Delineated_Average,Cover4_Buildings_Disturbance_N_Removed_Cell_Count_Cover_Total,Conifer_Biomass_Pool(gC)_Cover_Total,Conifer_Biomass_Pool(gC/m2)_Cover_Average,Conifer_Biomass_Pool(gC/m2)_Delineated_Average,Conifer_agBiomass_Pool(gC)_Cover_Total,Conifer_agBiomass_Pool(gC/m2)_Cover_Average,Conifer_agBiomass_Pool(gC/m2)_Delineated_Average,Conifer_bgBiomass_Pool(gC)_Cover_Total,Conifer_bgBiomass_Pool(gC/m2)_Cover_Average,Conifer_bgBiomass_Pool(gC/m2)_Delineated_Average,Conifer_Fine_Root_Fraction_Cover_Total,Conifer_Fine_Root_Fraction_Cover_Average,Conifer_Fine_Root_Fraction_Delineated_Average,Conifer_Fine_Root_Biomass(gC)_Cover_Total,Conifer_Fine_Root_Biomass(gC/m2)_Cover_Average,Conifer_Fine_Root_Biomass(gC/m2)_Delineated_Average,Conifer_agLitter_Pool(gC)_Cover_Total,Conifer_agLitter_Pool(gC/m2)_Cover_Average,Conifer_agLitter_Pool(gC/m2)_Delineated_Average,Conifer_bgLitter_Pool(gC)_Cover_Total,Conifer_bgLitter_Pool(gC/m2)_Cover_Average,Conifer_bgLitter_Pool(gC/m2)_Delineated_Average,Conifer_NH4_Pool(gN)_Cover_Total,Conifer_NH4_Pool(gN/m2)_Cover_Average,Conifer_NH4_Pool(gN/m2)_Delineated_Average,Conifer_NO3_Pool(gN)_Cover_Total,Conifer_NO3_Pool(gN/m2)_Cover_Average,Conifer_NO3_Pool(gN/m2)_Delineated_Average,Conifer_DON_Pool(gN)_Cover_Total,Conifer_DON_Pool(gN/m2)_Cover_Average,Conifer_DON_Pool(gN/m2)_Delineated_Average,Conifer_DOC_Pool(gC)_Cover_Total,Conifer_DOC_Pool(gC/m2)_Cover_Average,Conifer_DOC_Pool(gC/m2)_Delineated_Average,Conifer_NPP_C(gC/day)_Cover_Total,Conifer_NPP_C(gC/day/m2)_Cover_Average,Conifer_NPP_C(gC/day/m2)_Delineated_Average,Conifer_NPP_N(gN/day)_Cover_Total,Conifer_NPP_N(gN/day/m2)_Cover_Average,Conifer_NPP_N(gN/day/m2)_Delineated_Average,Conifer_Plant_Uptake(gN/day)_Cover_Total,Conifer_Plant_Uptake(gN/day/m2)_Cover_Average,Conifer_Plant_Uptake(gN/day/m2)_Delineated_Average,Conifer_NH4_Loss(gN/day)_Cover_Total,Conifer_NH4_Loss(gN/day/m2)_Cover_Average,Conifer_NH4_Loss(gN/day/m2)_Delineated_Average,Conifer_NO3_Loss(gN/day)_Cover_Total,Conifer_NO3_Loss(gN/day/m2)_Cover_Average,Conifer_NO3_Loss(gN/day/m2)_Delineated_Average,Conifer_DON_Loss(gN/day)_Cover_Total,Conifer_DON_Loss(gN/day/m2)_Cover_Average,Conifer_DON_Loss(gN/day/m2)_Delineated_Average,Conifer_DOC_Loss(gC/day)_Cover_Total,Conifer_DOC_Loss(gC/day/m2)_Cover_Average,Conifer_DOC_Loss(gC/day/m2)_Delineated_Average,Conifer_Nitrification(gN/day)_Cover_Total_Layer_1,Conifer_Nitrification(gN/day/m2)_Cover_Average_Layer_1,Conifer_Nitrification(gN/day/m2)_Delineated_Average_Layer_1,Conifer_Denitrification(gN/day)_Cover_Total_Layer_1,Conifer_Denitrification(gN/day/m2)_Cover_Average_Layer_1,Conifer_Denitrification(gN/day/m2)_Delineated_Average_Layer_1,Conifer_Disturbance_N_Added(gN)_Cover_Total,Conifer_Disturbance_N_Added(gN/m2)_Cover_Average,Conifer_Disturbance_N_Added(gN/m2)_Delineated_Average,Conifer_Disturbance_N_Added_Cell_Count_Cover_Total,Conifer_Disturbance_N_Removed(gN)_Cover_Total,Conifer_Disturbance_N_Removed(gN/m2)_Cover_Average,Conifer_Disturbance_N_Removed(gN/m2)_Delineated_Average,Conifer_Disturbance_N_Removed_Cell_Count_Cover_Total,Cover5_GreenRoofs_Biomass_Pool(gC)_Cover_Total,Cover5_GreenRoofs_Biomass_Pool(gC/m2)_Cover_Average,Cover5_GreenRoofs_Biomass_Pool(gC/m2)_Delineated_Average,Cover5_GreenRoofs_agBiomass_Pool(gC)_Cover_Total,Cover5_GreenRoofs_agBiomass_Pool(gC/m2)_Cover_Average,Cover5_GreenRoofs_agBiomass_Pool(gC/m2)_Delineated_Average,Cover5_GreenRoofs_bgBiomass_Pool(gC)_Cover_Total,Cover5_GreenRoofs_bgBiomass_Pool(gC/m2)_Cover_Average,Cover5_GreenRoofs_bgBiomass_Pool(gC/m2)_Delineated_Average,Cover5_GreenRoofs_Fine_Root_Fraction_Cover_Total,Cover5_GreenRoofs_Fine_Root_Fraction_Cover_Average,Cover5_GreenRoofs_Fine_Root_Fraction_Delineated_Average,Cover5_GreenRoofs_Fine_Root_Biomass(gC)_Cover_Total,Cover5_GreenRoofs_Fine_Root_Biomass(gC/m2)_Cover_Average,Cover5_GreenRoofs_Fine_Root_Biomass(gC/m2)_Delineated_Average,Cover5_GreenRoofs_agLitter_Pool(gC)_Cover_Total,Cover5_GreenRoofs_agLitter_Pool(gC/m2)_Cover_Average,Cover5_GreenRoofs_agLitter_Pool(gC/m2)_Delineated_Average,Cover5_GreenRoofs_bgLitter_Pool(gC)_Cover_Total,Cover5_GreenRoofs_bgLitter_Pool(gC/m2)_Cover_Average,Cover5_GreenRoofs_bgLitter_Pool(gC/m2)_Delineated_Average,Cover5_GreenRoofs_NH4_Pool(gN)_Cover_Total,Cover5_GreenRoofs_NH4_Pool(gN/m2)_Cover_Average,Cover5_GreenRoofs_NH4_Pool(gN/m2)_Delineated_Average,Cover5_GreenRoofs_NO3_Pool(gN)_Cover_Total,Cover5_GreenRoofs_NO3_Pool(gN/m2)_Cover_Average,Cover5_GreenRoofs_NO3_Pool(gN/m2)_Delineated_Average,Cover5_GreenRoofs_DON_Pool(gN)_Cover_Total,Cover5_GreenRoofs_DON_Pool(gN/m2)_Cover_Average,Cover5_GreenRoofs_DON_Pool(gN/m2)_Delineated_Average,Cover5_GreenRoofs_DOC_Pool(gC)_Cover_Total,Cover5_GreenRoofs_DOC_Pool(gC/m2)_Cover_Average,Cover5_GreenRoofs_DOC_Pool(gC/m2)_Delineated_Average,Cover5_GreenRoofs_NPP_C(gC/day)_Cover_Total,Cover5_GreenRoofs_NPP_C(gC/day/m2)_Cover_Average,Cover5_GreenRoofs_NPP_C(gC/day/m2)_Delineated_Average,Cover5_GreenRoofs_NPP_N(gN/day)_Cover_Total,Cover5_GreenRoofs_NPP_N(gN/day/m2)_Cover_Average,Cover5_GreenRoofs_NPP_N(gN/day/m2)_Delineated_Average,Cover5_GreenRoofs_Plant_Uptake(gN/day)_Cover_Total,Cover5_GreenRoofs_Plant_Uptake(gN/day/m2)_Cover_Average,Cover5_GreenRoofs_Plant_Uptake(gN/day/m2)_Delineated_Average,Cover5_GreenRoofs_NH4_Loss(gN/day)_Cover_Total,Cover5_GreenRoofs_NH4_Loss(gN/day/m2)_Cover_Average,Cover5_GreenRoofs_NH4_Loss(gN/day/m2)_Delineated_Average,Cover5_GreenRoofs_NO3_Loss(gN/day)_Cover_Total,Cover5_GreenRoofs_NO3_Loss(gN/day/m2)_Cover_Average,Cover5_GreenRoofs_NO3_Loss(gN/day/m2)_Delineated_Average,Cover5_GreenRoofs_DON_Loss(gN/day)_Cover_Total,Cover5_GreenRoofs_DON_Loss(gN/day/m2)_Cover_Average,Cover5_GreenRoofs_DON_Loss(gN/day/m2)_Delineated_Average,Cover5_GreenRoofs_DOC_Loss(gC/day)_Cover_Total,Cover5_GreenRoofs_DOC_Loss(gC/day/m2)_Cover_Average,Cover5_GreenRoofs_DOC_Loss(gC/day/m2)_Delineated_Average,Cover5_GreenRoofs_Nitrification(gN/day)_Cover_Total_Layer_1,Cover5_GreenRoofs_Nitrification(gN/day/m2)_Cover_Average_Layer_1,Cover5_GreenRoofs_Nitrification(gN/day/m2)_Delineated_Average_Layer_1,Cover5_GreenRoofs_Denitrification(gN/day)_Cover_Total_Layer_1,Cover5_GreenRoofs_Denitrification(gN/day/m2)_Cover_Average_Layer_1,Cover5_GreenRoofs_Denitrification(gN/day/m2)_Delineated_Average_Layer_1,Cover5_GreenRoofs_Disturbance_N_Added(gN)_Cover_Total,Cover5_GreenRoofs_Disturbance_N_Added(gN/m2)_Cover_Average,Cover5_GreenRoofs_Disturbance_N_Added(gN/m2)_Delineated_Average,Cover5_GreenRoofs_Disturbance_N_Added_Cell_Count_Cover_Total,Cover5_GreenRoofs_Disturbance_N_Removed(gN)_Cover_Total,Cover5_GreenRoofs_Disturbance_N_Removed(gN/m2)_Cover_Average,Cover5_GreenRoofs_Disturbance_N_Removed(gN/m2)_Delineated_Average,Cover5_GreenRoofs_Disturbance_N_Removed_Cell_Count_Cover_Total,Cover2_RoadsBuildings_Biomass_Pool(gC)_Cover_Total,Cover2_RoadsBuildings_Biomass_Pool(gC/m2)_Cover_Average,Cover2_RoadsBuildings_Biomass_Pool(gC/m2)_Delineated_Average,Cover2_RoadsBuildings_agBiomass_Pool(gC)_Cover_Total,Cover2_RoadsBuildings_agBiomass_Pool(gC/m2)_Cover_Average,Cover2_RoadsBuildings_agBiomass_Pool(gC/m2)_Delineated_Average,Cover2_RoadsBuildings_bgBiomass_Pool(gC)_Cover_Total,Cover2_RoadsBuildings_bgBiomass_Pool(gC/m2)_Cover_Average,Cover2_RoadsBuildings_bgBiomass_Pool(gC/m2)_Delineated_Average,Cover2_RoadsBuildings_Fine_Root_Fraction_Cover_Total,Cover2_RoadsBuildings_Fine_Root_Fraction_Cover_Average,Cover2_RoadsBuildings_Fine_Root_Fraction_Delineated_Average,Cover2_RoadsBuildings_Fine_Root_Biomass(gC)_Cover_Total,Cover2_RoadsBuildings_Fine_Root_Biomass(gC/m2)_Cover_Average,Cover2_RoadsBuildings_Fine_Root_Biomass(gC/m2)_Delineated_Average,Cover2_RoadsBuildings_agLitter_Pool(gC)_Cover_Total,Cover2_RoadsBuildings_agLitter_Pool(gC/m2)_Cover_Average,Cover2_RoadsBuildings_agLitter_Pool(gC/m2)_Delineated_Average,Cover2_RoadsBuildings_bgLitter_Pool(gC)_Cover_Total,Cover2_RoadsBuildings_bgLitter_Pool(gC/m2)_Cover_Average,Cover2_RoadsBuildings_bgLitter_Pool(gC/m2)_Delineated_Average,Cover2_RoadsBuildings_NH4_Pool(gN)_Cover_Total,Cover2_RoadsBuildings_NH4_Pool(gN/m2)_Cover_Average,Cover2_RoadsBuildings_NH4_Pool(gN/m2)_Delineated_Average,Cover2_RoadsBuildings_NO3_Pool(gN)_Cover_Total,Cover2_RoadsBuildings_NO3_Pool(gN/m2)_Cover_Average,Cover2_RoadsBuildings_NO3_Pool(gN/m2)_Delineated_Average,Cover2_RoadsBuildings_DON_Pool(gN)_Cover_Total,Cover2_RoadsBuildings_DON_Pool(gN/m2)_Cover_Average,Cover2_RoadsBuildings_DON_Pool(gN/m2)_Delineated_Average,Cover2_RoadsBuildings_DOC_Pool(gC)_Cover_Total,Cover2_RoadsBuildings_DOC_Pool(gC/m2)_Cover_Average,Cover2_RoadsBuildings_DOC_Pool(gC/m2)_Delineated_Average,Cover2_RoadsBuildings_NPP_C(gC/day)_Cover_Total,Cover2_RoadsBuildings_NPP_C(gC/day/m2)_Cover_Average,Cover2_RoadsBuildings_NPP_C(gC/day/m2)_Delineated_Average,Cover2_RoadsBuildings_NPP_N(gN/day)_Cover_Total,Cover2_RoadsBuildings_NPP_N(gN/day/m2)_Cover_Average,Cover2_RoadsBuildings_NPP_N(gN/day/m2)_Delineated_Average,Cover2_RoadsBuildings_Plant_Uptake(gN/day)_Cover_Total,Cover2_RoadsBuildings_Plant_Uptake(gN/day/m2)_Cover_Average,Cover2_RoadsBuildings_Plant_Uptake(gN/day/m2)_Delineated_Average,Cover2_RoadsBuildings_NH4_Loss(gN/day)_Cover_Total,Cover2_RoadsBuildings_NH4_Loss(gN/day/m2)_Cover_Average,Cover2_RoadsBuildings_NH4_Loss(gN/day/m2)_Delineated_Average,Cover2_RoadsBuildings_NO3_Loss(gN/day)_Cover_Total,Cover2_RoadsBuildings_NO3_Loss(gN/day/m2)_Cover_Average,Cover2_RoadsBuildings_NO3_Loss(gN/day/m2)_Delineated_Average,Cover2_RoadsBuildings_DON_Loss(gN/day)_Cover_Total,Cover2_RoadsBuildings_DON_Loss(gN/day/m2)_Cover_Average,Cover2_RoadsBuildings_DON_Loss(gN/day/m2)_Delineated_Average,Cover2_RoadsBuildings_DOC_Loss(gC/day)_Cover_Total,Cover2_RoadsBuildings_DOC_Loss(gC/day/m2)_Cover_Average,Cover2_RoadsBuildings_DOC_Loss(gC/day/m2)_Delineated_Average,Cover2_RoadsBuildings_Nitrification(gN/day)_Cover_Total_Layer_1,Cover2_RoadsBuildings_Nitrification(gN/day/m2)_Cover_Average_Layer_1,Cover2_RoadsBuildings_Nitrification(gN/day/m2)_Delineated_Average_Layer_1,Cover2_RoadsBuildings_Denitrification(gN/day)_Cover_Total_Layer_1,Cover2_RoadsBuildings_Denitrification(gN/day/m2)_Cover_Average_Layer_1,Cover2_RoadsBuildings_Denitrification(gN/day/m2)_Delineated_Average_Layer_1,Cover2_RoadsBuildings_Disturbance_N_Added(gN)_Cover_Total,Cover2_RoadsBuildings_Disturbance_N_Added(gN/m2)_Cover_Average,Cover2_RoadsBuildings_Disturbance_N_Added(gN/m2)_Delineated_Average,Cover2_RoadsBuildings_Disturbance_N_Added_Cell_Count_Cover_Total,Cover2_RoadsBuildings_Disturbance_N_Removed(gN)_Cover_Total,Cover2_RoadsBuildings_Disturbance_N_Removed(gN/m2)_Cover_Average,Cover2_RoadsBuildings_Disturbance_N_Removed(gN/m2)_Delineated_Average,Cover2_RoadsBuildings_Disturbance_N_Removed_Cell_Count_Cover_Total,Cover3_Grass_Biomass_Pool(gC)_Cover_Total,Cover3_Grass_Biomass_Pool(gC/m2)_Cover_Average,Cover3_Grass_Biomass_Pool(gC/m2)_Delineated_Average,Cover3_Grass_agBiomass_Pool(gC)_Cover_Total,Cover3_Grass_agBiomass_Pool(gC/m2)_Cover_Average,Cover3_Grass_agBiomass_Pool(gC/m2)_Delineated_Average,Cover3_Grass_bgBiomass_Pool(gC)_Cover_Total,Cover3_Grass_bgBiomass_Pool(gC/m2)_Cover_Average,Cover3_Grass_bgBiomass_Pool(gC/m2)_Delineated_Average,Cover3_Grass_Fine_Root_Fraction_Cover_Total,Cover3_Grass_Fine_Root_Fraction_Cover_Average,Cover3_Grass_Fine_Root_Fraction_Delineated_Average,Cover3_Grass_Fine_Root_Biomass(gC)_Cover_Total,Cover3_Grass_Fine_Root_Biomass(gC/m2)_Cover_Average,Cover3_Grass_Fine_Root_Biomass(gC/m2)_Delineated_Average,Cover3_Grass_agLitter_Pool(gC)_Cover_Total,Cover3_Grass_agLitter_Pool(gC/m2)_Cover_Average,Cover3_Grass_agLitter_Pool(gC/m2)_Delineated_Average,Cover3_Grass_bgLitter_Pool(gC)_Cover_Total,Cover3_Grass_bgLitter_Pool(gC/m2)_Cover_Average,Cover3_Grass_bgLitter_Pool(gC/m2)_Delineated_Average,Cover3_Grass_NH4_Pool(gN)_Cover_Total,Cover3_Grass_NH4_Pool(gN/m2)_Cover_Average,Cover3_Grass_NH4_Pool(gN/m2)_Delineated_Average,Cover3_Grass_NO3_Pool(gN)_Cover_Total,Cover3_Grass_NO3_Pool(gN/m2)_Cover_Average,Cover3_Grass_NO3_Pool(gN/m2)_Delineated_Average,Cover3_Grass_DON_Pool(gN)_Cover_Total,Cover3_Grass_DON_Pool(gN/m2)_Cover_Average,Cover3_Grass_DON_Pool(gN/m2)_Delineated_Average,Cover3_Grass_DOC_Pool(gC)_Cover_Total,Cover3_Grass_DOC_Pool(gC/m2)_Cover_Average,Cover3_Grass_DOC_Pool(gC/m2)_Delineated_Average,Cover3_Grass_NPP_C(gC/day)_Cover_Total,Cover3_Grass_NPP_C(gC/day/m2)_Cover_Average,Cover3_Grass_NPP_C(gC/day/m2)_Delineated_Average,Cover3_Grass_NPP_N(gN/day)_Cover_Total,Cover3_Grass_NPP_N(gN/day/m2)_Cover_Average,Cover3_Grass_NPP_N(gN/day/m2)_Delineated_Average,Cover3_Grass_Plant_Uptake(gN/day)_Cover_Total,Cover3_Grass_Plant_Uptake(gN/day/m2)_Cover_Average,Cover3_Grass_Plant_Uptake(gN/day/m2)_Delineated_Average,Cover3_Grass_NH4_Loss(gN/day)_Cover_Total,Cover3_Grass_NH4_Loss(gN/day/m2)_Cover_Average,Cover3_Grass_NH4_Loss(gN/day/m2)_Delineated_Average,Cover3_Grass_NO3_Loss(gN/day)_Cover_Total,Cover3_Grass_NO3_Loss(gN/day/m2)_Cover_Average,Cover3_Grass_NO3_Loss(gN/day/m2)_Delineated_Average,Cover3_Grass_DON_Loss(gN/day)_Cover_Total,Cover3_Grass_DON_Loss(gN/day/m2)_Cover_Average,Cover3_Grass_DON_Loss(gN/day/m2)_Delineated_Average,Cover3_Grass_DOC_Loss(gC/day)_Cover_Total,Cover3_Grass_DOC_Loss(gC/day/m2)_Cover_Average,Cover3_Grass_DOC_Loss(gC/day/m2)_Delineated_Average,Cover3_Grass_Nitrification(gN/day)_Cover_Total_Layer_1,Cover3_Grass_Nitrification(gN/day/m2)_Cover_Average_Layer_1,Cover3_Grass_Nitrification(gN/day/m2)_Delineated_Average_Layer_1,Cover3_Grass_Denitrification(gN/day)_Cover_Total_Layer_1,Cover3_Grass_Denitrification(gN/day/m2)_Cover_Average_Layer_1,Cover3_Grass_Denitrification(gN/day/m2)_Delineated_Average_Layer_1,Cover3_Grass_Disturbance_N_Added(gN)_Cover_Total,Cover3_Grass_Disturbance_N_Added(gN/m2)_Cover_Average,Cover3_Grass_Disturbance_N_Added(gN/m2)_Delineated_Average,Cover3_Grass_Disturbance_N_Added_Cell_Count_Cover_Total,Cover3_Grass_Disturbance_N_Removed(gN)_Cover_Total,Cover3_Grass_Disturbance_N_Removed(gN/m2)_Cover_Average,Cover3_Grass_Disturbance_N_Removed(gN/m2)_Delineated_Average,Cover3_Grass_Disturbance_N_Removed_Cell_Count_Cover_Total,sandy loam_Humus_Pool(gC)_Soil_Total,sandy loam_Humus_Pool(gC/m2)_Soil_Average,sandy loam_Humus_Pool(gC/m2)_Delineated_Average,Soil20_green_roof_Humus_Pool(gC)_Soil_Total,Soil20_green_roof_Humus_Pool(gC/m2)_Soil_Average,Soil20_green_roof_Humus_Pool(gC/m2)_Delineated_Average
1,1987,INITIAL_VALUE,3.319327,0.000000,0.000000,0.000000,14.000000,110.221291,7.625391,12.232489,34.197262,27.364124,25.482700,148.166275,0.319702,0.418393,0.394465,0.386945,3.018479,2.223696,7.250000,3.619668,0.968141,1.294348,1.468103,1.552758,0.000014,0.000000,0.000000,0.000000,17509.363281,14347.303711,3165.862549,278.080719,14070.463867,2856.135986,238.450272,51.294373,20.104019,0.000000,5407.589844,1392.472534,429.801849,4978.032227,765.805664,224.611252,94.582077,0.000000,235.167603,51.826561,20.448187,0.000000,15003.583984,9413.623047,2836.963135,1624.000122,1124.407104,0.103206,0.099536,1.500186,30.000534,0.000000,0.000000,0.003964,0.000059,0.003904,0.155322,0.001181,0.001181,-0.103751,0.000000,0.000054,0.000000,0.000272,0.000000,0.002409,0.000000,0.081882,0.000326,0.000000,0.000000,0.177191,596800.000000,4.000000,0.203443,298400.000000,2.000000,0.101721,298400.000000,2.000000,0.101721,0.000000,0.000000,0.000000,0.000000,0.000000,0.000000,298390.468750,1.999936,0.101718,298400.000000,2.000000,0.101721,15535.322266,0.104124,0.005296,14853.699219,0.099556,0.005063,223237.015625,1.496227,0.076099,4452354.500000,29.841518,1.517762,0.000000,0.000000,0.000000,0.000000,0.000000,0.000000,0.000000,0.000000,0.000000,8.007425,0.000054,0.000003,39.944229,0.000268,0.000014,352.436890,0.002362,0.000120,11974.683594,0.080259,0.004082,0.000000,0.000000,0.000000,0.000000,0.000000,0.000000,0.000000,0.000000,0.000000,0.000000,0.000000,0.000000,0.000000,0.000000,51013197824.000000,41800.390625,17389.875000,42087198720.000000,34486.398438,14347.093750,8939427840.000000,7324.998535,3047.359131,0.000000,0.000000,0.000000,0.000000,0.000000,0.000000,15602317312.000000,12784.592773,5318.669434,3822205952.000000,3131.928955,1302.950684,124814.937500,0.102274,0.042548,120670.445313,0.098878,0.041135,1830545.875000,1.499956,0.624014,36624680.000000,30.010389,12.484977,455637.156250,0.373351,0.155322,3465.705566,0.002840,0.001181,3465.705078,0.002840,0.001181,73.758926,0.000060,0.000025,368.862305,0.000302,0.000126,3290.833252,0.002697,0.001122,111827.195313,0.091632,0.038121,0.000000,0.000000,0.000000,0.000000,0.000000,0.000000,0.000000,0.000000,0.000000,0.000000,0.000000,0.000000,0.000000,0.000000,59428400.000000,404.000000,20.258532,294200.000000,2.000000,0.100290,59134200.000000,402.000000,20.158241,0.000000,0.000000,0.000000,0.000000,0.000000,0.000000,44244372.000000,300.777496,15.082452,44556376.000000,302.898529,15.188810,15197.319336,0.103313,0.005181,14927.093750,0.101476,0.005088,222576.640625,1.513097,0.075874,4478947.500000,30.448318,1.526827,0.000000,0.000000,0.000000,0.000000,0.000000,0.000000,0.000000,0.000000,0.000000,3.107091,0.000021,0.000001,15.541238,0.000106,0.000005,137.759171,0.000937,0.000047,4663.271484,0.031701,0.001590,0.000000,0.000000,0.000000,0.000000,0.000000,0.000000,0.000000,0.000000,0.000000,0.000000,0.000000,0.000000,0.000000,0.000000,2806400.000000,4.000000,0.956673,1403200.000000,2.000000,0.478336,1403200.000000,2.000000,0.478336,0.000000,0.000000,0.000000,0.000000,0.000000,0.000000,1403191.250000,1.999988,0.478334,1403200.000000,2.000000,0.478336,72945.453125,0.103970,0.024866,70078.609375,0.099884,0.023889,1051776.125000,1.499111,0.358540,21006168.000000,29.940374,7.160787,0.000000,0.000000,0.000000,0.000000,0.000000,0.000000,0.000000,0.000000,0.000000,37.027073,0.000053,0.000013,185.089798,0.000264,0.000063,1632.333374,0.002327,0.000556,55486.003906,0.079085,0.018915,0.000000,0.000000,0.000000,0.000000,0.000000,0.000000,0.000000,0.000000,0.000000,0.000000,0.000000,0.000000,0.000000,0.000000,288940800.000000,404.000000,98.496948,1430400.000000,2.000000,0.487609,287510400.000000,402.000000,98.009338,0.000000,0.000000,0.000000,0.000000,0.000000,0.000000,215047152.000000,300.681152,73.307365,216612720.000000,302.870148,73.841049,74251.414063,0.103819,0.025312,71452.750000,0.099906,0.024358,1072307.375000,1.499311,0.365539,21440168.000000,29.977863,7.308733,0.000000,0.000000,0.000000,0.000000,0.000000,0.000000,0.000000,0.000000,0.000000,37.500271,0.000052,0.000013,187.461258,0.000262,0.000064,1653.887207,0.002312,0.000564,56249.796875,0.078649,0.019175,0.000000,0.000000,0.000000,0.000000,0.000000,0.000000,0.000000,0.000000,0.000000,0.000000,0.000000,0.000000,0.000000,0.000000,41805492224.000000,15003.406250,14251.062500,2206486016.000000,14999.905273,752.168396
1,1987,FINAL_VALUE,0.000000,0.000000,0.000000,0.000000,0.000000,0.529848,0.001046,0.208466,0.267868,0.012675,0.039794,1.728372,0.187767,0.189496,0.086663,0.143535,2.391064,1.597053,3.898964,3.508828,4.446681,5.859175,6.798012,7.360617,0.000000,0.000000,0.000000,0.000000,17518.748047,14350.073242,3168.375488,277.826721,14071.490234,2856.804688,239.678818,51.362061,20.105301,0.000000,5241.649414,1344.988403,389.023315,4853.025391,754.851563,221.710464,92.548866,0.000000,207.750275,49.475327,18.716581,0.000000,15680.387695,10143.943359,2813.973389,1610.109619,1112.562622,3.146157,0.034209,1.574480,28.057899,0.000000,0.000000,0.008211,0.000123,0.008088,0.000000,0.000000,0.000000,0.198365,0.000000,0.000070,0.000000,0.000003,0.000000,0.000101,0.000000,0.002911,0.000074,0.000000,0.000000,-0.201277,596800.000000,4.000000,0.203443,298400.000000,2.000000,0.101721,298400.000000,2.000000,0.101721,0.000000,0.000000,0.000000,0.000000,0.000000,0.000000,289118.906250,1.937794,0.098558,298400.000000,2.000000,0.101721,965490.937500,6.471119,0.329126,11641.786133,0.078028,0.003969,233022.578125,1.561814,0.079435,1739087.125000,11.656080,0.592837,0.000000,0.000000,0.000000,0.000000,0.000000,0.000000,0.000000,0.000000,0.000000,24.134592,0.000162,0.000008,1.388270,0.000009,0.000000,16.865435,0.000113,0.000006,212.678284,0.001425,0.000072,0.000000,0.000000,0.000000,0.000000,0.000000,0.000000,0.000000,0.000000,0.000000,0.000000,0.000000,0.000000,0.000000,0.000000,51037483008.000000,41820.292969,17398.154297,42095505408.000000,34493.203125,14349.924805,8942191616.000000,7327.262695,3048.301025,0.000000,0.000000,0.000000,0.000000,0.000000,0.000000,15196473344.000000,12452.042969,5180.321777,3702812416.000000,3034.097412,1262.250732,1553106.625000,1.272621,0.529438,15586.143555,0.012771,0.005313,1968243.750000,1.612786,0.670954,46121536.000000,37.792149,15.722358,0.000000,0.000000,0.000000,0.000000,0.000000,0.000000,0.000000,0.000000,0.000000,27.168051,0.000022,0.000009,0.897822,0.000001,0.000000,111.724350,0.000092,0.000038,4309.600586,0.003531,0.001469,0.000000,0.000000,0.000000,0.000000,0.000000,0.000000,0.000000,0.000000,0.000000,0.000000,0.000000,0.000000,0.000000,0.000000,60193408.000000,409.200592,20.519314,294200.156250,2.000001,0.100290,59899200.000000,407.200531,20.419022,0.000000,0.000000,0.000000,0.000000,0.000000,0.000000,34168708.000000,232.282181,11.647762,40611396.000000,276.080200,13.844007,301676.187500,2.050824,0.102838,3285.736816,0.022337,0.001120,261902.125000,1.780436,0.089280,5596235.500000,38.043751,1.907699,0.000000,0.000000,0.000000,0.000000,0.000000,0.000000,0.000000,0.000000,0.000000,2.640496,0.000018,0.000001,0.077837,0.000001,0.000000,8.783230,0.000060,0.000003,311.431915,0.002117,0.000106,0.000000,0.000000,0.000000,0.000000,0.000000,0.000000,0.000000,0.000000,0.000000,0.000000,0.000000,0.000000,0.000000,0.000000,2806400.000000,4.000000,0.956673,1403200.000000,2.000000,0.478336,1403200.000000,2.000000,0.478336,0.000000,0.000000,0.000000,0.000000,0.000000,0.000000,1358171.875000,1.935821,0.462987,1403200.000000,2.000000,0.478336,4683140.500000,6.674944,1.596434,56536.828125,0.080583,0.019273,1091368.125000,1.555542,0.372036,7441740.000000,10.606812,2.536813,0.000000,0.000000,0.000000,0.000000,0.000000,0.000000,0.000000,0.000000,0.000000,114.320992,0.000163,0.000039,6.658767,0.000009,0.000002,76.805916,0.000109,0.000026,1003.144165,0.001430,0.000342,0.000000,0.000000,0.000000,0.000000,0.000000,0.000000,0.000000,0.000000,0.000000,0.000000,0.000000,0.000000,0.000000,0.000000,290666880.000000,406.413422,99.085350,6.354449,0.000009,0.000002,290666880.000000,406.413422,99.085350,0.000000,0.000000,0.000000,0.000000,0.000000,0.000000,145032992.000000,202.786636,49.440258,200605216.000000,280.488281,68.384254,1725721.625000,2.412922,0.588281,13302.249023,0.018599,0.004535,1064188.125000,1.487959,0.362771,21410264.000000,29.936052,7.298539,0.000000,0.000000,0.000000,0.000000,0.000000,0.000000,0.000000,0.000000,0.000000,38.148804,0.000053,0.000013,0.776105,0.000001,0.000000,82.180473,0.000115,0.000028,2703.360596,0.003780,0.000922,0.000000,0.000000,0.000000,0.000000,0.000000,0.000000,0.000000,0.000000,0.000000,0.000000,0.000000,0.000000,0.000000,0.000000,43793899520.000000,15717.018555,14928.890625,2204431104.000000,14985.936523,751.467957
1,1987,ANNUAL_DELTA,-3.319327,0.000000,0.000000,0.000000,-14.000000,-109.691442,-7.624345,-12.024023,-33.929394,-27.351449,-25.442906,-146.437903,-0.131935,-0.228898,-0.307802,-0.243410,-0.627415,-0.626643,-3.351036,-0.110840,3.478540,4.564827,5.329909,5.807859,-0.000014,0.000000,0.000000,0.000000,9.384766,2.769531,2.512939,-0.253998,1.026367,0.668701,1.228546,0.067688,0.001282,0.000000,-165.940430,-47.484131,-40.778534,-125.006836,-10.954102,-2.900787,-2.033211,0.000000,-27.417328,-2.351234,-1.731606,0.000000,676.803711,730.320313,-22.989746,-13.890503,-11.844482,3.042951,-0.065327,0.074294,-1.942635,0.000000,0.000000,0.004247,0.000064,0.004184,-0.155322,-0.001181,-0.001181,0.302116,0.000000,0.000016,0.000000,-0.000268,0.000000,-0.002308,0.000000,-0.078971,-0.000252,0.000000,0.000000,-0.378467,0.000000,0.000000,0.000000,0.000000,0.000000,0.000000,0.000000,0.000000,0.000000,0.000000,0.000000,0.000000,0.000000,0.000000,0.000000,-9271.562500,-0.062142,-0.003161,0.000000,0.000000,0.000000,949955.615234,6.366995,0.323830,-3211.913086,-0.021528,-0.001095,9785.562500,0.065587,0.003336,-2713267.375000,-18.185438,-0.924925,0.000000,0.000000,0.000000,0.000000,0.000000,0.000000,0.000000,0.000000,0.000000,16.127167,0.000108,0.000005,-38.555959,-0.000258,-0.000013,-335.571455,-0.002249,-0.000114,-11762.005310,-0.078834,-0.004010,0.000000,0.000000,0.000000,0.000000,0.000000,0.000000,0.000000,0.000000,0.000000,0.000000,0.000000,0.000000,0.000000,0.000000,24285184.000000,19.902344,8.279297,8306688.000000,6.804688,2.831055,2763776.000000,2.264160,0.941895,0.000000,0.000000,0.000000,0.000000,0.000000,0.000000,-405843968.000000,-332.549805,-138.347656,-119393536.000000,-97.831543,-40.699951,1428291.687500,1.170347,0.486890,-105084.301758,-0.086106,-0.035822,137697.875000,0.112830,0.046940,9496856.000000,7.781759,3.237381,-455637.156250,-0.373351,-0.155322,-3465.705566,-0.002840,-0.001181,-3465.705078,-0.002840,-0.001181,-46.590876,-0.000038,-0.000016,-367.964483,-0.000302,-0.000125,-3179.108902,-0.002605,-0.001084,-107517.594727,-0.088100,-0.036652,0.000000,0.000000,0.000000,0.000000,0.000000,0.000000,0.000000,0.000000,0.000000,0.000000,0.000000,0.000000,0.000000,0.000000,765008.000000,5.200592,0.260782,0.156250,0.000001,0.000000,765000.000000,5.200531,0.260780,0.000000,0.000000,0.000000,0.000000,0.000000,0.000000,-10075664.000000,-68.495316,-3.434690,-3944980.000000,-26.818329,-1.344803,286478.868164,1.947511,0.097658,-11641.356934,-0.079139,-0.003968,39325.484375,0.267339,0.013406,1117288.000000,7.595432,0.380872,0.000000,0.000000,0.000000,0.000000,0.000000,0.000000,0.000000,0.000000,0.000000,-0.466595,-0.000003,-0.000000,-15.463401,-0.000105,-0.000005,-128.975941,-0.000877,-0.000044,-4351.839569,-0.029584,-0.001483,0.000000,0.000000,0.000000,0.000000,0.000000,0.000000,0.000000,0.000000,0.000000,0.000000,0.000000,0.000000,0.000000,0.000000,0.000000,0.000000,0.000000,0.000000,0.000000,0.000000,0.000000,0.000000,0.000000,0.000000,0.000000,0.000000,0.000000,0.000000,0.000000,-45019.375000,-0.064167,-0.015347,0.000000,0.000000,0.000000,4610195.046875,6.570974,1.571568,-13541.781250,-0.019301,-0.004616,39592.000000,0.056431,0.013497,-13564428.000000,-19.333562,-4.623974,0.000000,0.000000,0.000000,0.000000,0.000000,0.000000,0.000000,0.000000,0.000000,77.293919,0.000110,0.000026,-178.431031,-0.000254,-0.000061,-1555.527458,-0.002217,-0.000530,-54482.859741,-0.077655,-0.018573,0.000000,0.000000,0.000000,0.000000,0.000000,0.000000,0.000000,0.000000,0.000000,0.000000,0.000000,0.000000,0.000000,0.000000,1726080.000000,2.413422,0.588402,-1430393.645551,-1.999991,-0.487607,3156480.000000,4.413422,1.076012,0.000000,0.000000,0.000000,0.000000,0.000000,0.000000,-70014160.000000,-97.894516,-23.867107,-16007504.000000,-22.381866,-5.456795,1651470.210938,2.309103,0.562969,-58150.500977,-0.081307,-0.019823,-8119.250000,-0.011352,-0.002768,-29904.000000,-0.041811,-0.010193,0.000000,0.000000,0.000000,0.000000,0.000000,0.000000,0.000000,0.000000,0.000000,0.648533,0.000001,0.000000,-186.685152,-0.000261,-0.000064,-1571.706734,-0.002198,-0.000536,-53546.436279,-0.074869,-0.018253,0.000000,0.000000,0.000000,0.000000,0.000000,0.000000,0.000000,0.000000,0.000000,0.000000,0.000000,0.000000,0.000000,0.000000,1988407296.000000,713.612305,677.828125,-2054912.000000,-13.968750,-0.700439
1,1987,MIN_VALUE,0.000000,0.000000,0.000000,0.000000,0.000000,0.103702,0.000041,0.020251,0.022812,0.011092,0.039794,0.417305,0.068820,0.074028,0.078704,0.143535,1.807365,0.511956,0.000000,1.630372,0.968141,1.294348,1.468103,1.552758,0.000000,0.000000,0.000000,0.000000,17509.363281,14347.303711,3165.862549,277.826721,14070.463867,2856.135986,238.450272,51.294373,20.104019,0.000000,5161.346191,1294.725220,365.394958,4796.393066,742.291138,220.014862,91.800568,0.000000,179.089798,44.317360,16.534401,0.000000,15000.432617,9413.623047,2813.973389,1610.109619,1112.562622,0.103206,0.034208,1.500167,27.994707,0.000000,0.000000,0.003964,0.000059,0.003904,0.000000,0.000000,0.000000,-2.542868,0.000000,0.000012,0.000000,0.000001,0.000000,0.000024,0.000000,0.000601,0.000016,0.000000,0.000000,-0.269254,596800.000000,4.000000,0.203443,298400.000000,2.000000,0.101721,298400.000000,2.000000,0.101721,0.000000,0.000000,0.000000,0.000000,0.000000,0.000000,289118.906250,1.937794,0.098558,298400.000000,2.000000,0.101721,15535.322266,0.104124,0.005296,11641.786133,0.078028,0.003969,222591.187500,1.491898,0.075879,1624628.375000,10.888930,0.553819,0.000000,0.000000,0.000000,0.000000,0.000000,0.000000,0.000000,0.000000,0.000000,2.167214,0.000015,0.000001,0.403757,0.000003,0.000000,4.468196,0.000030,0.000002,61.229073,0.000410,0.000021,0.000000,0.000000,0.000000,0.000000,0.000000,0.000000,0.000000,0.000000,0.000000,0.000000,0.000000,0.000000,0.000000,0.000000,51013197824.000000,41800.390625,17389.875000,42087198720.000000,34486.398438,14347.093750,8939427840.000000,7324.998535,3047.359131,0.000000,0.000000,0.000000,0.000000,0.000000,0.000000,14963772416.000000,12261.367188,5100.996582,3610764032.000000,2958.672607,1230.872314,124814.937500,0.102274,0.042548,14830.672852,0.012152,0.005056,1830545.875000,1.499956,0.624014,36624680.000000,30.010389,12.484977,0.000000,0.000000,0.000000,0.000000,0.000000,0.000000,0.000000,0.000000,0.000000,5.439941,0.000004,0.000002,0.618466,0.000001,0.000000,17.509676,0.000014,0.000006,627.284119,0.000514,0.000214,0.000000,0.000000,0.000000,0.000000,0.000000,0.000000,0.000000,0.000000,0.000000,0.000000,0.000000,0.000000,0.000000,0.000000,59428400.000000,404.000000,20.258532,294200.000000,2.000000,0.100290,59134200.000000,402.000000,20.158241,0.000000,0.000000,0.000000,0.000000,0.000000,0.000000,25646224.000000,174.345505,8.742534,30149056.000000,204.956192,10.277503,15197.319336,0.103313,0.005181,2776.690674,0.018876,0.000947,222576.640625,1.513097,0.075874,4478947.500000,30.448318,1.526827,0.000000,0.000000,0.000000,0.000000,0.000000,0.000000,0.000000,0.000000,0.000000,0.212703,0.000001,0.000000,0.025785,0.000000,0.000000,0.296939,0.000002,0.000000,10.215963,0.000069,0.000003,0.000000,0.000000,0.000000,0.000000,0.000000,0.000000,0.000000,0.000000,0.000000,0.000000,0.000000,0.000000,0.000000,0.000000,2806400.000000,4.000000,0.956673,1403200.000000,2.000000,0.478336,1403200.000000,2.000000,0.478336,0.000000,0.000000,0.000000,0.000000,0.000000,0.000000,1358171.875000,1.935821,0.462987,1403200.000000,2.000000,0.478336,72945.453125,0.103970,0.024866,56536.828125,0.080583,0.019273,1050634.125000,1.497483,0.358150,7176628.000000,10.228946,2.446439,0.000000,0.000000,0.000000,0.000000,0.000000,0.000000,0.000000,0.000000,0.000000,9.873408,0.000014,0.000003,2.265760,0.000003,0.000001,24.428991,0.000035,0.000008,328.221344,0.000468,0.000112,0.000000,0.000000,0.000000,0.000000,0.000000,0.000000,0.000000,0.000000,0.000000,0.000000,0.000000,0.000000,0.000000,0.000000,288940800.000000,404.000000,98.496948,6.354449,0.000009,0.000002,287510400.000000,402.000000,98.009338,0.000000,0.000000,0.000000,0.000000,0.000000,0.000000,143494848.000000,200.635971,48.915920,124563536.000000,174.166016,42.462429,74251.414063,0.103819,0.025312,11817.258789,0.016523,0.004028,1062164.000000,1.485129,0.362081,21334686.000000,29.830378,7.272775,0.000000,0.000000,0.000000,0.000000,0.000000,0.000000,0.000000,0.000000,0.000000,5.568423,0.000008,0.000002,0.403946,0.000001,0.000000,21.734514,0.000030,0.000007,711.079529,0.000994,0.000242,0.000000,0.000000,0.000000,0.000000,0.000000,0.000000,0.000000,0.000000,0.000000,0.000000,0.000000,0.000000,0.000000,0.000000,41796612096.000000,15000.219727,14248.035156,2204431104.000000,14985.936523,751.467957
1,1987,MIN_VALUE_JDAY,5.000000,1.000000,1.000000,1.000000,5.000000,312.000000,312.000000,302.000000,315.000000,337.000000,365.000000,312.000000,302.000000,314.000000,334.000000,365.000000,15.000000,300.000000,15.000000,15.000000,1.000000,1.000000,1.000000,1.000000,5.000000,1.000000,1.000000,1.000000,1.000000,1.000000,1.000000,365.000000,1.000000,1.000000,1.000000,1.000000,1.000000,1.000000,349.000000,262.000000,346.000000,349.000000,262.000000,349.000000,349.000000,1.000000,262.000000,268.000000,349.000000,1.000000,2.000000,1.000000,365.000000,365.000000,365.000000,1.000000,353.000000,2.000000,334.000000,1.000000,1.000000,1.000000,1.000000,1.000000,350.000000,350.000000,350.000000,243.000000,1.000000,23.000000,1.000000,313.000000,1.000000,303.000000,1.000000,303.000000,149.000000,1.000000,1.000000,350.000000,1.000000,1.000000,1.000000,1.000000,1.000000,1.000000,1.000000,1.000000,1.000000,1.000000,1.000000,1.000000,1.000000,1.000000,1.000000,365.000000,365.000000,365.000000,1.000000,1.000000,1.000000,1.000000,1.000000,1.000000,365.000000,365.000000,365.000000,23.000000,23.000000,23.000000,335.000000,335.000000,335.000000,1.000000,1.000000,1.000000,1.000000,1.000000,1.000000,1.000000,1.000000,1.000000,24.000000,24.000000,24.000000,315.000000,315.000000,315.000000,315.000000,315.000000,315.000000,321.000000,321.000000,321.000000,1.000000,1.000000,1.000000,1.000000,1.000000,1.000000,1.000000,1.000000,1.000000,1.000000,1.000000,1.000000,1.000000,1.000000,1.000000,1.000000,1.000000,1.000000,1.000000,1.000000,1.000000,1.000000,1.000000,1.000000,1.000000,1.000000,1.000000,1.000000,1.000000,349.000000,349.000000,349.000000,349.000000,349.000000,349.000000,1.000000,1.000000,1.000000,199.000000,199.000000,199.000000,1.000000,1.000000,1.000000,1.000000,1.000000,1.000000,350.000000,350.000000,350.000000,350.000000,350.000000,350.000000,350.000000,350.000000,350.000000,149.000000,149.000000,149.000000,315.000000,315.000000,315.000000,287.000000,287.000000,287.000000,287.000000,287.000000,287.000000,1.000000,1.000000,1.000000,1.000000,1.000000,1.000000,1.000000,1.000000,1.000000,1.000000,1.000000,1.000000,1.000000,1.000000,1.000000,1.000000,1.000000,1.000000,1.000000,1.000000,1.000000,1.000000,1.000000,1.000000,1.000000,1.000000,1.000000,1.000000,1.000000,262.000000,262.000000,262.000000,262.000000,262.000000,262.000000,1.000000,1.000000,1.000000,262.000000,262.000000,262.000000,1.000000,1.000000,1.000000,1.000000,1.000000,1.000000,1.000000,1.000000,1.000000,1.000000,1.000000,1.000000,1.000000,1.000000,1.000000,287.000000,287.000000,287.000000,314.000000,314.000000,314.000000,304.000000,304.000000,304.000000,304.000000,304.000000,304.000000,1.000000,1.000000,1.000000,1.000000,1.000000,1.000000,1.000000,1.000000,1.000000,1.000000,1.000000,1.000000,1.000000,1.000000,1.000000,1.000000,1.000000,1.000000,1.000000,1.000000,1.000000,1.000000,1.000000,1.000000,1.000000,1.000000,1.000000,1.000000,1.000000,365.000000,365.000000,365.000000,1.000000,1.000000,1.000000,1.000000,1.000000,1.000000,365.000000,365.000000,365.000000,24.000000,24.000000,24.000000,337.000000,337.000000,337.000000,1.000000,1.000000,1.000000,1.000000,1.000000,1.000000,1.000000,1.000000,1.000000,23.000000,23.000000,23.000000,313.000000,313.000000,313.000000,313.000000,313.000000,313.000000,316.000000,316.000000,316.000000,1.000000,1.000000,1.000000,1.000000,1.000000,1.000000,1.000000,1.000000,1.000000,1.000000,1.000000,1.000000,1.000000,1.000000,1.000000,1.000000,1.000000,365.000000,365.000000,365.000000,1.000000,1.000000,1.000000,1.000000,1.000000,1.000000,1.000000,1.000000,1.000000,343.000000,343.000000,343.000000,262.000000,262.000000,262.000000,1.000000,1.000000,1.000000,262.000000,262.000000,262.000000,263.000000,263.000000,263.000000,76.000000,76.000000,76.000000,1.000000,1.000000,1.000000,1.000000,1.000000,1.000000,1.000000,1.000000,1.000000,167.000000,167.000000,167.000000,313.000000,313.000000,313.000000,303.000000,303.000000,303.000000,303.000000,303.000000,303.000000,1.000000,1.000000,1.000000,1.000000,1.000000,1.000000,1.000000,1.000000,1.000000,1.000000,1.000000,1.000000,1.000000,1.000000,2.000000,2.000000,2.000000,365.000000,365.000000,365.000000
1,1987,MAX_VALUE,3.319327,0.000000,0.000000,0.000000,40.388008,110.221291,20.018461,12.232489,34.197262,27.364124,25.482700,148.166275,0.343755,0.418393,0.394465,0.386945,8.515724,4.112938,23.352484,20.606472,16.364435,12.985501,10.956259,9.810900,0.005854,0.000000,0.000000,0.000000,17656.263672,14435.319336,3233.443115,306.965271,14132.771484,2876.907471,277.961365,56.855942,22.351757,0.000000,5407.589844,1392.472534,429.801849,4978.032227,765.805664,224.611252,94.582077,0.000000,235.167603,51.826561,20.448187,0.000000,15680.387695,10143.943359,2836.963135,1624.000122,1124.407104,3.146157,0.099536,1.574480,30.181528,0.000000,0.000000,0.019009,0.000285,0.018724,4.929896,0.065992,0.065992,0.366171,0.000000,0.000238,0.000000,0.000272,0.000000,0.002409,0.000000,0.081882,0.000326,0.000000,0.000000,4.819726,596800.000000,4.000000,0.203443,298400.000000,2.000000,0.101721,298400.000000,2.000000,0.101721,0.000000,0.000000,0.000000,0.000000,0.000000,0.000000,298390.468750,1.999936,0.101718,298400.000000,2.000000,0.101721,965490.937500,6.471119,0.329126,14855.836914,0.099570,0.005064,233117.218750,1.562448,0.079467,4452354.500000,29.841518,1.517762,0.000000,0.000000,0.000000,0.000000,0.000000,0.000000,0.000000,0.000000,0.000000,60.990925,0.000409,0.000021,39.944229,0.000268,0.000014,352.436890,0.002362,0.000120,11974.683594,0.080259,0.004082,0.000000,0.000000,0.000000,0.000000,0.000000,0.000000,0.000000,0.000000,0.000000,0.000000,0.000000,0.000000,0.000000,0.000000,51384209408.000000,42104.398438,17516.347656,42342170624.000000,34695.320313,14434.010742,9041986560.000000,7409.035156,3082.320313,0.000000,0.000000,0.000000,0.000000,0.000000,0.000000,15602317312.000000,12784.592773,5318.669434,3822205952.000000,3131.928955,1302.950684,1707466.000000,1.399104,0.582058,120670.445313,0.098878,0.041135,1968243.750000,1.612786,0.670954,46219528.000000,37.872440,15.755762,5477092.000000,4.487948,1.867084,41660.414063,0.034137,0.014202,41660.312500,0.034137,0.014202,145.535248,0.000119,0.000050,368.862305,0.000302,0.000126,3290.833252,0.002697,0.001122,111827.195313,0.091632,0.038121,0.000000,0.000000,0.000000,0.000000,0.000000,0.000000,0.000000,0.000000,0.000000,0.000000,0.000000,0.000000,0.000000,0.000000,85465840.000000,581.005005,29.134426,11739734.000000,79.807838,4.001955,73726000.000000,501.196472,25.132435,0.000000,0.000000,0.000000,0.000000,0.000000,0.000000,44244372.000000,300.777496,15.082452,44556376.000000,302.898529,15.188810,301676.187500,2.050824,0.102838,15489.001953,0.105296,0.005280,261902.125000,1.780436,0.089280,5596235.500000,38.043751,1.907699,1527476.125000,10.383930,0.520701,21924.468750,0.149045,0.007474,21924.453125,0.149045,0.007474,11.960041,0.000081,0.000004,24.490206,0.000166,0.000008,216.696899,0.001473,0.000074,7350.279785,0.049968,0.002506,0.000000,0.000000,0.000000,0.000000,0.000000,0.000000,0.000000,0.000000,0.000000,0.000000,0.000000,0.000000,0.000000,0.000000,2806400.000000,4.000000,0.956673,1403200.000000,2.000000,0.478336,1403200.000000,2.000000,0.478336,0.000000,0.000000,0.000000,0.000000,0.000000,0.000000,1403191.250000,1.999988,0.478334,1403200.000000,2.000000,0.478336,4683140.500000,6.674944,1.596434,70078.609375,0.099884,0.023889,1091412.750000,1.555605,0.372051,21006168.000000,29.940374,7.160787,0.000000,0.000000,0.000000,0.000000,0.000000,0.000000,0.000000,0.000000,0.000000,337.968018,0.000482,0.000115,185.089798,0.000264,0.000063,1632.333374,0.002327,0.000556,55486.003906,0.079085,0.018915,0.000000,0.000000,0.000000,0.000000,0.000000,0.000000,0.000000,0.000000,0.000000,0.000000,0.000000,0.000000,0.000000,0.000000,414924416.000000,580.151611,141.443466,23624368.000000,33.031834,8.053305,393921216.000000,550.784668,134.283691,0.000000,0.000000,0.000000,0.000000,0.000000,0.000000,215047152.000000,300.681152,73.307365,216612720.000000,302.870148,73.841049,1725721.625000,2.412922,0.588281,71452.750000,0.099906,0.024358,1072307.375000,1.499311,0.365539,21634082.000000,30.248995,7.374836,10860742.000000,15.185601,3.702315,155888.578125,0.217965,0.053141,155892.718750,0.217971,0.053142,144.889786,0.000203,0.000049,187.461258,0.000262,0.000064,1653.887207,0.002312,0.000564,56249.796875,0.078649,0.019175,0.000000,0.000000,0.000000,0.000000,0.000000,0.000000,3492109.500000,4.882703,1.190424,7152.000000,24369.642578,0.034074,0.008307,7152.000000,43793899520.000000,15717.018555,14928.890625,2206555136.000000,15000.375000,752.192017
1,1987,MAX_VALUE_JDAY,1.000000,1.000000,1.000000,1.000000,62.000000,1.000000,2.000000,1.000000,1.000000,1.000000,1.000000,1.000000,2.000000,1.000000,1.000000,1.000000,180.000000,129.000000,180.000000,244.000000,244.000000,244.000000,244.000000,244.000000,335.000000,1.000000,1.000000,1.000000,258.000000,349.000000,262.000000,258.000000,349.000000,262.000000,262.000000,349.000000,349.000000,1.000000,1.000000,1.000000,1.000000,1.000000,1.000000,1.000000,1.000000,1.000000,1.000000,1.000000,1.000000,1.000000,365.000000,365.000000,1.000000,1.000000,1.000000,365.000000,1.000000,365.000000,115.000000,1.000000,1.000000,181.000000,181.000000,181.000000,120.000000,120.000000,120.000000,49.000000,1.000000,344.000000,1.000000,1.000000,1.000000,1.000000,1.000000,1.000000,1.000000,1.000000,1.000000,119.000000,1.000000,1.000000,1.000000,1.000000,1.000000,1.000000,1.000000,1.000000,1.000000,1.000000,1.000000,1.000000,1.000000,1.000000,1.000000,1.000000,1.000000,1.000000,1.000000,1.000000,1.000000,365.000000,365.000000,365.000000,2.000000,2.000000,2.000000,358.000000,358.000000,358.000000,1.000000,1.000000,1.000000,1.000000,1.000000,1.000000,1.000000,1.000000,1.000000,1.000000,1.000000,1.000000,345.000000,345.000000,345.000000,1.000000,1.000000,1.000000,1.000000,1.000000,1.000000,1.000000,1.000000,1.000000,1.000000,1.000000,1.000000,1.000000,1.000000,1.000000,1.000000,1.000000,1.000000,1.000000,1.000000,1.000000,1.000000,1.000000,349.000000,349.000000,349.000000,349.000000,349.000000,349.000000,349.000000,349.000000,349.000000,1.000000,1.000000,1.000000,1.000000,1.000000,1.000000,1.000000,1.000000,1.000000,1.000000,1.000000,1.000000,334.000000,334.000000,334.000000,1.000000,1.000000,1.000000,365.000000,365.000000,365.000000,339.000000,339.000000,339.000000,340.000000,340.000000,340.000000,340.000000,340.000000,340.000000,340.000000,340.000000,340.000000,344.000000,344.000000,344.000000,1.000000,1.000000,1.000000,1.000000,1.000000,1.000000,1.000000,1.000000,1.000000,1.000000,1.000000,1.000000,1.000000,1.000000,1.000000,1.000000,1.000000,1.000000,1.000000,1.000000,1.000000,1.000000,1.000000,262.000000,262.000000,262.000000,262.000000,262.000000,262.000000,262.000000,262.000000,262.000000,1.000000,1.000000,1.000000,1.000000,1.000000,1.000000,1.000000,1.000000,1.000000,1.000000,1.000000,1.000000,365.000000,365.000000,365.000000,58.000000,58.000000,58.000000,365.000000,365.000000,365.000000,365.000000,365.000000,365.000000,120.000000,120.000000,120.000000,120.000000,120.000000,120.000000,120.000000,120.000000,120.000000,344.000000,344.000000,344.000000,2.000000,2.000000,2.000000,2.000000,2.000000,2.000000,2.000000,2.000000,2.000000,1.000000,1.000000,1.000000,1.000000,1.000000,1.000000,1.000000,1.000000,1.000000,1.000000,1.000000,1.000000,1.000000,1.000000,1.000000,1.000000,1.000000,1.000000,1.000000,1.000000,1.000000,1.000000,1.000000,1.000000,1.000000,1.000000,1.000000,1.000000,1.000000,1.000000,1.000000,1.000000,1.000000,1.000000,1.000000,365.000000,365.000000,365.000000,1.000000,1.000000,1.000000,360.000000,360.000000,360.000000,1.000000,1.000000,1.000000,1.000000,1.000000,1.000000,1.000000,1.000000,1.000000,1.000000,1.000000,1.000000,344.000000,344.000000,344.000000,1.000000,1.000000,1.000000,1.000000,1.000000,1.000000,1.000000,1.000000,1.000000,1.000000,1.000000,1.000000,1.000000,1.000000,1.000000,1.000000,1.000000,1.000000,1.000000,1.000000,1.000000,1.000000,1.000000,258.000000,258.000000,258.000000,244.000000,244.000000,244.000000,262.000000,262.000000,262.000000,1.000000,1.000000,1.000000,1.000000,1.000000,1.000000,1.000000,1.000000,1.000000,1.000000,1.000000,1.000000,365.000000,365.000000,365.000000,1.000000,1.000000,1.000000,1.000000,1.000000,1.000000,316.000000,316.000000,316.000000,120.000000,120.000000,120.000000,120.000000,120.000000,120.000000,120.000000,120.000000,120.000000,344.000000,344.000000,344.000000,1.000000,1.000000,1.000000,1.000000,1.000000,1.000000,1.000000,1.000000,1.000000,1.000000,1.000000,1.000000,1.000000,1.000000,1.000000,122.000000,122.000000,122.000000,122.000000,245.000000,245.000000,245.000000,61.000000,365.000000,365.000000,365.000000,8.000000,8.000000,8.000000
1,1987,ANNUAL_SUM,31.978547,0.000000,0.000000,0.000000,752.156496,692.875325,76.473033,124.282426,218.145196,122.801451,119.194668,1231.836772,57.841951,57.723287,55.264915,66.149941,1641.158250,699.120099,4526.985250,4219.728959,3916.090424,3529.126558,3291.645556,3155.431456,0.086085,0.000000,0.000000,0.000000,6424797.900391,5256237.749023,1168519.203125,108083.954895,5148123.017578,1046317.276855,94416.722397,20002.456844,7805.438988,0.000000,1921736.765625,486151.102783,142743.146332,1779116.450195,274301.076599,80822.119659,33913.770546,0.000000,73503.794556,17045.842422,6590.811201,0.000000,5595289.122070,3564822.829102,1031235.853027,590153.804932,408294.057617,551.514456,17.299772,561.055158,10699.188457,0.000000,0.000000,4.965657,0.074485,4.891174,197.247679,1.996928,1.996931,-192.207987,0.000000,0.010598,0.000000,0.003781,0.000000,0.051643,0.000000,1.652013,0.014379,0.000000,0.000000,387.803653,217832000.000000,1460.000000,74.256692,108916000.000000,730.000000,37.128346,108916000.000000,730.000000,37.128346,0.000000,0.000000,0.000000,0.000000,0.000000,0.000000,107267309.781250,718.949797,36.566323,108916000.000000,730.000000,37.128346,170716445.024414,1144.212098,58.195481,4758234.603516,31.891653,1.622033,82810554.906250,555.030528,28.229267,1103042764.125000,7393.048038,376.015943,0.000000,0.000000,0.000000,0.000000,0.000000,0.000000,0.000000,0.000000,0.000000,2914.510134,0.019534,0.000994,766.952412,0.005140,0.000261,7413.717926,0.049690,0.002527,203426.137482,1.363446,0.069346,0.000000,0.000000,0.000000,0.000000,0.000000,0.000000,0.000000,0.000000,0.000000,0.000000,0.000000,0.000000,0.000000,0.000000,18697059540992.000000,15320435.507813,6373635.414063,15413385519104.000000,12629781.699219,5254264.718750,3283704712192.000000,2690679.052246,1119381.185547,0.000000,0.000000,0.000000,0.000000,0.000000,0.000000,5561951650816.000000,4557482.518555,1896012.161133,1349264928256.000000,1105592.367432,459950.544556,318360044.992188,260.865327,108.525667,9085128.293945,7.444386,3.097027,694428595.500000,569.017205,236.723572,15411878052.000000,12628.546455,5253.750824,362713201.750000,297.208457,123.645203,2758904.823730,2.260656,0.940482,2758904.844849,2.260656,0.940482,4981.634085,0.004082,0.001698,2977.561636,0.002440,0.001015,59147.061829,0.048465,0.020163,2058660.815674,1.686874,0.701776,0.000000,0.000000,0.000000,0.000000,0.000000,0.000000,0.000000,0.000000,0.000000,0.000000,0.000000,0.000000,0.000000,0.000000,25886208124.000000,175976.942322,8824.342411,1933868779.875000,13146.626650,659.235990,23952339996.000000,162830.319275,8165.106556,0.000000,0.000000,0.000000,0.000000,0.000000,0.000000,12436072064.000000,84541.618317,4239.329155,13483048916.000000,91659.068161,4596.232794,49736314.009766,338.112263,16.954598,2609162.350830,17.737338,0.889437,89765971.156250,610.237736,30.600297,1897641538.500000,12900.350349,646.886496,26037366.462891,177.004532,8.875871,373724.222366,2.540613,0.127399,373724.110367,2.540613,0.127399,584.303740,0.003972,0.000199,417.506170,0.002838,0.000142,4613.305849,0.031362,0.001573,158177.912541,1.075309,0.053921,0.000000,0.000000,0.000000,0.000000,0.000000,0.000000,0.000000,0.000000,0.000000,0.000000,0.000000,0.000000,0.000000,0.000000,1024336000.000000,1460.000000,349.185611,512168000.000000,730.000000,174.592806,512168000.000000,730.000000,174.592806,0.000000,0.000000,0.000000,0.000000,0.000000,0.000000,504263228.125000,718.733223,171.898152,512168000.000000,730.000000,174.592806,817996787.281250,1165.901919,278.846698,22894265.812500,32.631508,7.804420,389837062.375000,555.640054,132.891448,5137149019.000000,7322.048182,1751.201300,0.000000,0.000000,0.000000,0.000000,0.000000,0.000000,0.000000,0.000000,0.000000,15622.147895,0.022266,0.005325,3746.156732,0.005339,0.001277,35868.441530,0.051124,0.012227,959772.419556,1.367977,0.327177,0.000000,0.000000,0.000000,0.000000,0.000000,0.000000,0.000000,0.000000,0.000000,0.000000,0.000000,0.000000,0.000000,0.000000,123607933536.000000,172829.884125,42136.673935,3809229915.291949,5326.104431,1298.527326,119798706016.000000,167503.783142,40838.147240,0.000000,0.000000,0.000000,0.000000,0.000000,0.000000,62817212784.000000,87831.673279,21413.742176,62840373216.000000,87864.056549,21421.637352,261060894.812500,365.018030,88.992976,11402799.158203,15.943511,3.887097,389013279.375000,543.922372,132.610629,7836320272.000000,10956.823635,2671.321040,189875649.937500,265.486086,64.726657,2725357.857422,3.810623,0.929046,2725375.722656,3.810648,0.929053,6987.926856,0.009771,0.002382,3182.443733,0.004450,0.001085,44453.222292,0.062155,0.015154,1466144.203430,2.049978,0.499793,0.000000,0.000000,0.000000,0.000000,0.000000,0.000000,13968438.000000,19.530813,4.761697,28608.000000,226247.328125,0.316341,0.077125,100128.000000,15608445460480.000000,5601652.833008,5320758.626953,805169980160.000000,5473623.248047,274474.171265
1,1987,ANNUAL_AVERAGE,0.087612,0.000000,0.000000,0.000000,2.060703,1.898289,0.209515,0.340500,0.597658,0.336442,0.326561,3.374895,0.158471,0.158146,0.151411,0.181233,4.496324,1.915398,12.402699,11.560901,10.729015,9.668840,9.018207,8.645018,0.000236,0.000000,0.000000,0.000000,17602.186028,14400.651367,3201.422474,296.120424,14104.446624,2866.622676,258.675952,54.801252,21.384764,0.000000,5265.032235,1331.920830,391.077113,4874.291644,751.509799,221.430465,92.914440,0.000000,201.380259,46.700938,18.057017,0.000000,15329.559239,9766.637888,2825.303707,1616.859740,1118.613856,1.510999,0.047397,1.537137,29.312845,0.000000,0.000000,0.013605,0.000204,0.013400,0.540405,0.005471,0.005471,-0.526597,0.000000,0.000029,0.000000,0.000010,0.000000,0.000141,0.000000,0.004526,0.000039,0.000000,0.000000,1.062476,596800.000000,4.000000,0.203443,298400.000000,2.000000,0.101721,298400.000000,2.000000,0.101721,0.000000,0.000000,0.000000,0.000000,0.000000,0.000000,293883.040497,1.969725,0.100182,298400.000000,2.000000,0.101721,467716.287738,3.134828,0.159440,13036.259188,0.087374,0.004444,226878.232620,1.520632,0.077340,3022034.970205,20.254926,1.030181,0.000000,0.000000,0.000000,0.000000,0.000000,0.000000,0.000000,0.000000,0.000000,7.984959,0.000054,0.000003,2.101239,0.000014,0.000001,20.311556,0.000136,0.000007,557.331884,0.003735,0.000190,0.000000,0.000000,0.000000,0.000000,0.000000,0.000000,0.000000,0.000000,0.000000,0.000000,0.000000,0.000000,0.000000,0.000000,51224820660.252050,41973.795912,17462.014833,42228453476.997260,34602.141642,14395.245805,8996451266.279451,7371.723431,3066.797769,0.000000,0.000000,0.000000,0.000000,0.000000,0.000000,15238223700.865753,12486.253475,5194.553866,3696616241.797260,3029.020185,1260.138478,872219.301348,0.714700,0.297331,24890.762449,0.020396,0.008485,1902544.097260,1.558951,0.648558,42224323.430137,34.598757,14.393838,993734.799315,0.814270,0.338754,7558.643353,0.006194,0.002577,7558.643411,0.006194,0.002577,13.648313,0.000011,0.000005,8.157703,0.000007,0.000003,162.046745,0.000133,0.000055,5640.166618,0.004622,0.001923,0.000000,0.000000,0.000000,0.000000,0.000000,0.000000,0.000000,0.000000,0.000000,0.000000,0.000000,0.000000,0.000000,0.000000,70921118.147945,482.128609,24.176281,5298270.629795,36.018155,1.806126,65622849.304110,446.110464,22.370155,0.000000,0.000000,0.000000,0.000000,0.000000,0.000000,34071430.312329,231.620872,11.614600,36939860.043836,251.120735,12.592419,136263.873999,0.926335,0.046451,7148.390002,0.048595,0.002437,245934.167551,1.671884,0.083836,5199017.913699,35.343426,1.772292,71335.250583,0.484944,0.024317,1023.901979,0.006961,0.000349,1023.901672,0.006961,0.000349,1.600832,0.000011,0.000001,1.143853,0.000008,0.000000,12.639194,0.000086,0.000004,433.364144,0.002946,0.000148,0.000000,0.000000,0.000000,0.000000,0.000000,0.000000,0.000000,0.000000,0.000000,0.000000,0.000000,0.000000,0.000000,0.000000,2806400.000000,4.000000,0.956673,1403200.000000,2.000000,0.478336,1403200.000000,2.000000,0.478336,0.000000,0.000000,0.000000,0.000000,0.000000,0.000000,1381543.090753,1.969132,0.470954,1403200.000000,2.000000,0.478336,2241087.088442,3.194252,0.763964,62724.015925,0.089401,0.021382,1068046.746233,1.522302,0.364086,14074380.873973,20.060406,4.797812,0.000000,0.000000,0.000000,0.000000,0.000000,0.000000,0.000000,0.000000,0.000000,42.800405,0.000061,0.000015,10.263443,0.000015,0.000003,98.269703,0.000140,0.000033,2629.513478,0.003748,0.000896,0.000000,0.000000,0.000000,0.000000,0.000000,0.000000,0.000000,0.000000,0.000000,0.000000,0.000000,0.000000,0.000000,0.000000,338651872.701370,473.506532,115.442942,10436246.343266,14.592067,3.557609,328215632.920548,458.914474,111.885335,0.000000,0.000000,0.000000,0.000000,0.000000,0.000000,172101952.832877,240.634721,58.667787,172165406.071233,240.723443,58.689417,715235.328253,1.000049,0.243816,31240.545639,0.043681,0.010650,1065789.806507,1.490198,0.363317,21469370.608219,30.018695,7.318688,520207.260103,0.727359,0.177333,7466.733856,0.010440,0.002545,7466.782802,0.010440,0.002545,19.145005,0.000027,0.000007,8.719024,0.000012,0.000003,121.789650,0.000170,0.000042,4016.833434,0.005616,0.001369,0.000000,0.000000,0.000000,0.000000,0.000000,0.000000,38269.693151,0.053509,0.013046,78.378082,619.855693,0.000867,0.000211,274.323288,42762864275.287674,15346.994063,14577.420896,2205945151.123288,14996.228077,751.984031
1,1987,DAY_COUNT,365,365,365,365,365,365,365,365,365,365,365,365,365,365,365,365,365,365,365,365,365,365,365,365,365,365,365,365,365,365,365,365,365,365,365,365,365,365,365,365,365,365,365,365,365,365,365,365,365,365,365,365,365,365,365,365,365,365,365,365,365,365,365,365,365,365,365,365,365,365,365,365,365,365,365,365,365,365,365,365,365,365,365,365,365,365,365,365,365,365,365,365,365,365,365,365,365,365,365,365,365,365,365,365,365,365,365,365,365,365,365,365,365,365,365,365,365,365,365,365,365,365,365,365,365,365,365,365,365,365,365,365,365,365,365,365,365,365,365,365,365,365,365,365,365,365,365,365,365,365,365,365,365,365,365,365,365,365,365,365,365,365,365,365,365,365,365,365,365,365,365,365,365,365,365,365,365,365,365,365,365,365,365,365,365,365,365,365,365,365,365,365,365,365,365,365,365,365,365,365,365,365,365,365,365,365,365,365,365,365,365,365,365,365,365,365,365,365,365,365,365,365,365,365,365,365,365,365,365,365,365,365,365,365,365,365,365,365,365,365,365,365,365,365,365,365,365,365,365,365,365,365,365,365,365,365,365,365,365,365,365,365,365,365,365,365,365,365,365,365,365,365,365,365,365,365,365,365,365,365,365,365,365,365,365,365,365,365,365,365,365,365,365,365,365,365,365,365,365,365,365,365,365,365,365,365,365,365,365,365,365,365,365,365,365,365,365,365,365,365,365,365,365,365,365,365,365,365,365,365,365,365,365,365,365,365,365,365,365,365,365,365,365,365,365,365,365,365,365,365,365,365,365,365,365,365,365,365,365,365,365,365,365,365,365,365,365,365,365,365,365,365,365,365,365,365,365,365,365,365,365,365,365,365,365,365,365,365,365,365,365,365,365,365,365,365,365,365,365,365,365,365,365,365,365,365,365,365,365,365,365,365,365,365,365,365,365,365,365,365,365,365,365,365,365,365
1,1988,INITIAL_VALUE,0.000000,0.000000,0.000000,0.000000,0.000000,0.504034,0.000987,0.192861,0.257882,0.012615,0.039689,1.686570,0.184799,0.188519,0.086634,0.143412,2.203984,1.465984,2.750000,2.929999,4.361599,5.807665,6.767895,7.342764,0.000000,0.000000,0.000000,0.000000,17518.748047,14350.073242,3168.375488,277.826721,14071.490234,2856.804688,239.678818,51.362061,20.105301,0.000000,5241.264160,1344.739990,388.926544,4852.731934,754.779663,221.693771,92.545761,0.000000,207.619598,49.448055,18.712217,0.000000,15680.743164,10144.428711,2813.930664,1610.093750,1112.542358,3.154147,0.034209,1.574606,28.060484,0.000000,0.000000,0.008126,0.000122,0.008004,0.000000,0.000000,0.000000,0.228863,0.000000,0.000068,0.000000,0.000003,0.000000,0.000096,0.000000,0.002771,0.000071,0.000000,0.000000,-0.231634,596800.000000,4.000000,0.203443,298400.000000,2.000000,0.101721,298400.000000,2.000000,0.101721,0.000000,0.000000,0.000000,0.000000,0.000000,0.000000,289111.218750,1.937743,0.098555,298400.000000,2.000000,0.101721,966566.687500,6.478329,0.329493,11628.981445,0.077942,0.003964,233005.000000,1.561696,0.079429,1739161.000000,11.656574,0.592862,0.000000,0.000000,0.000000,0.000000,0.000000,0.000000,0.000000,0.000000,0.000000,23.315840,0.000156,0.000008,1.344498,0.000009,0.000000,16.310476,0.000109,0.000006,208.394531,0.001397,0.000071,0.000000,0.000000,0.000000,0.000000,0.000000,0.000000,0.000000,0.000000,0.000000,0.000000,0.000000,0.000000,0.000000,0.000000,51037483008.000000,41820.292969,17398.154297,42095505408.000000,34493.203125,14349.924805,8942191616.000000,7327.262695,3048.301025,0.000000,0.000000,0.000000,0.000000,0.000000,0.000000,15195462656.000000,12451.214844,5179.977051,3702298368.000000,3033.676270,1262.075439,1562655.125000,1.280445,0.532693,15618.118164,0.012798,0.005324,1968502.750000,1.612998,0.671042,46129560.000000,37.798721,15.725093,0.000000,0.000000,0.000000,0.000000,0.000000,0.000000,0.000000,0.000000,0.000000,25.942377,0.000021,0.000009,0.885040,0.000001,0.000000,105.180588,0.000086,0.000036,4055.407227,0.003323,0.001382,0.000000,0.000000,0.000000,0.000000,0.000000,0.000000,0.000000,0.000000,0.000000,0.000000,0.000000,0.000000,0.000000,0.000000,60193412.000000,409.200623,20.519316,294200.156250,2.000001,0.100290,59899200.000000,407.200531,20.419022,0.000000,0.000000,0.000000,0.000000,0.000000,0.000000,34146740.000000,232.132843,11.640273,40569664.000000,275.796509,13.829782,303099.000000,2.060496,0.103323,3292.580322,0.022383,0.001122,261983.078125,1.780986,0.089307,5597334.500000,38.051220,1.908074,0.000000,0.000000,0.000000,0.000000,0.000000,0.000000,0.000000,0.000000,0.000000,2.526726,0.000017,0.000001,0.075810,0.000001,0.000000,8.315332,0.000057,0.000003,295.170105,0.002007,0.000101,0.000000,0.000000,0.000000,0.000000,0.000000,0.000000,0.000000,0.000000,0.000000,0.000000,0.000000,0.000000,0.000000,0.000000,2806400.000000,4.000000,0.956673,1403200.000000,2.000000,0.478336,1403200.000000,2.000000,0.478336,0.000000,0.000000,0.000000,0.000000,0.000000,0.000000,1358137.750000,1.935772,0.462975,1403200.000000,2.000000,0.478336,4688509.500000,6.682596,1.598265,56489.214844,0.080515,0.019257,1091354.625000,1.555523,0.372032,7440074.000000,10.604439,2.536245,0.000000,0.000000,0.000000,0.000000,0.000000,0.000000,0.000000,0.000000,0.000000,110.387352,0.000157,0.000038,6.449267,0.000009,0.000002,74.273094,0.000106,0.000025,981.865417,0.001399,0.000335,0.000000,0.000000,0.000000,0.000000,0.000000,0.000000,0.000000,0.000000,0.000000,0.000000,0.000000,0.000000,0.000000,0.000000,290666880.000000,406.413422,99.085350,6.354449,0.000009,0.000002,290666880.000000,406.413422,99.085350,0.000000,0.000000,0.000000,0.000000,0.000000,0.000000,144938592.000000,202.654648,49.408077,200425824.000000,280.237457,68.323105,1731805.500000,2.421428,0.590355,13323.869141,0.018630,0.004542,1064238.750000,1.488030,0.362788,21409354.000000,29.934780,7.298229,0.000000,0.000000,0.000000,0.000000,0.000000,0.000000,0.000000,0.000000,0.000000,36.709408,0.000051,0.000013,0.760752,0.000001,0.000000,78.625992,0.000110,0.000027,2588.455078,0.003619,0.000882,0.000000,0.000000,0.000000,0.000000,0.000000,0.000000,0.000000,0.000000,0.000000,0.000000,0.000000,0.000000,0.000000,0.000000,43794964480.000000,15717.400391,14929.252930,2204417280.000000,14985.841797,751.463257
1,1988,FINAL_VALUE,0.155440,0.000000,0.000000,0.000000,5.798291,1.481934,0.290656,0.698627,0.311114,0.006539,0.019558,2.141121,0.233897,0.194909,0.069173,0.119612,2.529231,1.717905,4.701377,4.064380,4.896536,6.161840,6.988093,7.477848,0.001458,0.000000,0.000000,0.000000,17500.712891,14332.685547,3167.238281,277.841003,14055.133789,2854.900879,240.698227,51.366203,20.086424,0.000000,5134.791504,1336.112305,380.054688,4755.042480,747.650635,220.494049,92.850235,0.000000,204.010590,50.592896,20.484728,0.000000,16283.492188,10791.658203,2791.539307,1600.577148,1101.436279,5.567535,0.028327,1.651460,26.959152,0.000000,0.000000,0.008576,0.000129,0.008447,0.979741,0.014063,0.014063,0.231436,0.000000,0.000197,0.000000,0.000003,0.000000,0.000193,0.000000,0.005854,0.000200,0.000000,0.000000,0.742451,596800.000000,4.000000,0.203443,298400.000000,2.000000,0.101721,298400.000000,2.000000,0.101721,0.000000,0.000000,0.000000,0.000000,0.000000,0.000000,280711.718750,1.881446,0.095692,298400.000000,2.000000,0.101721,1936583.375000,12.979781,0.660161,9094.414063,0.060955,0.003100,243297.390625,1.630679,0.082938,-99655.023438,-0.667929,-0.033971,0.000000,0.000000,0.000000,0.000000,0.000000,0.000000,0.000000,0.000000,0.000000,63.518764,0.000426,0.000022,1.143667,0.000008,0.000000,21.515156,0.000144,0.000007,202.998535,0.001361,0.000069,0.000000,0.000000,0.000000,0.000000,0.000000,0.000000,0.000000,0.000000,0.000000,0.000000,0.000000,0.000000,0.000000,0.000000,50979549184.000000,41772.820313,17378.404297,42044268544.000000,34451.218750,14332.458984,8934830080.000000,7321.230469,3045.791504,0.000000,0.000000,0.000000,0.000000,0.000000,0.000000,14892959744.000000,12203.342773,5076.856934,3644507904.000000,2986.322510,1242.375366,2045493.500000,1.676085,0.697288,14227.799805,0.011658,0.004850,2112870.000000,1.731293,0.720256,54153436.000000,44.373516,18.460350,0.000000,0.000000,0.000000,0.000000,0.000000,0.000000,0.000000,0.000000,0.000000,48.332596,0.000040,0.000016,0.690483,0.000001,0.000000,253.143051,0.000207,0.000086,10687.224609,0.008757,0.003643,0.000000,0.000000,0.000000,0.000000,0.000000,0.000000,0.000000,0.000000,0.000000,0.000000,0.000000,0.000000,0.000000,0.000000,61425568.000000,417.576935,20.939344,552442.750000,3.755559,0.188322,60873180.000000,413.821777,20.751041,0.000000,0.000000,0.000000,0.000000,0.000000,0.000000,32780494.000000,222.844955,11.174534,41841308.000000,284.441254,14.263272,494535.500000,3.361900,0.168582,2971.916504,0.020203,0.001013,290197.406250,1.972790,0.098925,6067511.500000,41.247528,2.068352,587474.750000,3.993710,0.200264,8432.236328,0.057323,0.002874,8432.235352,0.057323,0.002874,10.388179,0.000071,0.000004,0.117863,0.000001,0.000000,27.119434,0.000184,0.000009,867.725342,0.005899,0.000296,0.000000,0.000000,0.000000,0.000000,0.000000,0.000000,0.000000,0.000000,0.000000,0.000000,0.000000,0.000000,0.000000,0.000000,2806400.000000,4.000000,0.956673,1403200.000000,2.000000,0.478336,1403200.000000,2.000000,0.478336,0.000000,0.000000,0.000000,0.000000,0.000000,0.000000,1317584.875000,1.877972,0.449151,1403200.000000,2.000000,0.478336,9453817.000000,13.474654,3.222709,45343.351563,0.064628,0.015457,1132890.000000,1.614724,0.386191,-2294005.750000,-3.269677,-0.782003,0.000000,0.000000,0.000000,0.000000,0.000000,0.000000,0.000000,0.000000,0.000000,362.802856,0.000517,0.000124,6.415443,0.000009,0.000002,110.634148,0.000158,0.000038,962.492249,0.001372,0.000328,0.000000,0.000000,0.000000,0.000000,0.000000,0.000000,0.000000,0.000000,0.000000,0.000000,0.000000,0.000000,0.000000,0.000000,294940224.000000,412.388458,100.542091,1005149.812500,1.405411,0.342645,293935328.000000,410.983398,100.199532,0.000000,0.000000,0.000000,0.000000,0.000000,0.000000,136683536.000000,191.112335,46.594013,231364320.000000,323.495972,78.869720,2401942.750000,3.358421,0.818798,11461.983398,0.016026,0.003907,1065280.250000,1.489486,0.363143,21256884.000000,29.721594,7.246253,2286590.250000,3.197134,0.779475,32820.367188,0.045890,0.011188,32820.421875,0.045890,0.011188,93.090591,0.000130,0.000032,0.897276,0.000001,0.000000,153.263382,0.000214,0.000052,4453.621094,0.006227,0.001518,0.000000,0.000000,0.000000,0.000000,0.000000,0.000000,0.000000,0.000000,0.000000,0.000000,0.000000,0.000000,0.000000,0.000000,45568688128.000000,16353.964844,15533.897461,2199717888.000000,14953.895508,749.861267
1,1988,ANNUAL_DELTA,0.155440,0.000000,0.000000,0.000000,5.798291,0.977900,0.289669,0.505765,0.053232,-0.006076,-0.020131,0.454551,0.049098,0.006390,-0.017462,-0.023800,0.325248,0.251921,1.951377,1.134382,0.534937,0.354175,0.220198,0.135084,0.001458,0.000000,0.000000,0.000000,-18.035156,-17.387695,-1.137207,0.014282,-16.356445,-1.903809,1.019409,0.004143,-0.018877,0.000000,-106.472656,-8.627686,-8.871857,-97.689453,-7.129028,-1.199722,0.304474,0.000000,-3.609009,1.144840,1.772511,0.000000,602.749023,647.229492,-22.391357,-9.516602,-11.106079,2.413388,-0.005882,0.076853,-1.101332,0.000000,0.000000,0.000450,0.000007,0.000443,0.979741,0.014063,0.014063,0.002573,0.000000,0.000129,0.000000,-0.000000,0.000000,0.000096,0.000000,0.003083,0.000129,0.000000,0.000000,0.974085,0.000000,0.000000,0.000000,0.000000,0.000000,0.000000,0.000000,0.000000,0.000000,0.000000,0.000000,0.000000,0.000000,0.000000,0.000000,-8399.500000,-0.056297,-0.002863,0.000000,0.000000,0.000000,970016.687500,6.501452,0.330669,-2534.567383,-0.016988,-0.000864,10292.390625,0.068984,0.003509,-1838816.023438,-12.324503,-0.626833,0.000000,0.000000,0.000000,0.000000,0.000000,0.000000,0.000000,0.000000,0.000000,40.202925,0.000269,0.000014,-0.200831,-0.000001,-0.000000,5.204679,0.000035,0.000002,-5.395996,-0.000036,-0.000002,0.000000,0.000000,0.000000,0.000000,0.000000,0.000000,0.000000,0.000000,0.000000,0.000000,0.000000,0.000000,0.000000,0.000000,-57933824.000000,-47.472656,-19.750000,-51236864.000000,-41.984375,-17.465820,-7361536.000000,-6.032227,-2.509521,0.000000,0.000000,0.000000,0.000000,0.000000,0.000000,-302502912.000000,-247.872070,-103.120117,-57790464.000000,-47.353760,-19.700073,482838.375000,0.395639,0.164595,-1390.318359,-0.001139,-0.000474,144367.250000,0.118295,0.049213,8023876.000000,6.574795,2.735257,0.000000,0.000000,0.000000,0.000000,0.000000,0.000000,0.000000,0.000000,0.000000,22.390219,0.000018,0.000008,-0.194557,-0.000000,-0.000000,147.962463,0.000121,0.000050,6631.817383,0.005434,0.002261,0.000000,0.000000,0.000000,0.000000,0.000000,0.000000,0.000000,0.000000,0.000000,0.000000,0.000000,0.000000,0.000000,0.000000,1232156.000000,8.376312,0.420029,258242.593750,1.755558,0.088032,973980.000000,6.621246,0.332020,0.000000,0.000000,0.000000,0.000000,0.000000,0.000000,-1366246.000000,-9.287888,-0.465739,1271644.000000,8.644745,0.433490,191436.500000,1.301404,0.065259,-320.663818,-0.002180,-0.000109,28214.328125,0.191804,0.009618,470177.000000,3.196308,0.160278,587474.750000,3.993710,0.200264,8432.236328,0.057323,0.002874,8432.235352,0.057323,0.002874,7.861453,0.000053,0.000003,0.042052,0.000000,0.000000,18.804102,0.000128,0.000006,572.555237,0.003892,0.000195,0.000000,0.000000,0.000000,0.000000,0.000000,0.000000,0.000000,0.000000,0.000000,0.000000,0.000000,0.000000,0.000000,0.000000,0.000000,0.000000,0.000000,0.000000,0.000000,0.000000,0.000000,0.000000,0.000000,0.000000,0.000000,0.000000,0.000000,0.000000,0.000000,-40552.875000,-0.057801,-0.013824,0.000000,0.000000,0.000000,4765307.500000,6.792058,1.624444,-11145.863281,-0.015886,-0.003800,41535.375000,0.059201,0.014159,-9734079.750000,-13.874116,-3.318248,0.000000,0.000000,0.000000,0.000000,0.000000,0.000000,0.000000,0.000000,0.000000,252.415504,0.000360,0.000086,-0.033824,-0.000000,-0.000000,36.361053,0.000052,0.000012,-19.373169,-0.000028,-0.000007,0.000000,0.000000,0.000000,0.000000,0.000000,0.000000,0.000000,0.000000,0.000000,0.000000,0.000000,0.000000,0.000000,0.000000,4273344.000000,5.975037,1.456741,1005143.458051,1.405402,0.342643,3268448.000000,4.569977,1.114182,0.000000,0.000000,0.000000,0.000000,0.000000,0.000000,-8255056.000000,-11.542313,-2.814064,30938496.000000,43.258514,10.546616,670137.250000,0.936993,0.228443,-1861.885742,-0.002603,-0.000635,1041.500000,0.001456,0.000355,-152470.000000,-0.213186,-0.051975,2286590.250000,3.197134,0.779475,32820.367188,0.045890,0.011188,32820.421875,0.045890,0.011188,56.381184,0.000079,0.000019,0.136523,0.000000,0.000000,74.637390,0.000104,0.000025,1865.166016,0.002608,0.000636,0.000000,0.000000,0.000000,0.000000,0.000000,0.000000,0.000000,0.000000,0.000000,0.000000,0.000000,0.000000,0.000000,0.000000,1773723648.000000,636.564453,604.644531,-4699392.000000,-31.946289,-1.601990
1,1988,MIN_VALUE,0.000000,0.000000,0.000000,0.000000,0.000000,0.156187,0.000096,0.060703,0.058643,0.005066,0.019558,0.568424,0.097456,0.091062,0.059519,0.119409,1.840958,0.903292,0.250000,1.959788,4.158397,5.684495,6.695304,7.299641,0.000000,0.000000,0.000000,0.000000,17500.712891,14332.685547,3167.238281,277.826721,14055.133789,2854.900879,239.678818,51.362061,20.086424,0.000000,4994.256348,1257.889160,344.571594,4649.929199,728.893921,217.122543,91.396935,0.000000,159.824295,42.874222,17.205975,0.000000,15680.743164,10144.428711,2791.539307,1600.577148,1101.436279,3.154147,0.028327,1.574606,26.833330,0.000000,0.000000,0.007930,0.000119,0.007811,0.000000,0.000000,0.000000,-2.578716,0.000000,0.000042,0.000000,0.000001,0.000000,0.000039,0.000000,0.000928,0.000043,0.000000,0.000000,-0.334675,596800.000000,4.000000,0.203443,298400.000000,2.000000,0.101721,298400.000000,2.000000,0.101721,0.000000,0.000000,0.000000,0.000000,0.000000,0.000000,280711.718750,1.881446,0.095692,298400.000000,2.000000,0.101721,966566.687500,6.478329,0.329493,9094.414063,0.060955,0.003100,232883.156250,1.560879,0.079387,-177866.234375,-1.192133,-0.060633,0.000000,0.000000,0.000000,0.000000,0.000000,0.000000,0.000000,0.000000,0.000000,14.828131,0.000099,0.000005,0.432774,0.000003,0.000000,6.737960,0.000045,0.000002,68.847168,0.000461,0.000023,0.000000,0.000000,0.000000,0.000000,0.000000,0.000000,0.000000,0.000000,0.000000,0.000000,0.000000,0.000000,0.000000,0.000000,50979549184.000000,41772.820313,17378.404297,42044268544.000000,34451.218750,14332.458984,8934830080.000000,7321.230469,3045.791504,0.000000,0.000000,0.000000,0.000000,0.000000,0.000000,14483951616.000000,11868.200195,4937.430176,3493515264.000000,2862.598389,1190.903442,1196255.500000,0.980216,0.407791,13604.382813,0.011147,0.004638,1968502.750000,1.612998,0.671042,46129560.000000,37.798721,15.725093,0.000000,0.000000,0.000000,0.000000,0.000000,0.000000,0.000000,0.000000,0.000000,8.029679,0.000007,0.000003,0.423232,0.000000,0.000000,16.889198,0.000014,0.000006,649.209595,0.000532,0.000221,0.000000,0.000000,0.000000,0.000000,0.000000,0.000000,0.000000,0.000000,0.000000,0.000000,0.000000,0.000000,0.000000,0.000000,60193412.000000,409.200623,20.519316,294200.156250,2.000001,0.100290,59899200.000000,407.200531,20.419022,0.000000,0.000000,0.000000,0.000000,0.000000,0.000000,21884380.000000,148.772125,7.460160,28421346.000000,193.211060,9.688545,243837.281250,1.657629,0.083122,2589.643066,0.017605,0.000883,261983.078125,1.780986,0.089307,5597334.500000,38.051220,1.908074,0.000000,0.000000,0.000000,0.000000,0.000000,0.000000,0.000000,0.000000,0.000000,0.221589,0.000002,0.000000,0.013663,0.000000,0.000000,0.176914,0.000001,0.000000,6.142343,0.000042,0.000002,0.000000,0.000000,0.000000,0.000000,0.000000,0.000000,0.000000,0.000000,0.000000,0.000000,0.000000,0.000000,0.000000,0.000000,2806400.000000,4.000000,0.956673,1403200.000000,2.000000,0.478336,1403200.000000,2.000000,0.478336,0.000000,0.000000,0.000000,0.000000,0.000000,0.000000,1317584.875000,1.877972,0.449151,1403200.000000,2.000000,0.478336,4688509.500000,6.682596,1.598265,45343.351563,0.064628,0.015457,1091249.500000,1.555373,0.371996,-2413437.250000,-3.439905,-0.822716,0.000000,0.000000,0.000000,0.000000,0.000000,0.000000,0.000000,0.000000,0.000000,75.972298,0.000108,0.000026,2.414646,0.000003,0.000001,35.122307,0.000050,0.000012,369.847076,0.000527,0.000126,0.000000,0.000000,0.000000,0.000000,0.000000,0.000000,0.000000,0.000000,0.000000,0.000000,0.000000,0.000000,0.000000,0.000000,290666880.000000,406.413422,99.085350,6.354449,0.000009,0.000002,290666880.000000,406.413422,99.085350,0.000000,0.000000,0.000000,0.000000,0.000000,0.000000,120932896.000000,169.089630,41.224781,116205440.000000,162.479645,39.613239,1179613.125000,1.649347,0.402118,10420.119141,0.014570,0.003552,1061566.500000,1.484293,0.361877,21127146.000000,29.540192,7.202027,0.000000,0.000000,0.000000,0.000000,0.000000,0.000000,0.000000,0.000000,0.000000,7.934951,0.000011,0.000003,0.305083,0.000000,0.000000,41.520199,0.000058,0.000014,1272.774170,0.001780,0.000434,0.000000,0.000000,0.000000,0.000000,0.000000,0.000000,0.000000,0.000000,0.000000,0.000000,0.000000,0.000000,0.000000,0.000000,43794964480.000000,15717.400391,14929.252930,2199717888.000000,14953.895508,749.861267
1,1988,MIN_VALUE_JDAY,1.000000,1.000000,1.000000,1.000000,1.000000,303.000000,285.000000,286.000000,259.000000,310.000000,366.000000,252.000000,258.000000,258.000000,307.000000,309.000000,32.000000,259.000000,32.000000,361.000000,3.000000,3.000000,3.000000,3.000000,1.000000,1.000000,1.000000,1.000000,366.000000,366.000000,366.000000,1.000000,366.000000,366.000000,1.000000,1.000000,366.000000,1.000000,349.000000,262.000000,348.000000,349.000000,262.000000,349.000000,349.000000,1.000000,262.000000,262.000000,349.000000,1.000000,1.000000,1.000000,366.000000,366.000000,366.000000,1.000000,366.000000,1.000000,307.000000,1.000000,1.000000,3.000000,3.000000,3.000000,1.000000,1.000000,1.000000,247.000000,1.000000,228.000000,1.000000,259.000000,1.000000,304.000000,1.000000,304.000000,228.000000,1.000000,1.000000,352.000000,1.000000,1.000000,1.000000,1.000000,1.000000,1.000000,1.000000,1.000000,1.000000,1.000000,1.000000,1.000000,1.000000,1.000000,1.000000,366.000000,366.000000,366.000000,1.000000,1.000000,1.000000,1.000000,1.000000,1.000000,366.000000,366.000000,366.000000,8.000000,8.000000,8.000000,321.000000,321.000000,321.000000,1.000000,1.000000,1.000000,1.000000,1.000000,1.000000,1.000000,1.000000,1.000000,67.000000,67.000000,67.000000,260.000000,260.000000,260.000000,260.000000,260.000000,260.000000,262.000000,262.000000,262.000000,1.000000,1.000000,1.000000,1.000000,1.000000,1.000000,1.000000,1.000000,1.000000,1.000000,1.000000,1.000000,1.000000,1.000000,366.000000,366.000000,366.000000,366.000000,366.000000,366.000000,366.000000,366.000000,366.000000,1.000000,1.000000,1.000000,1.000000,1.000000,1.000000,349.000000,349.000000,349.000000,349.000000,349.000000,349.000000,106.000000,106.000000,106.000000,177.000000,177.000000,177.000000,1.000000,1.000000,1.000000,1.000000,1.000000,1.000000,1.000000,1.000000,1.000000,1.000000,1.000000,1.000000,1.000000,1.000000,1.000000,228.000000,228.000000,228.000000,229.000000,229.000000,229.000000,228.000000,228.000000,228.000000,228.000000,228.000000,228.000000,1.000000,1.000000,1.000000,1.000000,1.000000,1.000000,1.000000,1.000000,1.000000,1.000000,1.000000,1.000000,1.000000,1.000000,1.000000,1.000000,1.000000,1.000000,1.000000,1.000000,1.000000,1.000000,1.000000,1.000000,1.000000,1.000000,1.000000,1.000000,1.000000,262.000000,262.000000,262.000000,262.000000,262.000000,262.000000,164.000000,164.000000,164.000000,221.000000,221.000000,221.000000,1.000000,1.000000,1.000000,1.000000,1.000000,1.000000,1.000000,1.000000,1.000000,1.000000,1.000000,1.000000,1.000000,1.000000,1.000000,260.000000,260.000000,260.000000,267.000000,267.000000,267.000000,260.000000,260.000000,260.000000,260.000000,260.000000,260.000000,1.000000,1.000000,1.000000,1.000000,1.000000,1.000000,1.000000,1.000000,1.000000,1.000000,1.000000,1.000000,1.000000,1.000000,1.000000,1.000000,1.000000,1.000000,1.000000,1.000000,1.000000,1.000000,1.000000,1.000000,1.000000,1.000000,1.000000,1.000000,1.000000,366.000000,366.000000,366.000000,1.000000,1.000000,1.000000,1.000000,1.000000,1.000000,366.000000,366.000000,366.000000,8.000000,8.000000,8.000000,326.000000,326.000000,326.000000,1.000000,1.000000,1.000000,1.000000,1.000000,1.000000,1.000000,1.000000,1.000000,63.000000,63.000000,63.000000,259.000000,259.000000,259.000000,259.000000,259.000000,259.000000,261.000000,261.000000,261.000000,1.000000,1.000000,1.000000,1.000000,1.000000,1.000000,1.000000,1.000000,1.000000,1.000000,1.000000,1.000000,1.000000,1.000000,1.000000,1.000000,1.000000,1.000000,1.000000,1.000000,1.000000,1.000000,1.000000,1.000000,1.000000,1.000000,1.000000,1.000000,1.000000,135.000000,135.000000,135.000000,262.000000,262.000000,262.000000,214.000000,214.000000,214.000000,262.000000,262.000000,262.000000,323.000000,323.000000,323.000000,322.000000,322.000000,322.000000,1.000000,1.000000,1.000000,1.000000,1.000000,1.000000,1.000000,1.000000,1.000000,259.000000,259.000000,259.000000,286.000000,286.000000,286.000000,303.000000,303.000000,303.000000,303.000000,303.000000,303.000000,1.000000,1.000000,1.000000,1.000000,1.000000,1.000000,1.000000,1.000000,1.000000,1.000000,1.000000,1.000000,1.000000,1.000000,1.000000,1.000000,1.000000,366.000000,366.000000,366.000000
1,1988,MAX_VALUE,2.211011,0.000000,0.000000,0.000000,51.290977,5.775354,2.564121,1.629167,0.469275,0.013361,0.039689,2.548792,0.274256,0.207387,0.089868,0.143412,9.571764,3.926404,25.307306,21.656404,15.868011,12.552324,10.683967,9.647332,0.006518,0.000000,0.000000,0.000000,17710.554688,14480.192383,3258.754639,315.698486,14166.028320,2885.252197,292.669342,59.485722,23.413921,0.000000,5241.264160,1344.739990,388.926544,4852.731934,754.779663,221.693771,92.850235,0.000000,207.619598,50.592896,20.484728,0.000000,16283.492188,10791.658203,2813.930664,1610.093750,1112.542358,5.571654,0.034209,1.651460,28.218025,0.000000,0.000000,0.020203,0.000303,0.019900,6.489691,0.088350,0.088351,0.339926,0.000000,0.000274,0.000000,0.000006,0.000000,0.000363,0.000000,0.011036,0.000278,0.000000,0.000000,6.723668,596800.000000,4.000000,0.203443,298400.000000,2.000000,0.101721,298400.000000,2.000000,0.101721,0.000000,0.000000,0.000000,0.000000,0.000000,0.000000,289111.218750,1.937743,0.098555,298400.000000,2.000000,0.101721,1936583.375000,12.979781,0.660161,11628.981445,0.077942,0.003964,243297.390625,1.630679,0.082938,1761533.000000,11.806521,0.600488,0.000000,0.000000,0.000000,0.000000,0.000000,0.000000,0.000000,0.000000,0.000000,102.521324,0.000687,0.000035,2.277404,0.000015,0.000001,33.522152,0.000225,0.000011,288.333588,0.001933,0.000098,0.000000,0.000000,0.000000,0.000000,0.000000,0.000000,0.000000,0.000000,0.000000,0.000000,0.000000,0.000000,0.000000,0.000000,51567345664.000000,42254.464844,17578.779297,42473025536.000000,34802.546875,14478.618164,9094389760.000000,7451.974609,3100.183838,0.000000,0.000000,0.000000,0.000000,0.000000,0.000000,15195462656.000000,12451.214844,5179.977051,3702298368.000000,3033.676270,1262.075439,2214382.500000,1.814473,0.754860,15678.822266,0.012847,0.005345,2112890.500000,1.731310,0.720263,54209380.000000,44.419353,18.479422,4537862.000000,3.718340,1.546911,34516.300781,0.028283,0.011766,34516.218750,0.028283,0.011766,108.770714,0.000089,0.000037,1.452521,0.000001,0.000000,516.449280,0.000423,0.000176,19783.119141,0.016210,0.006744,0.000000,0.000000,0.000000,0.000000,0.000000,0.000000,0.000000,0.000000,0.000000,0.000000,0.000000,0.000000,0.000000,0.000000,93602992.000000,636.322205,31.908298,14980428.000000,101.838394,5.106674,78622568.000000,534.483826,26.801626,0.000000,0.000000,0.000000,0.000000,0.000000,0.000000,34146740.000000,232.132843,11.640273,41881840.000000,284.716797,14.277089,538183.187500,3.658621,0.183461,3930.571289,0.026720,0.001340,290197.406250,1.972790,0.098925,6076577.000000,41.309158,2.071443,1771665.250000,12.043951,0.603942,25429.388672,0.172871,0.008669,25429.398438,0.172872,0.008669,16.847763,0.000115,0.000006,0.383100,0.000003,0.000000,51.497810,0.000350,0.000018,1738.609131,0.011819,0.000593,0.000000,0.000000,0.000000,0.000000,0.000000,0.000000,0.000000,0.000000,0.000000,0.000000,0.000000,0.000000,0.000000,0.000000,2806400.000000,4.000000,0.956673,1403200.000000,2.000000,0.478336,1403200.000000,2.000000,0.478336,0.000000,0.000000,0.000000,0.000000,0.000000,0.000000,1358137.750000,1.935772,0.462975,1403200.000000,2.000000,0.478336,9453817.000000,13.474654,3.222709,56489.214844,0.080515,0.019257,1132890.000000,1.614724,0.386191,7440074.000000,10.604439,2.536245,0.000000,0.000000,0.000000,0.000000,0.000000,0.000000,0.000000,0.000000,0.000000,515.555176,0.000735,0.000176,11.706557,0.000017,0.000004,156.360413,0.000223,0.000053,1285.326538,0.001832,0.000438,0.000000,0.000000,0.000000,0.000000,0.000000,0.000000,0.000000,0.000000,0.000000,0.000000,0.000000,0.000000,0.000000,0.000000,462173088.000000,646.215210,157.550064,46728660.000000,65.336494,15.929319,436997440.000000,611.014343,148.967941,0.000000,0.000000,0.000000,0.000000,0.000000,0.000000,144938592.000000,202.654648,49.408077,231580832.000000,323.798706,78.943520,2849128.500000,3.983681,0.971239,15019.499023,0.021000,0.005120,1067684.500000,1.492847,0.363963,21409354.000000,29.934780,7.298229,15234530.000000,21.301077,5.193295,218667.312500,0.305743,0.074541,218666.625000,0.305742,0.074541,178.815491,0.000250,0.000061,2.499087,0.000003,0.000001,326.332916,0.000456,0.000111,9722.106445,0.013594,0.003314,0.000000,0.000000,0.000000,0.000000,0.000000,0.000000,3492109.500000,4.882703,1.190424,7152.000000,47819.812500,0.066862,0.016301,7152.000000,45568688128.000000,16353.964844,15533.897461,2204417280.000000,14985.841797,751.463257
1,1988,MAX_VALUE_JDAY,14.000000,1.000000,1.000000,1.000000,14.000000,14.000000,14.000000,15.000000,331.000000,26.000000,1.000000,16.000000,14.000000,19.000000,32.000000,1.000000,247.000000,166.000000,247.000000,247.000000,247.000000,208.000000,208.000000,208.000000,14.000000,1.000000,1.000000,1.000000,349.000000,349.000000,262.000000,213.000000,349.000000,262.000000,262.000000,349.000000,349.000000,1.000000,1.000000,1.000000,1.000000,1.000000,1.000000,1.000000,366.000000,1.000000,1.000000,366.000000,366.000000,1.000000,366.000000,366.000000,1.000000,1.000000,1.000000,365.000000,2.000000,366.000000,125.000000,1.000000,1.000000,208.000000,208.000000,208.000000,137.000000,137.000000,137.000000,32.000000,1.000000,329.000000,1.000000,15.000000,1.000000,15.000000,1.000000,15.000000,329.000000,1.000000,1.000000,136.000000,1.000000,1.000000,1.000000,1.000000,1.000000,1.000000,1.000000,1.000000,1.000000,1.000000,1.000000,1.000000,1.000000,1.000000,1.000000,1.000000,1.000000,1.000000,1.000000,1.000000,1.000000,366.000000,366.000000,366.000000,1.000000,1.000000,1.000000,366.000000,366.000000,366.000000,33.000000,33.000000,33.000000,1.000000,1.000000,1.000000,1.000000,1.000000,1.000000,1.000000,1.000000,1.000000,329.000000,329.000000,329.000000,16.000000,16.000000,16.000000,329.000000,329.000000,329.000000,19.000000,19.000000,19.000000,1.000000,1.000000,1.000000,1.000000,1.000000,1.000000,1.000000,1.000000,1.000000,1.000000,1.000000,1.000000,1.000000,1.000000,349.000000,349.000000,349.000000,349.000000,349.000000,349.000000,349.000000,349.000000,349.000000,1.000000,1.000000,1.000000,1.000000,1.000000,1.000000,1.000000,1.000000,1.000000,1.000000,1.000000,1.000000,309.000000,309.000000,309.000000,3.000000,3.000000,3.000000,365.000000,365.000000,365.000000,326.000000,326.000000,326.000000,327.000000,327.000000,327.000000,327.000000,327.000000,327.000000,327.000000,327.000000,327.000000,15.000000,15.000000,15.000000,15.000000,15.000000,15.000000,15.000000,15.000000,15.000000,15.000000,15.000000,15.000000,1.000000,1.000000,1.000000,1.000000,1.000000,1.000000,1.000000,1.000000,1.000000,1.000000,1.000000,1.000000,1.000000,1.000000,262.000000,262.000000,262.000000,262.000000,262.000000,262.000000,262.000000,262.000000,262.000000,1.000000,1.000000,1.000000,1.000000,1.000000,1.000000,1.000000,1.000000,1.000000,365.000000,365.000000,365.000000,131.000000,131.000000,131.000000,131.000000,131.000000,131.000000,366.000000,366.000000,366.000000,326.000000,326.000000,326.000000,137.000000,137.000000,137.000000,137.000000,137.000000,137.000000,137.000000,137.000000,137.000000,87.000000,87.000000,87.000000,15.000000,15.000000,15.000000,15.000000,15.000000,15.000000,15.000000,15.000000,15.000000,1.000000,1.000000,1.000000,1.000000,1.000000,1.000000,1.000000,1.000000,1.000000,1.000000,1.000000,1.000000,1.000000,1.000000,1.000000,1.000000,1.000000,1.000000,1.000000,1.000000,1.000000,1.000000,1.000000,1.000000,1.000000,1.000000,1.000000,1.000000,1.000000,1.000000,1.000000,1.000000,1.000000,1.000000,1.000000,366.000000,366.000000,366.000000,1.000000,1.000000,1.000000,366.000000,366.000000,366.000000,1.000000,1.000000,1.000000,1.000000,1.000000,1.000000,1.000000,1.000000,1.000000,1.000000,1.000000,1.000000,329.000000,329.000000,329.000000,15.000000,15.000000,15.000000,329.000000,329.000000,329.000000,20.000000,20.000000,20.000000,1.000000,1.000000,1.000000,1.000000,1.000000,1.000000,1.000000,1.000000,1.000000,1.000000,1.000000,1.000000,1.000000,1.000000,258.000000,258.000000,258.000000,152.000000,152.000000,152.000000,262.000000,262.000000,262.000000,1.000000,1.000000,1.000000,1.000000,1.000000,1.000000,1.000000,1.000000,1.000000,365.000000,365.000000,365.000000,130.000000,130.000000,130.000000,130.000000,130.000000,130.000000,148.000000,148.000000,148.000000,1.000000,1.000000,1.000000,136.000000,136.000000,136.000000,136.000000,136.000000,136.000000,136.000000,136.000000,136.000000,15.000000,15.000000,15.000000,15.000000,15.000000,15.000000,15.000000,15.000000,15.000000,15.000000,15.000000,15.000000,1.000000,1.000000,1.000000,1.000000,1.000000,1.000000,122.000000,122.000000,122.000000,122.000000,153.000000,153.000000,153.000000,61.000000,366.000000,366.000000,366.000000,1.000000,1.000000,1.000000
1,1988,ANNUAL_SUM,21.248195,0.000000,0.000000,0.000000,820.018081,216.856316,42.525094,81.627784,58.327049,3.181609,9.946585,463.311737,59.104661,53.015850,28.118593,47.212689,1585.967190,750.703482,4336.274677,4045.769667,3769.583705,3435.867977,3247.313453,3143.664108,0.200239,0.000000,0.000000,0.000000,6456594.037109,5278936.831055,1177648.881348,110813.840820,5168116.909180,1051108.787842,97942.927673,20567.091949,8004.810913,0.000000,1871525.790527,473394.052979,133053.904358,1738584.567383,270612.806763,80086.636734,33640.421204,0.000000,66007.008606,16525.092010,6546.384222,0.000000,5843110.257813,3824433.664063,1025868.386230,587519.723755,405145.647095,1516.371731,11.201758,589.866183,10122.546286,0.000000,0.000000,5.132699,0.076990,5.055707,283.503370,2.840415,2.840417,-108.734574,0.000000,0.029327,0.000000,0.000857,0.000000,0.030934,0.000000,0.844850,0.030184,0.000000,0.000000,391.393093,218428800.000000,1464.000000,74.460135,109214400.000000,732.000000,37.230067,109214400.000000,732.000000,37.230067,0.000000,0.000000,0.000000,0.000000,0.000000,0.000000,104355668.781250,699.434780,35.573775,109214400.000000,732.000000,37.230067,521097940.375000,3492.613543,177.636932,3729227.315430,24.994821,1.271255,86823961.828125,581.930039,29.597396,318679818.395996,2135.923718,108.634675,0.000000,0.000000,0.000000,0.000000,0.000000,0.000000,0.000000,0.000000,0.000000,10134.085327,0.067923,0.003455,320.367495,0.002147,0.000109,4720.695199,0.031640,0.001609,50821.458603,0.340626,0.017325,0.000000,0.000000,0.000000,0.000000,0.000000,0.000000,0.000000,0.000000,0.000000,0.000000,0.000000,0.000000,0.000000,0.000000,18780076240896.000000,15388459.722656,6401934.986328,15478237241344.000000,12682921.339844,5276371.991211,3301854582784.000000,2705551.122070,1125568.293701,0.000000,0.000000,0.000000,0.000000,0.000000,0.000000,5430182557696.000000,4449510.462891,1851093.427734,1314532189696.000000,1077132.244873,448110.513916,597752966.750000,489.800858,203.767843,5135921.560547,4.208392,1.750783,747000874.625000,612.095112,254.644920,18423232972.000000,15096.061119,6280.290767,534265533.593750,437.779034,182.125629,4063782.494263,3.329877,1.385302,4063782.809204,3.329878,1.385302,6235.220183,0.005109,0.002126,205.170614,0.000168,0.000070,28911.542742,0.023690,0.009856,1153957.666870,0.945557,0.393372,0.000000,0.000000,0.000000,0.000000,0.000000,0.000000,0.000000,0.000000,0.000000,0.000000,0.000000,0.000000,0.000000,0.000000,27467430464.000000,186726.244843,9363.364662,2482500712.062500,16876.279470,846.258979,24984929176.000000,169849.959351,8517.105446,0.000000,0.000000,0.000000,0.000000,0.000000,0.000000,10232808086.000000,69563.617111,3488.259099,12609465180.000000,85720.361389,4298.437078,133601161.718750,908.233594,45.543263,1124007.322510,7.641110,0.383163,100751215.687500,684.916489,34.345054,2120504154.500000,14415.391964,722.858073,33997092.427002,231.115517,11.589259,487973.095093,3.317288,0.166345,487973.055023,3.317288,0.166345,1038.506795,0.007060,0.000354,23.875833,0.000162,0.000008,2769.279444,0.018826,0.000944,92615.984298,0.629612,0.031572,0.000000,0.000000,0.000000,0.000000,0.000000,0.000000,0.000000,0.000000,0.000000,0.000000,0.000000,0.000000,0.000000,0.000000,1027142400.000000,1464.000000,350.142284,513571200.000000,732.000000,175.071142,513571200.000000,732.000000,175.071142,0.000000,0.000000,0.000000,0.000000,0.000000,0.000000,490074475.750000,698.509802,167.061352,513571200.000000,732.000000,175.071142,2534030874.500000,3611.788589,863.825081,18420156.468750,26.254499,6.279242,405969693.000000,578.634111,138.390896,1054253432.863281,1502.641718,359.384159,0.000000,0.000000,0.000000,0.000000,0.000000,0.000000,0.000000,0.000000,0.000000,55419.289597,0.078990,0.018892,1735.455680,0.002474,0.000592,23992.156944,0.034196,0.008179,251785.420319,0.358873,0.085831,0.000000,0.000000,0.000000,0.000000,0.000000,0.000000,0.000000,0.000000,0.000000,0.000000,0.000000,0.000000,0.000000,0.000000,132230540544.000000,184886.102783,45076.031960,4978927286.609829,6961.587393,1697.265138,127251620064.000000,177924.524750,43378.769150,0.000000,0.000000,0.000000,0.000000,0.000000,0.000000,49480723976.000000,69184.457184,16867.470139,61013721000.000000,85310.012543,20798.950439,661768153.375000,925.291041,225.589962,4452055.552734,6.224910,1.517660,389829164.250000,545.063151,132.888756,7777825336.000000,10875.035408,2651.380709,263394612.875000,368.281058,89.788516,3780603.750000,5.286079,1.288769,3780600.990234,5.286075,1.288768,13205.024271,0.018463,0.004501,228.915526,0.000320,0.000078,30351.679199,0.042438,0.010347,929188.276123,1.299201,0.316751,0.000000,0.000000,0.000000,0.000000,0.000000,0.000000,13968438.000000,19.530813,4.761697,28608.000000,316463.406250,0.442482,0.107879,100128.000000,16334648848384.000000,5862277.070313,5568313.899414,805934343936.000000,5478819.481445,274734.734863
1,1988,ANNUAL_AVERAGE,0.058055,0.000000,0.000000,0.000000,2.240487,0.592504,0.116189,0.223027,0.159364,0.008693,0.027176,1.265879,0.161488,0.144852,0.076827,0.128996,4.333244,2.051102,11.847745,11.054015,10.299409,9.387617,8.872441,8.589246,0.000547,0.000000,0.000000,0.000000,17640.967315,14423.324675,3217.619894,302.770057,14120.538003,2871.881934,267.603628,56.194240,21.871068,0.000000,5113.458444,1293.426374,363.535258,4750.231058,739.379253,218.815947,91.913719,0.000000,180.347018,45.150525,17.886296,0.000000,15964.782125,10449.272306,2802.919088,1605.245147,1106.955320,4.143092,0.030606,1.611656,27.657230,0.000000,0.000000,0.014024,0.000210,0.013813,0.774599,0.007761,0.007761,-0.297089,0.000000,0.000080,0.000000,0.000002,0.000000,0.000085,0.000000,0.002308,0.000082,0.000000,0.000000,1.069380,596800.000000,4.000000,0.203443,298400.000000,2.000000,0.101721,298400.000000,2.000000,0.101721,0.000000,0.000000,0.000000,0.000000,0.000000,0.000000,285124.778091,1.911024,0.097196,298400.000000,2.000000,0.101721,1423764.864413,9.542660,0.485347,10189.145671,0.068292,0.003473,237223.939421,1.589973,0.080867,870709.886328,5.835857,0.296816,0.000000,0.000000,0.000000,0.000000,0.000000,0.000000,0.000000,0.000000,0.000000,27.688758,0.000186,0.000009,0.875321,0.000006,0.000000,12.898074,0.000086,0.000004,138.856444,0.000931,0.000047,0.000000,0.000000,0.000000,0.000000,0.000000,0.000000,0.000000,0.000000,0.000000,0.000000,0.000000,0.000000,0.000000,0.000000,51311683718.295080,42044.971920,17491.625646,42290265686.732240,34652.790546,14416.316916,9021460608.699453,7392.216181,3075.323207,0.000000,0.000000,0.000000,0.000000,0.000000,0.000000,14836564365.289618,12157.132412,5057.632316,3591618004.633880,2942.984276,1224.345666,1633204.827186,1.338254,0.556743,14032.572570,0.011498,0.004784,2040985.996243,1.672391,0.695751,50336702.109290,41.246069,17.159264,1459741.895065,1.196118,0.497611,11103.230859,0.009098,0.003785,11103.231719,0.009098,0.003785,17.036121,0.000014,0.000006,0.560575,0.000000,0.000000,78.993286,0.000065,0.000027,3152.889800,0.002583,0.001075,0.000000,0.000000,0.000000,0.000000,0.000000,0.000000,0.000000,0.000000,0.000000,0.000000,0.000000,0.000000,0.000000,0.000000,75047624.218579,510.180997,25.582964,6782788.830772,46.110053,2.312183,68264833.814208,464.070927,23.270780,0.000000,0.000000,0.000000,0.000000,0.000000,0.000000,27958492.038251,190.064528,9.530763,34452090.655738,234.208638,11.744364,365030.496499,2.481513,0.124435,3071.058258,0.020877,0.001047,275276.545594,1.871357,0.093839,5793727.198087,39.386317,1.975022,92888.230675,0.631463,0.031665,1333.259823,0.009064,0.000454,1333.259713,0.009064,0.000454,2.837450,0.000019,0.000001,0.065235,0.000000,0.000000,7.566337,0.000051,0.000003,253.049137,0.001720,0.000086,0.000000,0.000000,0.000000,0.000000,0.000000,0.000000,0.000000,0.000000,0.000000,0.000000,0.000000,0.000000,0.000000,0.000000,2806400.000000,4.000000,0.956673,1403200.000000,2.000000,0.478336,1403200.000000,2.000000,0.478336,0.000000,0.000000,0.000000,0.000000,0.000000,0.000000,1339001.299863,1.908497,0.456452,1403200.000000,2.000000,0.478336,6923581.624317,9.868275,2.360178,50328.296363,0.071734,0.017156,1109206.811475,1.580968,0.378117,2880473.860282,4.105578,0.981924,0.000000,0.000000,0.000000,0.000000,0.000000,0.000000,0.000000,0.000000,0.000000,151.418824,0.000216,0.000052,4.741682,0.000007,0.000002,65.552341,0.000093,0.000022,687.938307,0.000981,0.000235,0.000000,0.000000,0.000000,0.000000,0.000000,0.000000,0.000000,0.000000,0.000000,0.000000,0.000000,0.000000,0.000000,0.000000,361285629.901639,505.153286,123.158557,13603626.466147,19.020731,4.637336,347682022.032787,486.132581,118.521227,0.000000,0.000000,0.000000,0.000000,0.000000,0.000000,135193234.907104,189.028572,46.085984,166704155.737705,233.087466,56.827733,1808109.708675,2.528118,0.616366,12164.086210,0.017008,0.004147,1065107.006148,1.489244,0.363084,21250888.896175,29.713211,7.244210,719657.412227,1.006232,0.245324,10329.518443,0.014443,0.003521,10329.510902,0.014443,0.003521,36.079301,0.000050,0.000012,0.625452,0.000001,0.000000,82.928085,0.000116,0.000028,2538.765782,0.003550,0.000865,0.000000,0.000000,0.000000,0.000000,0.000000,0.000000,38165.131148,0.053363,0.013010,78.163934,864.654115,0.001209,0.000295,273.573770,44630188110.338800,16017.150465,15213.972403,2202006404.196721,14969.452135,750.641352
1,1988,DAY_COUNT,366,366,366,366,366,366,366,366,366,366,366,366,366,366,366,366,366,366,366,366,366,366,366,366,366,366,366,366,366,366,366,366,366,366,366,366,366,366,366,366,366,366,366,366,366,366,366,366,366,366,366,366,366,366,366,366,366,366,366,366,366,366,366,366,366,366,366,366,366,366,366,366,366,366,366,366,366,366,366,366,366,366,366,366,366,366,366,366,366,366,366,366,366,366,366,366,366,366,366,366,366,366,366,366,366,366,366,366,366,366,366,366,366,366,366,366,366,366,366,366,366,366,366,366,366,366,366,366,366,366,366,366,366,366,366,366,366,366,366,366,366,366,366,366,366,366,366,366,366,366,366,366,366,366,366,366,366,366,366,366,366,366,366,366,366,366,366,366,366,366,366,366,366,366,366,366,366,366,366,366,366,366,366,366,366,366,366,366,366,366,366,366,366,366,366,366,366,366,366,366,366,366,366,366,366,366,366,366,366,366,366,366,366,366,366,366,366,366,366,366,366,366,366,366,366,366,366,366,366,366,366,366,366,366,366,366,366,366,366,366,366,366,366,366,366,366,366,366,366,366,366,366,366,366,366,366,366,366,366,366,366,366,366,366,366,366,366,366,366,366,366,366,366,366,366,366,366,366,366,366,366,366,366,366,366,366,366,366,366,366,366,366,366,366,366,366,366,366,366,366,366,366,366,366,366,366,366,366,366,366,366,366,366,366,366,366,366,366,366,366,366,366,366,366,366,366,366,366,366,366,366,366,366,366,366,366,366,366,366,366,366,366,366,366,366,366,366,366,366,366,366,366,366,366,366,366,366,366,366,366,366,366,366,366,366,366,366,366,366,366,366,366,366,366,366,366,366,366,366,366,366,366,366,366,366,366,366,366,366,366,366,366,366,366,366,366,366,366,366,366,366,366,366,366,366,366,366,366,366,366,366,366,366,366,366,366,366,366,366,366,366,366,366,366,366,366
1,1989,INITIAL_VALUE,0.031808,0.000000,0.000000,0.000000,1.300386,1.111821,0.066098,0.644961,0.342773,0.006626,0.019554,2.205641,0.227816,0.197464,0.069491,0.119666,2.731209,1.858202,5.798291,4.627547,4.991277,6.218860,7.021401,7.497769,0.000360,0.000000,0.000000,0.000000,17501.359375,14333.125000,3167.467285,278.008392,14055.525391,2854.976807,240.837891,51.402054,20.101278,0.000000,5134.235352,1335.836670,379.918549,4754.632324,747.565857,220.477097,92.847847,0.000000,203.870972,50.566044,20.481253,0.000000,16284.093750,10792.361328,2791.496094,1600.561646,1101.413208,5.570306,0.028316,1.651579,26.961000,0.000000,0.000000,0.008697,0.000130,0.008567,0.806172,0.006132,0.006132,0.203403,0.000000,0.000200,0.000000,0.000003,0.000000,0.000193,0.000000,0.005868,0.000204,0.000000,0.000000,0.596901,596800.000000,4.000000,0.203443,298400.000000,2.000000,0.101721,298400.000000,2.000000,0.101721,0.000000,0.000000,0.000000,0.000000,0.000000,0.000000,280701.281250,1.881376,0.095688,298400.000000,2.000000,0.101721,1937464.625000,12.985688,0.660462,9084.854492,0.060890,0.003097,243357.062500,1.631079,0.082958,-95520.054688,-0.640215,-0.032562,0.000000,0.000000,0.000000,0.000000,0.000000,0.000000,0.000000,0.000000,0.000000,70.978699,0.000476,0.000024,1.240050,0.000008,0.000000,23.840591,0.000160,0.000008,213.922745,0.001434,0.000073,0.000000,0.000000,0.000000,0.000000,0.000000,0.000000,0.000000,0.000000,0.000000,0.000000,0.000000,0.000000,0.000000,0.000000,50981474304.000000,41774.398438,17379.060547,42045554688.000000,34452.273438,14332.897461,8935504896.000000,7321.783691,3046.021729,0.000000,0.000000,0.000000,0.000000,0.000000,0.000000,14891492352.000000,12202.140625,5076.356934,3643974400.000000,2985.885254,1242.193481,2039526.000000,1.671195,0.695253,14226.288086,0.011657,0.004850,2112893.750000,1.731313,0.720264,54139568.000000,44.362152,18.455622,2364905.250000,1.937812,0.806172,17988.250000,0.014740,0.006132,17988.222656,0.014740,0.006132,48.758286,0.000040,0.000017,0.683551,0.000001,0.000000,251.797989,0.000206,0.000086,10713.404297,0.008779,0.003652,0.000000,0.000000,0.000000,0.000000,0.000000,0.000000,0.000000,0.000000,0.000000,0.000000,0.000000,0.000000,0.000000,0.000000,61425568.000000,417.576935,20.939344,552442.750000,3.755559,0.188322,60873180.000000,413.821777,20.751041,0.000000,0.000000,0.000000,0.000000,0.000000,0.000000,32752238.000000,222.652878,11.164901,41799880.000000,284.159607,14.249148,496169.125000,3.373006,0.169139,2977.959717,0.020244,0.001015,290218.812500,1.972935,0.098933,6066108.500000,41.237991,2.067874,0.000000,0.000000,0.000000,0.000000,0.000000,0.000000,0.000000,0.000000,0.000000,9.886938,0.000067,0.000003,0.112094,0.000001,0.000000,25.959011,0.000176,0.000009,842.278198,0.005726,0.000287,0.000000,0.000000,0.000000,0.000000,0.000000,0.000000,0.000000,0.000000,0.000000,0.000000,0.000000,0.000000,0.000000,0.000000,2806400.000000,4.000000,0.956673,1403200.000000,2.000000,0.478336,1403200.000000,2.000000,0.478336,0.000000,0.000000,0.000000,0.000000,0.000000,0.000000,1317534.125000,1.877899,0.449134,1403200.000000,2.000000,0.478336,9458163.000000,13.480848,3.224191,45300.277344,0.064567,0.015442,1133067.875000,1.614977,0.386251,-2281961.250000,-3.252510,-0.777897,0.000000,0.000000,0.000000,0.000000,0.000000,0.000000,0.000000,0.000000,0.000000,370.102600,0.000528,0.000126,6.604700,0.000009,0.000002,114.054420,0.000163,0.000039,1011.008911,0.001441,0.000345,0.000000,0.000000,0.000000,0.000000,0.000000,0.000000,0.000000,0.000000,0.000000,0.000000,0.000000,0.000000,0.000000,0.000000,294940224.000000,412.388458,100.542091,1005149.812500,1.405411,0.342645,293935328.000000,410.983398,100.199532,0.000000,0.000000,0.000000,0.000000,0.000000,0.000000,136555808.000000,190.933731,46.550468,231143600.000000,323.187347,78.794479,2409251.000000,3.368639,0.821289,11478.923828,0.016050,0.003913,1065391.250000,1.489641,0.363181,21261790.000000,29.728453,7.247925,0.000000,0.000000,0.000000,0.000000,0.000000,0.000000,0.000000,0.000000,0.000000,88.092102,0.000123,0.000030,0.852453,0.000001,0.000000,149.095291,0.000208,0.000051,4432.943848,0.006198,0.001511,0.000000,0.000000,0.000000,0.000000,0.000000,0.000000,0.000000,0.000000,0.000000,0.000000,0.000000,0.000000,0.000000,0.000000,45570494464.000000,16354.614258,15534.513672,2199709184.000000,14953.835938,749.858276
1,1989,FINAL_VALUE,0.051055,0.000000,0.000000,0.000000,2.500000,0.542477,0.124757,0.142820,0.205597,0.005019,0.013229,1.408489,0.173003,0.180231,0.062285,0.106812,3.008475,1.893997,7.201984,5.526534,5.640347,6.643461,7.282279,7.656185,0.000734,0.000000,0.000000,0.000000,17506.658203,14336.836914,3169.571533,277.504364,14059.475586,2856.552002,241.460831,51.407322,20.088263,0.000000,5031.276855,1328.340088,377.686310,4653.812988,737.590332,218.655975,93.036583,0.000000,204.743515,51.828659,22.426851,0.000000,16838.974609,11385.403320,2770.237305,1592.662964,1091.502930,7.894357,0.024247,1.728598,26.162716,0.000000,0.000000,0.009424,0.000141,0.009282,0.000000,0.000000,0.000000,0.186124,0.000000,0.000142,0.000000,0.000002,0.000000,0.000079,0.000000,0.002257,0.000143,0.000000,0.000000,-0.188381,596800.000000,4.000000,0.203443,298400.000000,2.000000,0.101721,298400.000000,2.000000,0.101721,0.000000,0.000000,0.000000,0.000000,0.000000,0.000000,272987.781250,1.829677,0.093059,298400.000000,2.000000,0.101721,2890044.250000,19.370270,0.985186,7248.026855,0.048579,0.002471,252497.343750,1.692341,0.086074,-1599080.875000,-10.717700,-0.545110,0.000000,0.000000,0.000000,0.000000,0.000000,0.000000,0.000000,0.000000,0.000000,57.298420,0.000384,0.000020,0.593128,0.000004,0.000000,14.467609,0.000097,0.000005,186.124664,0.001247,0.000063,0.000000,0.000000,0.000000,0.000000,0.000000,0.000000,0.000000,0.000000,0.000000,0.000000,0.000000,0.000000,0.000000,0.000000,50996043776.000000,41786.335938,17384.027344,42056556544.000000,34461.289063,14336.648438,8939420672.000000,7324.992676,3047.356689,0.000000,0.000000,0.000000,0.000000,0.000000,0.000000,14587016192.000000,11952.651367,4972.563965,3594223104.000000,2945.118896,1225.233765,2431812.750000,1.992636,0.828980,13385.666992,0.010968,0.004563,2230259.500000,1.827482,0.760273,59886732.000000,49.071396,20.414772,0.000000,0.000000,0.000000,0.000000,0.000000,0.000000,0.000000,0.000000,0.000000,21.245089,0.000017,0.000007,0.451424,0.000000,0.000000,78.201752,0.000064,0.000027,3370.313965,0.002762,0.001149,0.000000,0.000000,0.000000,0.000000,0.000000,0.000000,0.000000,0.000000,0.000000,0.000000,0.000000,0.000000,0.000000,0.000000,61990568.000000,421.417877,21.131948,552442.562500,3.755558,0.188322,61438168.000000,417.662598,20.943640,0.000000,0.000000,0.000000,0.000000,0.000000,0.000000,34396648.000000,233.831741,11.725465,45567044.000000,309.769165,15.533337,625249.375000,4.250505,0.213141,2815.062012,0.019137,0.000960,315632.750000,2.145702,0.107596,6455587.500000,43.885708,2.200644,0.000000,0.000000,0.000000,0.000000,0.000000,0.000000,0.000000,0.000000,0.000000,3.824996,0.000026,0.000001,0.044117,0.000000,0.000000,8.763258,0.000060,0.000003,285.266388,0.001939,0.000097,0.000000,0.000000,0.000000,0.000000,0.000000,0.000000,0.000000,0.000000,0.000000,0.000000,0.000000,0.000000,0.000000,0.000000,2806400.000000,4.000000,0.956673,1403200.000000,2.000000,0.478336,1403200.000000,2.000000,0.478336,0.000000,0.000000,0.000000,0.000000,0.000000,0.000000,1280143.000000,1.824605,0.436388,1403200.000000,2.000000,0.478336,14222525.000000,20.271559,4.848312,37209.050781,0.053035,0.012684,1181881.250000,1.684551,0.402891,-10263967.000000,-14.629372,-3.498881,0.000000,0.000000,0.000000,0.000000,0.000000,0.000000,0.000000,0.000000,0.000000,289.934631,0.000413,0.000099,3.197022,0.000005,0.000001,67.416992,0.000096,0.000023,829.762573,0.001183,0.000283,0.000000,0.000000,0.000000,0.000000,0.000000,0.000000,0.000000,0.000000,0.000000,0.000000,0.000000,0.000000,0.000000,0.000000,295728864.000000,413.491119,100.810928,916.419983,0.001281,0.000312,295727904.000000,413.489807,100.810600,0.000000,0.000000,0.000000,0.000000,0.000000,0.000000,137229216.000000,191.875290,46.780029,255038832.000000,356.597900,86.940117,2988106.750000,4.178001,1.018615,10472.731445,0.014643,0.003570,1090575.500000,1.524854,0.371766,22268682.000000,31.136299,7.591165,0.000000,0.000000,0.000000,0.000000,0.000000,0.000000,0.000000,0.000000,0.000000,43.845413,0.000061,0.000015,0.412777,0.000001,0.000000,63.834583,0.000089,0.000022,1950.502930,0.002727,0.000665,0.000000,0.000000,0.000000,0.000000,0.000000,0.000000,0.000000,0.000000,0.000000,0.000000,0.000000,0.000000,0.000000,0.000000,47201148928.000000,16939.832031,16090.386719,2196212480.000000,14930.063477,748.666260
1,1989,ANNUAL_DELTA,0.019247,0.000000,0.000000,0.000000,1.199614,-0.569344,0.058658,-0.502141,-0.137177,-0.001607,-0.006325,-0.797153,-0.054813,-0.017233,-0.007206,-0.012854,0.277266,0.035794,1.403693,0.898987,0.649071,0.424601,0.260879,0.158416,0.000374,0.000000,0.000000,0.000000,5.298828,3.711914,2.104248,-0.504028,3.950195,1.575195,0.622940,0.005268,-0.013016,0.000000,-102.958496,-7.496582,-2.232239,-100.819336,-9.975525,-1.821121,0.188736,0.000000,0.872543,1.262615,1.945599,0.000000,554.880859,593.041992,-21.258789,-7.898682,-9.910278,2.324051,-0.004069,0.077019,-0.798285,0.000000,0.000000,0.000727,0.000011,0.000716,-0.806172,-0.006132,-0.006132,-0.017279,0.000000,-0.000059,0.000000,-0.000002,0.000000,-0.000113,0.000000,-0.003611,-0.000060,0.000000,0.000000,-0.785282,0.000000,0.000000,0.000000,0.000000,0.000000,0.000000,0.000000,0.000000,0.000000,0.000000,0.000000,0.000000,0.000000,0.000000,0.000000,-7713.500000,-0.051699,-0.002629,0.000000,0.000000,0.000000,952579.625000,6.384582,0.324725,-1836.827637,-0.012311,-0.000626,9140.281250,0.061262,0.003116,-1503560.820313,-10.077485,-0.512548,0.000000,0.000000,0.000000,0.000000,0.000000,0.000000,0.000000,0.000000,0.000000,-13.680279,-0.000092,-0.000005,-0.646922,-0.000004,-0.000000,-9.372982,-0.000063,-0.000003,-27.798080,-0.000186,-0.000009,0.000000,0.000000,0.000000,0.000000,0.000000,0.000000,0.000000,0.000000,0.000000,0.000000,0.000000,0.000000,0.000000,0.000000,14569472.000000,11.937500,4.966797,11001856.000000,9.015625,3.750977,3915776.000000,3.208984,1.334961,0.000000,0.000000,0.000000,0.000000,0.000000,0.000000,-304476160.000000,-249.489258,-103.792969,-49751296.000000,-40.766357,-16.959717,392286.750000,0.321441,0.133727,-840.621094,-0.000689,-0.000287,117365.750000,0.096170,0.040009,5747164.000000,4.709244,1.959150,-2364905.250000,-1.937812,-0.806172,-17988.250000,-0.014740,-0.006132,-17988.222656,-0.014740,-0.006132,-27.513197,-0.000023,-0.000009,-0.232127,-0.000000,-0.000000,-173.596237,-0.000142,-0.000059,-7343.090332,-0.006017,-0.002503,0.000000,0.000000,0.000000,0.000000,0.000000,0.000000,0.000000,0.000000,0.000000,0.000000,0.000000,0.000000,0.000000,0.000000,565000.000000,3.840942,0.192604,-0.187500,-0.000001,-0.000000,564988.000000,3.840820,0.192598,0.000000,0.000000,0.000000,0.000000,0.000000,0.000000,1644410.000000,11.178864,0.560564,3767164.000000,25.609558,1.284188,129080.250000,0.877500,0.044002,-162.897705,-0.001107,-0.000056,25413.937500,0.172766,0.008663,389479.000000,2.647717,0.132770,0.000000,0.000000,0.000000,0.000000,0.000000,0.000000,0.000000,0.000000,0.000000,-6.061943,-0.000041,-0.000002,-0.067977,-0.000000,-0.000000,-17.195753,-0.000117,-0.000006,-557.011810,-0.003787,-0.000190,0.000000,0.000000,0.000000,0.000000,0.000000,0.000000,0.000000,0.000000,0.000000,0.000000,0.000000,0.000000,0.000000,0.000000,0.000000,0.000000,0.000000,0.000000,0.000000,0.000000,0.000000,0.000000,0.000000,0.000000,0.000000,0.000000,0.000000,0.000000,0.000000,-37391.125000,-0.053294,-0.012746,0.000000,0.000000,0.000000,4764362.000000,6.790710,1.624122,-8091.226563,-0.011533,-0.002758,48813.375000,0.069574,0.016640,-7982005.750000,-11.376862,-2.720984,0.000000,0.000000,0.000000,0.000000,0.000000,0.000000,0.000000,0.000000,0.000000,-80.167969,-0.000114,-0.000027,-3.407678,-0.000005,-0.000001,-46.637428,-0.000066,-0.000016,-181.246338,-0.000258,-0.000062,0.000000,0.000000,0.000000,0.000000,0.000000,0.000000,0.000000,0.000000,0.000000,0.000000,0.000000,0.000000,0.000000,0.000000,788640.000000,1.102661,0.268837,-1004233.392517,-1.404129,-0.342333,1792576.000000,2.506409,0.611069,0.000000,0.000000,0.000000,0.000000,0.000000,0.000000,673408.000000,0.941559,0.229561,23895232.000000,33.410553,8.145638,578855.750000,0.809362,0.197326,-1006.192383,-0.001407,-0.000343,25184.250000,0.035213,0.008585,1006892.000000,1.407846,0.343239,0.000000,0.000000,0.000000,0.000000,0.000000,0.000000,0.000000,0.000000,0.000000,-44.246689,-0.000062,-0.000015,-0.439676,-0.000001,-0.000000,-85.260708,-0.000119,-0.000029,-2482.440918,-0.003471,-0.000846,0.000000,0.000000,0.000000,0.000000,0.000000,0.000000,0.000000,0.000000,0.000000,0.000000,0.000000,0.000000,0.000000,0.000000,1630654464.000000,585.217773,555.873047,-3496704.000000,-23.772461,-1.192017
1,1989,MIN_VALUE,0.000000,0.000000,0.000000,0.000000,0.000000,0.095457,0.000050,0.035267,0.039075,0.003473,0.013069,0.423120,0.080456,0.085429,0.051908,0.105638,0.984756,0.659268,-8.047895,-4.122260,1.620377,4.133431,5.776056,6.752579,0.000000,0.000000,0.000000,0.000000,17501.359375,14333.125000,3167.467285,277.504364,14055.525391,2854.976807,240.837891,51.402054,20.088263,0.000000,4909.349121,1247.830933,342.037079,4567.377441,719.723267,215.984375,91.873421,0.000000,156.908936,43.827183,19.102488,0.000000,16284.093750,10792.361328,2770.237305,1592.662964,1091.502930,5.570306,0.024247,1.651579,25.991756,0.000000,0.000000,0.006106,0.000092,0.006015,0.000000,0.000000,0.000000,-1.771341,0.000000,0.000061,0.000000,0.000001,0.000000,0.000028,0.000000,0.000653,0.000062,0.000000,0.000000,-0.334490,596800.000000,4.000000,0.203443,298400.000000,2.000000,0.101721,298400.000000,2.000000,0.101721,0.000000,0.000000,0.000000,0.000000,0.000000,0.000000,272987.781250,1.829677,0.093059,298400.000000,2.000000,0.101721,1937464.625000,12.985688,0.660462,7248.026855,0.048579,0.002471,243308.375000,1.630753,0.082941,-1650509.625000,-11.062397,-0.562642,0.000000,0.000000,0.000000,0.000000,0.000000,0.000000,0.000000,0.000000,0.000000,23.039064,0.000154,0.000008,0.260419,0.000002,0.000000,5.677979,0.000038,0.000002,61.045204,0.000409,0.000021,0.000000,0.000000,0.000000,0.000000,0.000000,0.000000,0.000000,0.000000,0.000000,0.000000,0.000000,0.000000,0.000000,0.000000,50981474304.000000,41774.398438,17379.060547,42045554688.000000,34452.273438,14332.897461,8935504896.000000,7321.783691,3046.021729,0.000000,0.000000,0.000000,0.000000,0.000000,0.000000,14232484864.000000,11662.147461,4851.708008,3451249664.000000,2827.965820,1176.495483,1635145.250000,1.339844,0.557404,13010.495117,0.010661,0.004435,2112893.750000,1.731313,0.720264,53591600.000000,43.913143,18.268826,0.000000,0.000000,0.000000,0.000000,0.000000,0.000000,0.000000,0.000000,0.000000,9.044084,0.000007,0.000003,0.373635,0.000000,0.000000,16.152449,0.000013,0.000006,654.383911,0.000536,0.000223,0.000000,0.000000,0.000000,0.000000,0.000000,0.000000,0.000000,0.000000,0.000000,0.000000,0.000000,0.000000,0.000000,0.000000,61425564.000000,417.576904,20.939342,552442.562500,3.755558,0.188322,60873180.000000,413.821777,20.751041,0.000000,0.000000,0.000000,0.000000,0.000000,0.000000,21312068.000000,144.881500,7.265065,29669928.000000,201.699036,10.114174,370739.406250,2.520322,0.126381,2478.878174,0.016852,0.000845,290218.812500,1.972935,0.098933,6003722.500000,40.813885,2.046607,0.000000,0.000000,0.000000,0.000000,0.000000,0.000000,0.000000,0.000000,0.000000,0.241604,0.000002,0.000000,0.009477,0.000000,0.000000,0.140559,0.000001,0.000000,4.886413,0.000033,0.000002,0.000000,0.000000,0.000000,0.000000,0.000000,0.000000,0.000000,0.000000,0.000000,0.000000,0.000000,0.000000,0.000000,0.000000,2806400.000000,4.000000,0.956673,1403200.000000,2.000000,0.478336,1403200.000000,2.000000,0.478336,0.000000,0.000000,0.000000,0.000000,0.000000,0.000000,1280143.000000,1.824605,0.436388,1403200.000000,2.000000,0.478336,9458163.000000,13.480848,3.224191,37209.050781,0.053035,0.012684,1133067.875000,1.614977,0.386251,-10381966.000000,-14.797558,-3.539106,0.000000,0.000000,0.000000,0.000000,0.000000,0.000000,0.000000,0.000000,0.000000,130.412842,0.000186,0.000044,1.592203,0.000002,0.000001,30.960405,0.000044,0.000011,325.492981,0.000464,0.000111,0.000000,0.000000,0.000000,0.000000,0.000000,0.000000,0.000000,0.000000,0.000000,0.000000,0.000000,0.000000,0.000000,0.000000,294686976.000000,412.034363,100.455765,916.419983,0.001281,0.000312,293935328.000000,410.983398,100.199532,0.000000,0.000000,0.000000,0.000000,0.000000,0.000000,118070128.000000,165.086868,40.248894,135445872.000000,189.381821,46.172108,1745687.125000,2.440838,0.595087,9767.066406,0.013656,0.003329,1065391.250000,1.489641,0.363181,21261790.000000,29.728453,7.247925,0.000000,0.000000,0.000000,0.000000,0.000000,0.000000,0.000000,0.000000,0.000000,9.884611,0.000014,0.000003,0.222293,0.000000,0.000000,27.986485,0.000039,0.000010,844.163696,0.001180,0.000288,0.000000,0.000000,0.000000,0.000000,0.000000,0.000000,0.000000,0.000000,0.000000,0.000000,0.000000,0.000000,0.000000,0.000000,45570494464.000000,16354.614258,15534.513672,2196212480.000000,14930.063477,748.666260
1,1989,MIN_VALUE_JDAY,11.000000,1.000000,1.000000,1.000000,11.000000,282.000000,282.000000,282.000000,292.000000,296.000000,338.000000,282.000000,282.000000,292.000000,293.000000,314.000000,33.000000,34.000000,33.000000,34.000000,36.000000,36.000000,36.000000,36.000000,11.000000,1.000000,1.000000,1.000000,1.000000,1.000000,1.000000,365.000000,1.000000,1.000000,1.000000,1.000000,365.000000,1.000000,349.000000,262.000000,343.000000,349.000000,262.000000,349.000000,349.000000,1.000000,262.000000,262.000000,349.000000,1.000000,1.000000,1.000000,365.000000,365.000000,365.000000,1.000000,353.000000,1.000000,293.000000,1.000000,1.000000,36.000000,36.000000,36.000000,350.000000,350.000000,350.000000,219.000000,1.000000,283.000000,1.000000,283.000000,1.000000,283.000000,1.000000,283.000000,283.000000,1.000000,1.000000,360.000000,1.000000,1.000000,1.000000,1.000000,1.000000,1.000000,1.000000,1.000000,1.000000,1.000000,1.000000,1.000000,1.000000,1.000000,1.000000,365.000000,365.000000,365.000000,1.000000,1.000000,1.000000,1.000000,1.000000,1.000000,365.000000,365.000000,365.000000,46.000000,46.000000,46.000000,335.000000,335.000000,335.000000,1.000000,1.000000,1.000000,1.000000,1.000000,1.000000,1.000000,1.000000,1.000000,286.000000,286.000000,286.000000,292.000000,292.000000,292.000000,292.000000,292.000000,292.000000,294.000000,294.000000,294.000000,1.000000,1.000000,1.000000,1.000000,1.000000,1.000000,1.000000,1.000000,1.000000,1.000000,1.000000,1.000000,1.000000,1.000000,1.000000,1.000000,1.000000,1.000000,1.000000,1.000000,1.000000,1.000000,1.000000,1.000000,1.000000,1.000000,1.000000,1.000000,1.000000,349.000000,349.000000,349.000000,349.000000,349.000000,349.000000,107.000000,107.000000,107.000000,162.000000,162.000000,162.000000,1.000000,1.000000,1.000000,85.000000,85.000000,85.000000,350.000000,350.000000,350.000000,350.000000,350.000000,350.000000,350.000000,350.000000,350.000000,137.000000,137.000000,137.000000,293.000000,293.000000,293.000000,283.000000,283.000000,283.000000,283.000000,283.000000,283.000000,1.000000,1.000000,1.000000,1.000000,1.000000,1.000000,1.000000,1.000000,1.000000,1.000000,1.000000,1.000000,1.000000,1.000000,2.000000,2.000000,2.000000,365.000000,365.000000,365.000000,1.000000,1.000000,1.000000,1.000000,1.000000,1.000000,1.000000,1.000000,1.000000,262.000000,262.000000,262.000000,262.000000,262.000000,262.000000,171.000000,171.000000,171.000000,196.000000,196.000000,196.000000,1.000000,1.000000,1.000000,98.000000,98.000000,98.000000,1.000000,1.000000,1.000000,1.000000,1.000000,1.000000,1.000000,1.000000,1.000000,283.000000,283.000000,283.000000,291.000000,291.000000,291.000000,283.000000,283.000000,283.000000,283.000000,283.000000,283.000000,1.000000,1.000000,1.000000,1.000000,1.000000,1.000000,1.000000,1.000000,1.000000,1.000000,1.000000,1.000000,1.000000,1.000000,1.000000,1.000000,1.000000,1.000000,1.000000,1.000000,1.000000,1.000000,1.000000,1.000000,1.000000,1.000000,1.000000,1.000000,1.000000,365.000000,365.000000,365.000000,1.000000,1.000000,1.000000,1.000000,1.000000,1.000000,365.000000,365.000000,365.000000,1.000000,1.000000,1.000000,336.000000,336.000000,336.000000,1.000000,1.000000,1.000000,1.000000,1.000000,1.000000,1.000000,1.000000,1.000000,136.000000,136.000000,136.000000,282.000000,282.000000,282.000000,282.000000,282.000000,282.000000,293.000000,293.000000,293.000000,1.000000,1.000000,1.000000,1.000000,1.000000,1.000000,1.000000,1.000000,1.000000,1.000000,1.000000,1.000000,1.000000,1.000000,75.000000,75.000000,75.000000,365.000000,365.000000,365.000000,1.000000,1.000000,1.000000,1.000000,1.000000,1.000000,1.000000,1.000000,1.000000,135.000000,135.000000,135.000000,262.000000,262.000000,262.000000,214.000000,214.000000,214.000000,262.000000,262.000000,262.000000,1.000000,1.000000,1.000000,1.000000,1.000000,1.000000,1.000000,1.000000,1.000000,1.000000,1.000000,1.000000,1.000000,1.000000,1.000000,262.000000,262.000000,262.000000,282.000000,282.000000,282.000000,282.000000,282.000000,282.000000,282.000000,282.000000,282.000000,1.000000,1.000000,1.000000,1.000000,1.000000,1.000000,1.000000,1.000000,1.000000,1.000000,1.000000,1.000000,1.000000,1.000000,1.000000,1.000000,1.000000,365.000000,365.000000,365.000000
1,1989,MAX_VALUE,0.960788,4.600891,4.600891,2.850842,31.000000,4.607182,1.548772,1.754863,1.052253,0.015782,0.020469,4.443905,0.278538,0.250105,0.085680,0.121185,7.701964,3.965976,21.693556,19.043215,15.063161,12.014872,10.349291,9.441530,0.005382,0.000000,0.000000,0.000000,17697.076172,14466.834961,3261.815186,316.359802,14152.335938,2884.657715,296.071625,59.655602,23.458939,0.000000,5134.235352,1335.836670,379.918549,4754.632324,747.565857,220.477097,93.036583,0.000000,204.743515,51.828659,22.426851,0.000000,16838.974609,11385.403320,2791.496094,1600.561646,1101.413208,7.894357,0.028316,1.728598,27.226215,0.000000,0.000000,0.020536,0.000308,0.020228,4.358980,0.060523,0.060524,0.438018,0.000000,0.000521,0.000000,0.000006,0.000000,0.000401,0.000000,0.012709,0.000525,0.000000,0.000000,4.942728,596800.000000,4.000000,0.203443,298400.000000,2.000000,0.101721,298400.000000,2.000000,0.101721,0.000000,0.000000,0.000000,0.000000,0.000000,0.000000,280701.281250,1.881376,0.095688,298400.000000,2.000000,0.101721,2890044.250000,19.370270,0.985186,9084.854492,0.060890,0.003097,252926.296875,1.695216,0.086220,103383.250000,0.692917,0.035242,0.000000,0.000000,0.000000,0.000000,0.000000,0.000000,0.000000,0.000000,0.000000,195.001770,0.001307,0.000066,2.246344,0.000015,0.000001,47.583279,0.000319,0.000016,577.934631,0.003874,0.000197,0.000000,0.000000,0.000000,0.000000,0.000000,0.000000,0.000000,0.000000,0.000000,0.000000,0.000000,0.000000,0.000000,0.000000,51523821568.000000,42218.796875,17563.941406,42433216512.000000,34769.925781,14465.046875,9090530304.000000,7448.812012,3098.868408,0.000000,0.000000,0.000000,0.000000,0.000000,0.000000,14891492352.000000,12202.140625,5076.356934,3643974400.000000,2985.885254,1242.193481,2766033.250000,2.266497,0.942912,14229.801758,0.011660,0.004851,2230259.500000,1.827482,0.760273,60002120.000000,49.165943,20.454105,6356067.500000,5.208184,2.166718,48346.199219,0.039615,0.016481,48346.171875,0.039615,0.016481,100.159332,0.000082,0.000034,0.898950,0.000001,0.000000,576.422424,0.000472,0.000196,25521.859375,0.020913,0.008700,0.000000,0.000000,0.000000,0.000000,0.000000,0.000000,0.000000,0.000000,0.000000,0.000000,0.000000,0.000000,0.000000,0.000000,98529568.000000,669.813538,33.587719,16862622.000000,114.633728,5.748294,81666952.000000,555.179810,27.839424,0.000000,0.000000,0.000000,0.000000,0.000000,0.000000,34396648.000000,233.831741,11.725465,45567044.000000,309.769165,15.533337,710465.375000,4.829812,0.242190,3532.197998,0.024012,0.001204,315632.750000,2.145702,0.107596,6470014.500000,43.983784,2.205561,1414951.500000,9.618978,0.482342,20309.343750,0.138065,0.006923,20309.310547,0.138065,0.006923,28.105042,0.000191,0.000010,0.330427,0.000002,0.000000,63.623749,0.000433,0.000022,1894.166748,0.012877,0.000646,0.000000,0.000000,0.000000,0.000000,0.000000,0.000000,0.000000,0.000000,0.000000,0.000000,0.000000,0.000000,0.000000,0.000000,2806400.000000,4.000000,0.956673,1403200.000000,2.000000,0.478336,1403200.000000,2.000000,0.478336,0.000000,0.000000,0.000000,0.000000,0.000000,0.000000,1317534.125000,1.877899,0.449134,1403200.000000,2.000000,0.478336,14222525.000000,20.271559,4.848312,45300.277344,0.064567,0.015442,1181881.250000,1.684551,0.402891,-1660002.125000,-2.366024,-0.565878,0.000000,0.000000,0.000000,0.000000,0.000000,0.000000,0.000000,0.000000,0.000000,1049.836792,0.001496,0.000358,10.930749,0.000016,0.000004,206.630112,0.000295,0.000070,2385.029297,0.003399,0.000813,0.000000,0.000000,0.000000,0.000000,0.000000,0.000000,0.000000,0.000000,0.000000,0.000000,0.000000,0.000000,0.000000,0.000000,472708704.000000,660.946167,161.141541,44494292.000000,62.212376,15.167646,447499456.000000,625.698364,152.547958,0.000000,0.000000,0.000000,0.000000,0.000000,0.000000,141890784.000000,198.393158,48.369110,255038832.000000,356.597900,86.940117,3415577.750000,4.775696,1.164335,12928.175781,0.018076,0.004407,1090575.500000,1.524854,0.371766,22268682.000000,31.136299,7.591165,10539444.000000,14.736359,3.592788,151276.484375,0.211516,0.051569,151277.765625,0.211518,0.051569,220.615906,0.000308,0.000075,2.063809,0.000003,0.000001,296.826233,0.000415,0.000101,8528.817383,0.011925,0.002907,0.000000,0.000000,0.000000,0.000000,0.000000,0.000000,3492109.500000,4.882703,1.190424,7152.000000,45631.871094,0.063803,0.015555,7152.000000,47201148928.000000,16939.832031,16090.386719,2199709184.000000,14953.835938,749.858276
1,1989,MAX_VALUE_JDAY,338.000000,61.000000,61.000000,40.000000,338.000000,338.000000,338.000000,339.000000,74.000000,83.000000,86.000000,74.000000,338.000000,74.000000,96.000000,80.000000,219.000000,152.000000,219.000000,219.000000,220.000000,220.000000,220.000000,220.000000,315.000000,1.000000,1.000000,1.000000,349.000000,349.000000,262.000000,152.000000,349.000000,262.000000,262.000000,349.000000,349.000000,1.000000,1.000000,1.000000,1.000000,1.000000,1.000000,1.000000,365.000000,1.000000,365.000000,365.000000,365.000000,1.000000,365.000000,365.000000,1.000000,1.000000,1.000000,365.000000,1.000000,365.000000,117.000000,1.000000,1.000000,233.000000,233.000000,233.000000,125.000000,125.000000,125.000000,302.000000,1.000000,339.000000,1.000000,73.000000,1.000000,339.000000,1.000000,339.000000,339.000000,1.000000,1.000000,125.000000,1.000000,1.000000,1.000000,1.000000,1.000000,1.000000,1.000000,1.000000,1.000000,1.000000,1.000000,1.000000,1.000000,1.000000,1.000000,1.000000,1.000000,1.000000,1.000000,1.000000,1.000000,365.000000,365.000000,365.000000,1.000000,1.000000,1.000000,343.000000,343.000000,343.000000,92.000000,92.000000,92.000000,1.000000,1.000000,1.000000,1.000000,1.000000,1.000000,1.000000,1.000000,1.000000,339.000000,339.000000,339.000000,74.000000,74.000000,74.000000,73.000000,73.000000,73.000000,75.000000,75.000000,75.000000,1.000000,1.000000,1.000000,1.000000,1.000000,1.000000,1.000000,1.000000,1.000000,1.000000,1.000000,1.000000,1.000000,1.000000,349.000000,349.000000,349.000000,349.000000,349.000000,349.000000,349.000000,349.000000,349.000000,1.000000,1.000000,1.000000,1.000000,1.000000,1.000000,1.000000,1.000000,1.000000,1.000000,1.000000,1.000000,294.000000,294.000000,294.000000,11.000000,11.000000,11.000000,365.000000,365.000000,365.000000,336.000000,336.000000,336.000000,296.000000,296.000000,296.000000,296.000000,296.000000,296.000000,296.000000,296.000000,296.000000,339.000000,339.000000,339.000000,73.000000,73.000000,73.000000,339.000000,339.000000,339.000000,339.000000,339.000000,339.000000,1.000000,1.000000,1.000000,1.000000,1.000000,1.000000,1.000000,1.000000,1.000000,1.000000,1.000000,1.000000,1.000000,1.000000,262.000000,262.000000,262.000000,262.000000,262.000000,262.000000,262.000000,262.000000,262.000000,1.000000,1.000000,1.000000,1.000000,1.000000,1.000000,365.000000,365.000000,365.000000,365.000000,365.000000,365.000000,119.000000,119.000000,119.000000,119.000000,119.000000,119.000000,365.000000,365.000000,365.000000,335.000000,335.000000,335.000000,127.000000,127.000000,127.000000,127.000000,127.000000,127.000000,127.000000,127.000000,127.000000,72.000000,72.000000,72.000000,72.000000,72.000000,72.000000,339.000000,339.000000,339.000000,339.000000,339.000000,339.000000,1.000000,1.000000,1.000000,1.000000,1.000000,1.000000,1.000000,1.000000,1.000000,1.000000,1.000000,1.000000,1.000000,1.000000,1.000000,1.000000,1.000000,1.000000,1.000000,1.000000,1.000000,1.000000,1.000000,1.000000,1.000000,1.000000,1.000000,1.000000,1.000000,1.000000,1.000000,1.000000,1.000000,1.000000,1.000000,365.000000,365.000000,365.000000,1.000000,1.000000,1.000000,365.000000,365.000000,365.000000,92.000000,92.000000,92.000000,1.000000,1.000000,1.000000,1.000000,1.000000,1.000000,1.000000,1.000000,1.000000,339.000000,339.000000,339.000000,73.000000,73.000000,73.000000,73.000000,73.000000,73.000000,75.000000,75.000000,75.000000,1.000000,1.000000,1.000000,1.000000,1.000000,1.000000,1.000000,1.000000,1.000000,1.000000,1.000000,1.000000,1.000000,1.000000,258.000000,258.000000,258.000000,152.000000,152.000000,152.000000,262.000000,262.000000,262.000000,1.000000,1.000000,1.000000,1.000000,1.000000,1.000000,197.000000,197.000000,197.000000,365.000000,365.000000,365.000000,119.000000,119.000000,119.000000,119.000000,119.000000,119.000000,365.000000,365.000000,365.000000,365.000000,365.000000,365.000000,125.000000,125.000000,125.000000,125.000000,125.000000,125.000000,125.000000,125.000000,125.000000,72.000000,72.000000,72.000000,72.000000,72.000000,72.000000,339.000000,339.000000,339.000000,339.000000,339.000000,339.000000,1.000000,1.000000,1.000000,1.000000,1.000000,1.000000,122.000000,122.000000,122.000000,122.000000,153.000000,153.000000,153.000000,61.000000,365.000000,365.000000,365.000000,1.000000,1.000000,1.000000
1,1989,ANNUAL_SUM,21.375598,8.699838,42.308479,8.701294,806.195184,255.910580,42.400302,97.595272,85.945468,2.565292,6.028648,546.154869,59.353211,55.386899,24.820493,41.206505,1559.802744,726.656822,4193.452918,3904.041597,3638.866312,3343.443980,3186.838995,3103.497795,0.189689,0.000000,0.000000,0.000000,6434652.859375,5259525.078125,1175085.866211,110785.993286,5148788.109375,1047892.489502,98622.053268,20564.023815,7987.539244,0.000000,1831409.434082,469214.117432,130741.254639,1700747.834961,266997.851257,79409.668152,33696.838028,0.000000,65045.666260,16856.528061,7206.547064,0.000000,6037099.050781,4039933.720703,1015097.247070,582768.422852,400223.452271,2365.017441,9.394820,616.260963,9747.622553,0.000000,0.000000,5.144705,0.077171,5.067535,291.734531,2.934602,2.934604,-78.698125,0.000000,0.050407,0.000000,0.000727,0.000000,0.036711,0.000000,1.053008,0.051134,0.000000,0.000000,369.379651,217832000.000000,1460.000000,74.256692,108916000.000000,730.000000,37.128346,108916000.000000,730.000000,37.128346,0.000000,0.000000,0.000000,0.000000,0.000000,0.000000,101132335.500000,677.830669,34.474974,108916000.000000,730.000000,37.128346,865448806.500000,5800.595230,295.022603,2899400.427734,19.432979,0.988376,90193065.765625,604.511165,30.745889,-256286374.594208,-1717.737101,-87.365391,0.000000,0.000000,0.000000,0.000000,0.000000,0.000000,0.000000,0.000000,0.000000,18922.205568,0.126824,0.006450,265.867086,0.001782,0.000091,5632.023402,0.037748,0.001920,64224.535919,0.430459,0.021893,0.000000,0.000000,0.000000,0.000000,0.000000,0.000000,0.000000,0.000000,0.000000,0.000000,0.000000,0.000000,0.000000,0.000000,18711386165248.000000,15332174.785156,6378519.220703,15420467060736.000000,12635584.312500,5256678.745117,3290924102656.000000,2696594.645020,1121842.205078,0.000000,0.000000,0.000000,0.000000,0.000000,0.000000,5313666898944.000000,4354037.125977,1811374.437500,1292673164288.000000,1059220.881104,440658.997192,777819076.750000,637.347655,265.150529,4898445.116211,4.013803,1.669830,790588760.000000,647.811176,269.503583,20648150548.000000,16919.166294,7038.742296,544682273.984375,446.314547,185.676590,4143015.738770,3.394801,1.412311,4143015.992065,3.394802,1.412312,8558.342622,0.007013,0.002917,178.264847,0.000146,0.000061,39151.424665,0.032081,0.013346,1653059.571838,1.354523,0.563511,0.000000,0.000000,0.000000,0.000000,0.000000,0.000000,0.000000,0.000000,0.000000,0.000000,0.000000,0.000000,0.000000,0.000000,28786739672.000000,195695.033844,9813.103594,2987271919.500000,20307.762821,1018.330293,25799473200.000000,175387.311920,8794.775270,0.000000,0.000000,0.000000,0.000000,0.000000,0.000000,10070730414.000000,68461.797638,3433.008489,13211509284.000000,89813.115509,4503.667722,186149610.000000,1265.463022,63.456489,1029016.113037,6.995351,0.350781,110226030.218750,749.327192,37.574921,2260982873.000000,15370.379879,770.745825,37103938.994141,252.236159,12.648352,532566.862778,3.620441,0.181547,532566.916138,3.620441,0.181547,1664.672427,0.011317,0.000567,23.932661,0.000163,0.000008,3577.618359,0.024321,0.001220,115675.105291,0.786371,0.039432,0.000000,0.000000,0.000000,0.000000,0.000000,0.000000,0.000000,0.000000,0.000000,0.000000,0.000000,0.000000,0.000000,0.000000,1024336000.000000,1460.000000,349.185611,512168000.000000,730.000000,174.592806,512168000.000000,730.000000,174.592806,0.000000,0.000000,0.000000,0.000000,0.000000,0.000000,474529887.750000,676.353889,161.762361,512168000.000000,730.000000,174.592806,4244064188.000000,6049.122273,1446.757860,14747415.660156,21.019692,5.027242,422080090.625000,601.596481,143.882765,-2031797200.125000,-2895.948121,-692.618784,0.000000,0.000000,0.000000,0.000000,0.000000,0.000000,0.000000,0.000000,0.000000,101243.722794,0.144304,0.034513,1446.269722,0.002061,0.000493,27380.930910,0.039026,0.009334,297797.730652,0.424455,0.101516,0.000000,0.000000,0.000000,0.000000,0.000000,0.000000,0.000000,0.000000,0.000000,0.000000,0.000000,0.000000,0.000000,0.000000,135290507104.000000,189164.578796,46119.143509,5407589682.451233,7560.947534,1843.391741,129882932480.000000,181603.653259,44275.756706,0.000000,0.000000,0.000000,0.000000,0.000000,0.000000,48477835760.000000,67782.208740,16525.595913,69939722192.000000,97790.439178,23841.732468,864353436.625000,1208.547872,294.649204,3986403.311523,5.573830,1.358924,394712360.250000,551.890886,134.553387,7973599102.000000,11148.768299,2718.117977,274017021.521912,383.133420,93.409587,3933071.092423,5.499260,1.340744,3933075.568986,5.499267,1.340745,17479.550141,0.024440,0.005959,217.540012,0.000304,0.000074,31949.116684,0.044672,0.010891,958242.029663,1.339824,0.326655,0.000000,0.000000,0.000000,0.000000,0.000000,0.000000,13968438.000000,19.530813,4.761697,28608.000000,338618.102853,0.473459,0.115431,100128.000000,16907920355328.000000,6068016.214844,5763736.286133,802205372160.000000,5453469.566406,273463.566772
1,1989,ANNUAL_AVERAGE,0.058563,0.023835,0.115914,0.023839,2.208754,0.701125,0.116165,0.267384,0.235467,0.007028,0.016517,1.496315,0.162612,0.151745,0.068001,0.112895,4.273432,1.990841,11.488912,10.696004,9.969497,9.160120,8.731066,8.502734,0.000520,0.000000,0.000000,0.000000,17629.185916,14409.657748,3219.413332,303.523269,14106.268793,2870.938327,270.197406,56.339791,21.883669,0.000000,5017.560093,1285.518130,358.195218,4659.583109,731.500962,217.560735,92.320104,0.000000,178.207305,46.182269,19.743965,0.000000,16539.997399,11068.311564,2781.088348,1596.625816,1096.502609,6.479500,0.025739,1.688386,26.705815,0.000000,0.000000,0.014095,0.000211,0.013884,0.799273,0.008040,0.008040,-0.215611,0.000000,0.000138,0.000000,0.000002,0.000000,0.000101,0.000000,0.002885,0.000140,0.000000,0.000000,1.011999,596800.000000,4.000000,0.203443,298400.000000,2.000000,0.101721,298400.000000,2.000000,0.101721,0.000000,0.000000,0.000000,0.000000,0.000000,0.000000,277074.891781,1.857070,0.094452,298400.000000,2.000000,0.101721,2371092.620548,15.892042,0.808281,7943.562816,0.053241,0.002708,247104.289769,1.656195,0.084235,-702154.450943,-4.706129,-0.239357,0.000000,0.000000,0.000000,0.000000,0.000000,0.000000,0.000000,0.000000,0.000000,51.841659,0.000347,0.000018,0.728403,0.000005,0.000000,15.430201,0.000103,0.000005,175.957633,0.001179,0.000060,0.000000,0.000000,0.000000,0.000000,0.000000,0.000000,0.000000,0.000000,0.000000,0.000000,0.000000,0.000000,0.000000,0.000000,51264071685.610960,42005.958315,17475.395125,42247854960.920550,34618.039212,14401.859576,9016230418.235617,7387.930534,3073.540288,0.000000,0.000000,0.000000,0.000000,0.000000,0.000000,14557991503.956165,11928.868838,4962.669692,3541570313.117808,2901.975017,1207.284924,2131011.169178,1.746158,0.726440,13420.397579,0.010997,0.004575,2165996.602740,1.774825,0.738366,56570275.473973,46.353880,19.284225,1492280.202697,1.222780,0.508703,11350.728051,0.009301,0.003869,11350.728745,0.009301,0.003869,23.447514,0.000019,0.000008,0.488397,0.000000,0.000000,107.264177,0.000088,0.000037,4528.930334,0.003711,0.001544,0.000000,0.000000,0.000000,0.000000,0.000000,0.000000,0.000000,0.000000,0.000000,0.000000,0.000000,0.000000,0.000000,0.000000,78867779.923288,536.150778,26.885215,8184306.628767,55.637706,2.789946,70683488.219178,480.513183,24.095275,0.000000,0.000000,0.000000,0.000000,0.000000,0.000000,27591042.230137,187.566569,9.405503,36195915.846575,246.063330,12.338816,509998.931507,3.467022,0.173853,2819.222227,0.019165,0.000961,301989.123887,2.052951,0.102945,6194473.624658,42.110630,2.111632,101654.627381,0.691058,0.034653,1459.087295,0.009919,0.000497,1459.087441,0.009919,0.000497,4.560746,0.000031,0.000002,0.065569,0.000000,0.000000,9.801694,0.000067,0.000003,316.918097,0.002154,0.000108,0.000000,0.000000,0.000000,0.000000,0.000000,0.000000,0.000000,0.000000,0.000000,0.000000,0.000000,0.000000,0.000000,0.000000,2806400.000000,4.000000,0.956673,1403200.000000,2.000000,0.478336,1403200.000000,2.000000,0.478336,0.000000,0.000000,0.000000,0.000000,0.000000,0.000000,1300081.884247,1.853024,0.443185,1403200.000000,2.000000,0.478336,11627573.117808,16.572938,3.963720,40403.878521,0.057588,0.013773,1156383.809932,1.648210,0.394199,-5566567.671575,-7.934104,-1.897586,0.000000,0.000000,0.000000,0.000000,0.000000,0.000000,0.000000,0.000000,0.000000,277.380062,0.000395,0.000095,3.962383,0.000006,0.000001,75.016249,0.000107,0.000026,815.884194,0.001163,0.000278,0.000000,0.000000,0.000000,0.000000,0.000000,0.000000,0.000000,0.000000,0.000000,0.000000,0.000000,0.000000,0.000000,0.000000,370658923.572603,518.259120,126.353818,14815314.198497,20.714925,5.050388,355843650.630137,497.544256,121.303443,0.000000,0.000000,0.000000,0.000000,0.000000,0.000000,132815988.383562,185.704681,45.275605,191615677.238356,267.919011,65.319815,2368091.607192,3.311090,0.807258,10921.652908,0.015271,0.003723,1081403.726712,1.512030,0.368639,21845476.991781,30.544571,7.446899,750731.565813,1.049681,0.255917,10775.537240,0.015066,0.003673,10775.549504,0.015066,0.003673,47.889178,0.000067,0.000016,0.596000,0.000001,0.000000,87.531827,0.000122,0.000030,2625.320629,0.003671,0.000895,0.000000,0.000000,0.000000,0.000000,0.000000,0.000000,38269.693151,0.053509,0.013046,78.378082,927.720830,0.001297,0.000316,274.323288,46323069466.652054,16624.701958,15791.058318,2197822937.424657,14941.012511,749.215251
1,1989,DAY_COUNT,365,365,365,365,365,365,365,365,365,365,365,365,365,365,365,365,365,365,365,365,365,365,365,365,365,365,365,365,365,365,365,365,365,365,365,365,365,365,365,365,365,365,365,365,365,365,365,365,365,365,365,365,365,365,365,365,365,365,365,365,365,365,365,365,365,365,365,365,365,365,365,365,365,365,365,365,365,365,365,365,365,365,365,365,365,365,365,365,365,365,365,365,365,365,365,365,365,365,365,365,365,365,365,365,365,365,365,365,365,365,365,365,365,365,365,365,365,365,365,365,365,365,365,365,365,365,365,365,365,365,365,365,365,365,365,365,365,365,365,365,365,365,365,365,365,365,365,365,365,365,365,365,365,365,365,365,365,365,365,365,365,365,365,365,365,365,365,365,365,365,365,365,365,365,365,365,365,365,365,365,365,365,365,365,365,365,365,365,365,365,365,365,365,365,365,365,365,365,365,365,365,365,365,365,365,365,365,365,365,365,365,365,365,365,365,365,365,365,365,365,365,365,365,365,365,365,365,365,365,365,365,365,365,365,365,365,365,365,365,365,365,365,365,365,365,365,365,365,365,365,365,365,365,365,365,365,365,365,365,365,365,365,365,365,365,365,365,365,365,365,365,365,365,365,365,365,365,365,365,365,365,365,365,365,365,365,365,365,365,365,365,365,365,365,365,365,365,365,365,365,365,365,365,365,365,365,365,365,365,365,365,365,365,365,365,365,365,365,365,365,365,365,365,365,365,365,365,365,365,365,365,365,365,365,365,365,365,365,365,365,365,365,365,365,365,365,365,365,365,365,365,365,365,365,365,365,365,365,365,365,365,365,365,365,365,365,365,365,365,365,365,365,365,365,365,365,365,365,365,365,365,365,365,365,365,365,365,365,365,365,365,365,365,365,365,365,365,365,365,365,365,365,365,365,365,365,365,365,365,365,365,365,365,365,365,365,365,365,365,365,365,365,365,365,365,365
1,1990,INITIAL_VALUE,0.179163,0.000000,0.000000,0.000000,7.598072,0.945618,0.378176,0.170651,0.199403,0.005002,0.013223,1.425340,0.184526,0.179635,0.062294,0.106757,2.391064,1.519232,3.898964,3.879836,5.476993,6.543384,7.223000,7.620878,0.001988,0.000000,0.000000,0.000000,17506.658203,14336.836914,3169.571533,277.504364,14059.475586,2856.552002,241.460831,51.407322,20.088263,0.000000,5030.893066,1328.048218,377.580841,4653.520996,737.500488,218.638046,93.034569,0.000000,204.597351,51.799133,22.423431,0.000000,16839.396484,11385.878906,2770.199463,1592.647339,1091.479370,7.905389,0.024247,1.728733,26.165682,0.000000,0.000000,0.009314,0.000140,0.009174,0.000000,0.000000,0.000000,0.303782,0.000000,0.000146,0.000000,0.000002,0.000000,0.000082,0.000000,0.002316,0.000147,0.000000,0.000000,-0.306098,596800.000000,4.000000,0.203443,298400.000000,2.000000,0.101721,298400.000000,2.000000,0.101721,0.000000,0.000000,0.000000,0.000000,0.000000,0.000000,272980.500000,1.829628,0.093056,298400.000000,2.000000,0.101721,2891496.500000,19.380003,0.985681,7244.124023,0.048553,0.002469,252498.250000,1.692348,0.086074,-1599343.500000,-10.719460,-0.545200,0.000000,0.000000,0.000000,0.000000,0.000000,0.000000,0.000000,0.000000,0.000000,56.526501,0.000379,0.000019,0.582874,0.000004,0.000000,14.228584,0.000095,0.000005,182.091187,0.001220,0.000062,0.000000,0.000000,0.000000,0.000000,0.000000,0.000000,0.000000,0.000000,0.000000,0.000000,0.000000,0.000000,0.000000,0.000000,50996043776.000000,41786.335938,17384.027344,42056556544.000000,34461.289063,14336.648438,8939420672.000000,7324.992676,3047.356689,0.000000,0.000000,0.000000,0.000000,0.000000,0.000000,14586000384.000000,11951.819336,4972.217285,3593677312.000000,2944.671631,1225.047607,2445214.500000,2.003617,0.833548,13397.297852,0.010978,0.004567,2230535.250000,1.827708,0.760366,59895308.000000,49.078423,20.417694,0.000000,0.000000,0.000000,0.000000,0.000000,0.000000,0.000000,0.000000,0.000000,21.588228,0.000018,0.000007,0.452442,0.000000,0.000000,81.184166,0.000067,0.000028,3477.593994,0.002850,0.001185,0.000000,0.000000,0.000000,0.000000,0.000000,0.000000,0.000000,0.000000,0.000000,0.000000,0.000000,0.000000,0.000000,0.000000,61990568.000000,421.417877,21.131948,552442.562500,3.755558,0.188322,61438168.000000,417.662598,20.943640,0.000000,0.000000,0.000000,0.000000,0.000000,0.000000,34371348.000000,233.659729,11.716839,45516800.000000,309.427612,15.516210,627145.000000,4.263392,0.213787,2817.702393,0.019155,0.000961,315662.781250,2.145906,0.107606,6455600.000000,43.885792,2.200648,0.000000,0.000000,0.000000,0.000000,0.000000,0.000000,0.000000,0.000000,0.000000,4.206157,0.000029,0.000001,0.047277,0.000000,0.000000,9.663503,0.000066,0.000003,307.779694,0.002092,0.000105,0.000000,0.000000,0.000000,0.000000,0.000000,0.000000,0.000000,0.000000,0.000000,0.000000,0.000000,0.000000,0.000000,0.000000,2806400.000000,4.000000,0.956673,1403200.000000,2.000000,0.478336,1403200.000000,2.000000,0.478336,0.000000,0.000000,0.000000,0.000000,0.000000,0.000000,1280104.750000,1.824551,0.436375,1403200.000000,2.000000,0.478336,14229702.000000,20.281786,4.850759,37191.957031,0.053010,0.012678,1181903.375000,1.684583,0.402899,-10266227.000000,-14.632592,-3.499651,0.000000,0.000000,0.000000,0.000000,0.000000,0.000000,0.000000,0.000000,0.000000,297.790161,0.000424,0.000102,3.194695,0.000005,0.000001,68.048599,0.000097,0.000023,813.452332,0.001159,0.000277,0.000000,0.000000,0.000000,0.000000,0.000000,0.000000,0.000000,0.000000,0.000000,0.000000,0.000000,0.000000,0.000000,0.000000,295728864.000000,413.491119,100.810928,916.419983,0.001281,0.000312,295727904.000000,413.489807,100.810600,0.000000,0.000000,0.000000,0.000000,0.000000,0.000000,137126000.000000,191.730988,46.744843,254776144.000000,356.230621,86.850571,2996925.000000,4.190331,1.021621,10479.259766,0.014652,0.003572,1090657.625000,1.524969,0.371794,22271454.000000,31.140177,7.592110,0.000000,0.000000,0.000000,0.000000,0.000000,0.000000,0.000000,0.000000,0.000000,47.188183,0.000066,0.000016,0.435561,0.000001,0.000000,66.940369,0.000094,0.000023,2011.616943,0.002813,0.000686,0.000000,0.000000,0.000000,0.000000,0.000000,0.000000,0.000000,0.000000,0.000000,0.000000,0.000000,0.000000,0.000000,0.000000,47202385920.000000,16940.275391,16090.807617,2196203776.000000,14930.005859,748.663330
1,1990,FINAL_VALUE,0.000000,0.000000,0.000000,0.000000,0.000000,0.984677,0.003042,0.367371,0.593868,0.008765,0.011631,2.775069,0.211148,0.230090,0.068382,0.101881,2.684106,1.881053,5.548355,3.374351,1.786821,4.200371,5.803734,6.764365,0.000000,0.000000,0.000000,0.000000,17513.544922,14341.294922,3172.124268,277.506775,14064.216797,2858.345703,242.110703,51.442425,20.090189,0.000000,4943.579102,1325.310425,380.547302,4563.207031,727.591248,216.915939,93.360191,0.000000,209.277176,53.486519,24.657326,0.000000,17368.166016,11948.746094,2748.968018,1585.469604,1082.161987,10.276060,0.021311,1.810558,25.717756,0.000000,0.000000,0.006521,0.000098,0.006423,0.000000,0.000000,0.000000,0.160398,0.000000,0.000334,0.000000,0.000002,0.000000,0.000183,0.000000,0.005953,0.000336,0.000000,0.000000,-0.166350,596800.000000,4.000000,0.203443,298400.000000,2.000000,0.101721,298400.000000,2.000000,0.101721,0.000000,0.000000,0.000000,0.000000,0.000000,0.000000,265519.218750,1.779619,0.090513,298400.000000,2.000000,0.101721,3868095.000000,25.925570,1.318594,5926.259766,0.039720,0.002020,262745.968750,1.761032,0.089567,-2874672.250000,-19.267241,-0.979946,0.000000,0.000000,0.000000,0.000000,0.000000,0.000000,0.000000,0.000000,0.000000,144.435989,0.000968,0.000049,0.796252,0.000005,0.000000,29.390898,0.000197,0.000010,422.500885,0.002832,0.000144,0.000000,0.000000,0.000000,0.000000,0.000000,0.000000,0.000000,0.000000,0.000000,0.000000,0.000000,0.000000,0.000000,0.000000,51015073792.000000,41801.929688,17390.515625,42069639168.000000,34472.007813,14341.107422,8944782336.000000,7329.385742,3049.184326,0.000000,0.000000,0.000000,0.000000,0.000000,0.000000,14321289216.000000,11734.914063,4881.980469,3556160000.000000,2913.929932,1212.258423,2828973.500000,2.318071,0.964368,12937.399414,0.010601,0.004410,2339356.750000,1.916877,0.797463,64622988.000000,52.952301,22.029312,0.000000,0.000000,0.000000,0.000000,0.000000,0.000000,0.000000,0.000000,0.000000,57.728428,0.000047,0.000020,0.553966,0.000000,0.000000,236.837387,0.000194,0.000081,10761.391602,0.008818,0.003668,0.000000,0.000000,0.000000,0.000000,0.000000,0.000000,0.000000,0.000000,0.000000,0.000000,0.000000,0.000000,0.000000,0.000000,62516492.000000,424.993164,21.311230,552442.312500,3.755556,0.188322,61964080.000000,421.237793,21.122919,0.000000,0.000000,0.000000,0.000000,0.000000,0.000000,36625684.000000,248.984940,12.485319,49495352.000000,336.474182,16.872456,773031.937500,5.255146,0.263519,2708.139648,0.018410,0.000923,336762.562500,2.289345,0.114799,6769294.000000,46.018311,2.307583,0.000000,0.000000,0.000000,0.000000,0.000000,0.000000,0.000000,0.000000,0.000000,10.888057,0.000074,0.000004,0.071989,0.000000,0.000000,21.749105,0.000148,0.000007,715.324158,0.004863,0.000244,0.000000,0.000000,0.000000,0.000000,0.000000,0.000000,0.000000,0.000000,0.000000,0.000000,0.000000,0.000000,0.000000,0.000000,2806400.000000,4.000000,0.956673,1403200.000000,2.000000,0.478336,1403200.000000,2.000000,0.478336,0.000000,0.000000,0.000000,0.000000,0.000000,0.000000,1244202.250000,1.773378,0.424136,1403200.000000,2.000000,0.478336,19138338.000000,27.278131,6.524063,31292.164063,0.044601,0.010667,1239463.250000,1.766624,0.422520,-16996660.000000,-24.225571,-5.793987,0.000000,0.000000,0.000000,0.000000,0.000000,0.000000,0.000000,0.000000,0.000000,674.573181,0.000961,0.000230,4.137081,0.000006,0.000001,124.778030,0.000178,0.000043,1680.121460,0.002395,0.000573,0.000000,0.000000,0.000000,0.000000,0.000000,0.000000,0.000000,0.000000,0.000000,0.000000,0.000000,0.000000,0.000000,0.000000,297215200.000000,415.569366,101.317604,45.266602,0.000063,0.000015,297215136.000000,415.569275,101.317589,0.000000,0.000000,0.000000,0.000000,0.000000,0.000000,143489248.000000,200.628143,48.914009,280382848.000000,392.034180,95.579636,3536045.000000,4.944134,1.205401,9653.442383,0.013498,0.003291,1133001.750000,1.584175,0.386229,23922018.000000,33.448013,8.154770,0.000000,0.000000,0.000000,0.000000,0.000000,0.000000,0.000000,0.000000,0.000000,91.297897,0.000128,0.000031,0.492355,0.000001,0.000000,122.745132,0.000172,0.000042,3883.358398,0.005430,0.001324,0.000000,0.000000,0.000000,0.000000,0.000000,0.000000,0.000000,0.000000,0.000000,0.000000,0.000000,0.000000,0.000000,0.000000,48754548736.000000,17497.326172,16619.923828,2193879552.000000,14914.205078,747.871033
1,1990,ANNUAL_DELTA,-0.179163,0.000000,0.000000,0.000000,-7.598072,0.039059,-0.375133,0.196720,0.394465,0.003762,-0.001592,1.349728,0.026622,0.050455,0.006089,-0.004876,0.293042,0.361821,1.649391,-0.505485,-3.690173,-2.343013,-1.419266,-0.856514,-0.001988,0.000000,0.000000,0.000000,6.886719,4.458008,2.552734,0.002411,4.741211,1.793701,0.649872,0.035103,0.001926,0.000000,-87.313965,-2.737793,2.966461,-90.313965,-9.909241,-1.722107,0.325623,0.000000,4.679825,1.687386,2.233894,0.000000,528.769531,562.867188,-21.231445,-7.177734,-9.317383,2.370671,-0.002936,0.081825,-0.447926,0.000000,0.000000,-0.002793,-0.000042,-0.002752,0.000000,0.000000,0.000000,-0.143384,0.000000,0.000188,0.000000,0.000000,0.000000,0.000101,0.000000,0.003637,0.000188,0.000000,0.000000,0.139747,0.000000,0.000000,0.000000,0.000000,0.000000,0.000000,0.000000,0.000000,0.000000,0.000000,0.000000,0.000000,0.000000,0.000000,0.000000,-7461.281250,-0.050009,-0.002543,0.000000,0.000000,0.000000,976598.500000,6.545567,0.332912,-1317.864258,-0.008833,-0.000449,10247.718750,0.068684,0.003493,-1275328.750000,-8.547780,-0.434747,0.000000,0.000000,0.000000,0.000000,0.000000,0.000000,0.000000,0.000000,0.000000,87.909489,0.000589,0.000030,0.213378,0.000001,0.000000,15.162313,0.000102,0.000005,240.409698,0.001611,0.000082,0.000000,0.000000,0.000000,0.000000,0.000000,0.000000,0.000000,0.000000,0.000000,0.000000,0.000000,0.000000,0.000000,0.000000,19030016.000000,15.593750,6.488281,13082624.000000,10.718750,4.458984,5361664.000000,4.393066,1.827637,0.000000,0.000000,0.000000,0.000000,0.000000,0.000000,-264711168.000000,-216.905273,-90.236816,-37517312.000000,-30.741699,-12.789185,383759.000000,0.314453,0.130819,-459.898438,-0.000377,-0.000157,108821.500000,0.089169,0.037096,4727680.000000,3.873878,1.611618,0.000000,0.000000,0.000000,0.000000,0.000000,0.000000,0.000000,0.000000,0.000000,36.140200,0.000030,0.000012,0.101524,0.000000,0.000000,155.653221,0.000128,0.000053,7283.797607,0.005968,0.002483,0.000000,0.000000,0.000000,0.000000,0.000000,0.000000,0.000000,0.000000,0.000000,0.000000,0.000000,0.000000,0.000000,0.000000,525924.000000,3.575287,0.179281,-0.250000,-0.000002,-0.000000,525912.000000,3.575195,0.179279,0.000000,0.000000,0.000000,0.000000,0.000000,0.000000,2254336.000000,15.325211,0.768480,3978552.000000,27.046570,1.356246,145886.937500,0.991753,0.049731,-109.562744,-0.000745,-0.000037,21099.781250,0.143438,0.007193,313694.000000,2.132519,0.106935,0.000000,0.000000,0.000000,0.000000,0.000000,0.000000,0.000000,0.000000,0.000000,6.681900,0.000045,0.000002,0.024712,0.000000,0.000000,12.085603,0.000082,0.000004,407.544464,0.002771,0.000139,0.000000,0.000000,0.000000,0.000000,0.000000,0.000000,0.000000,0.000000,0.000000,0.000000,0.000000,0.000000,0.000000,0.000000,0.000000,0.000000,0.000000,0.000000,0.000000,0.000000,0.000000,0.000000,0.000000,0.000000,0.000000,0.000000,0.000000,0.000000,0.000000,-35902.500000,-0.051172,-0.012239,0.000000,0.000000,0.000000,4908636.000000,6.996346,1.673304,-5899.792969,-0.008409,-0.002011,57559.875000,0.082041,0.019622,-6730433.000000,-9.592978,-2.294336,0.000000,0.000000,0.000000,0.000000,0.000000,0.000000,0.000000,0.000000,0.000000,376.783020,0.000537,0.000128,0.942386,0.000001,0.000000,56.729431,0.000081,0.000019,866.669128,0.001235,0.000295,0.000000,0.000000,0.000000,0.000000,0.000000,0.000000,0.000000,0.000000,0.000000,0.000000,0.000000,0.000000,0.000000,0.000000,1486336.000000,2.078247,0.506676,-871.153381,-0.001218,-0.000297,1487232.000000,2.079468,0.506989,0.000000,0.000000,0.000000,0.000000,0.000000,0.000000,6363248.000000,8.897156,2.169167,25606704.000000,35.803558,8.729065,539120.000000,0.753803,0.183780,-825.817383,-0.001155,-0.000282,42344.125000,0.059206,0.014435,1650564.000000,2.307837,0.562660,0.000000,0.000000,0.000000,0.000000,0.000000,0.000000,0.000000,0.000000,0.000000,44.109715,0.000062,0.000015,0.056794,0.000000,0.000000,55.804764,0.000078,0.000019,1871.741455,0.002617,0.000638,0.000000,0.000000,0.000000,0.000000,0.000000,0.000000,0.000000,0.000000,0.000000,0.000000,0.000000,0.000000,0.000000,0.000000,1552162816.000000,557.050781,529.116211,-2324224.000000,-15.800781,-0.792297
1,1990,MIN_VALUE,0.000000,0.000000,0.000000,0.000000,0.000000,0.096164,0.000034,0.038148,0.042135,0.003018,0.009956,0.260365,0.079304,0.084309,0.049116,0.097179,0.881923,0.619560,-9.451403,-5.113916,0.975304,3.691553,5.497970,6.580948,0.000000,0.000000,0.000000,0.000000,17506.658203,14336.836914,3169.571533,277.504364,14059.475586,2856.552002,241.460831,51.407322,20.088263,0.000000,4804.933594,1234.099365,340.272339,4464.741699,707.201050,213.934906,92.082664,0.000000,154.903183,44.600048,21.008036,0.000000,16839.396484,11385.878906,2748.968018,1585.469604,1082.161987,7.905389,0.021310,1.728733,25.469481,0.000000,0.000000,0.005890,0.000088,0.005801,0.000000,0.000000,0.000000,-2.113983,0.000000,0.000081,0.000000,0.000001,0.000000,0.000028,0.000000,0.000666,0.000082,0.000000,0.000000,-0.417461,596800.000000,4.000000,0.203443,298400.000000,2.000000,0.101721,298400.000000,2.000000,0.101721,0.000000,0.000000,0.000000,0.000000,0.000000,0.000000,265519.218750,1.779619,0.090513,298400.000000,2.000000,0.101721,2891496.500000,19.380003,0.985681,5926.259766,0.039720,0.002020,252498.250000,1.692348,0.086074,-3078072.750000,-20.630514,-1.049283,0.000000,0.000000,0.000000,0.000000,0.000000,0.000000,0.000000,0.000000,0.000000,32.390400,0.000217,0.000011,0.196091,0.000001,0.000000,5.968181,0.000040,0.000002,64.169350,0.000430,0.000022,0.000000,0.000000,0.000000,0.000000,0.000000,0.000000,0.000000,0.000000,0.000000,0.000000,0.000000,0.000000,0.000000,0.000000,50996043776.000000,41786.335938,17384.027344,42056556544.000000,34461.289063,14336.648438,8939420672.000000,7324.992676,3047.356689,0.000000,0.000000,0.000000,0.000000,0.000000,0.000000,13919632384.000000,11405.794922,4745.059570,3397151488.000000,2783.637939,1158.054077,2031844.375000,1.664900,0.692635,12542.443359,0.010277,0.004276,2228953.250000,1.826412,0.759827,58900336.000000,48.263142,20.078520,0.000000,0.000000,0.000000,0.000000,0.000000,0.000000,0.000000,0.000000,0.000000,10.281326,0.000008,0.000004,0.294010,0.000000,0.000000,15.499783,0.000013,0.000005,650.156860,0.000533,0.000222,0.000000,0.000000,0.000000,0.000000,0.000000,0.000000,0.000000,0.000000,0.000000,0.000000,0.000000,0.000000,0.000000,0.000000,61990568.000000,421.417877,21.131948,552442.312500,3.755556,0.188322,61438168.000000,417.662598,20.943640,0.000000,0.000000,0.000000,0.000000,0.000000,0.000000,22270646.000000,151.397995,7.591834,32393368.000000,220.213242,11.042566,506656.250000,3.444298,0.172714,2424.138184,0.016480,0.000826,315125.500000,2.142254,0.107423,6364804.000000,43.268551,2.169696,0.000000,0.000000,0.000000,0.000000,0.000000,0.000000,0.000000,0.000000,0.000000,0.258615,0.000002,0.000000,0.007765,0.000000,0.000000,0.124497,0.000001,0.000000,4.326155,0.000029,0.000001,0.000000,0.000000,0.000000,0.000000,0.000000,0.000000,0.000000,0.000000,0.000000,0.000000,0.000000,0.000000,0.000000,0.000000,2806400.000000,4.000000,0.956673,1403200.000000,2.000000,0.478336,1403200.000000,2.000000,0.478336,0.000000,0.000000,0.000000,0.000000,0.000000,0.000000,1244202.250000,1.773378,0.424136,1403200.000000,2.000000,0.478336,14229702.000000,20.281786,4.850759,31292.164063,0.044601,0.010667,1181903.375000,1.684583,0.402899,-17768522.000000,-25.325716,-6.057106,0.000000,0.000000,0.000000,0.000000,0.000000,0.000000,0.000000,0.000000,0.000000,181.133011,0.000258,0.000062,1.196074,0.000002,0.000000,31.154854,0.000044,0.000011,332.076874,0.000473,0.000113,0.000000,0.000000,0.000000,0.000000,0.000000,0.000000,0.000000,0.000000,0.000000,0.000000,0.000000,0.000000,0.000000,0.000000,295728864.000000,413.491119,100.810928,45.266602,0.000063,0.000015,295727904.000000,413.489807,100.810600,0.000000,0.000000,0.000000,0.000000,0.000000,0.000000,114721664.000000,160.405014,39.107437,144787520.000000,202.443405,49.356579,2244752.250000,3.138636,0.765213,9024.357422,0.012618,0.003076,1090657.625000,1.524969,0.371794,22271454.000000,31.140177,7.592110,0.000000,0.000000,0.000000,0.000000,0.000000,0.000000,0.000000,0.000000,0.000000,11.258655,0.000016,0.000004,0.173911,0.000000,0.000000,29.616980,0.000041,0.000010,896.225708,0.001253,0.000306,0.000000,0.000000,0.000000,0.000000,0.000000,0.000000,0.000000,0.000000,0.000000,0.000000,0.000000,0.000000,0.000000,0.000000,47202385920.000000,16940.275391,16090.807617,2193876736.000000,14914.186523,747.870056
1,1990,MIN_VALUE_JDAY,10.000000,1.000000,1.000000,1.000000,10.000000,273.000000,266.000000,273.000000,276.000000,289.000000,328.000000,273.000000,273.000000,276.000000,286.000000,316.000000,355.000000,355.000000,355.000000,355.000000,363.000000,363.000000,363.000000,363.000000,10.000000,1.000000,1.000000,1.000000,1.000000,1.000000,1.000000,1.000000,1.000000,1.000000,1.000000,1.000000,1.000000,1.000000,349.000000,262.000000,344.000000,349.000000,262.000000,349.000000,349.000000,1.000000,262.000000,262.000000,349.000000,1.000000,1.000000,1.000000,365.000000,365.000000,365.000000,1.000000,350.000000,1.000000,276.000000,1.000000,1.000000,357.000000,357.000000,357.000000,1.000000,1.000000,1.000000,224.000000,1.000000,274.000000,1.000000,275.000000,1.000000,274.000000,1.000000,274.000000,274.000000,1.000000,1.000000,353.000000,1.000000,1.000000,1.000000,1.000000,1.000000,1.000000,1.000000,1.000000,1.000000,1.000000,1.000000,1.000000,1.000000,1.000000,1.000000,365.000000,365.000000,365.000000,1.000000,1.000000,1.000000,1.000000,1.000000,1.000000,365.000000,365.000000,365.000000,1.000000,1.000000,1.000000,327.000000,327.000000,327.000000,1.000000,1.000000,1.000000,1.000000,1.000000,1.000000,1.000000,1.000000,1.000000,276.000000,276.000000,276.000000,277.000000,277.000000,277.000000,276.000000,276.000000,276.000000,278.000000,278.000000,278.000000,1.000000,1.000000,1.000000,1.000000,1.000000,1.000000,1.000000,1.000000,1.000000,1.000000,1.000000,1.000000,1.000000,1.000000,1.000000,1.000000,1.000000,1.000000,1.000000,1.000000,1.000000,1.000000,1.000000,1.000000,1.000000,1.000000,1.000000,1.000000,1.000000,349.000000,349.000000,349.000000,349.000000,349.000000,349.000000,91.000000,91.000000,91.000000,174.000000,174.000000,174.000000,14.000000,14.000000,14.000000,54.000000,54.000000,54.000000,1.000000,1.000000,1.000000,1.000000,1.000000,1.000000,1.000000,1.000000,1.000000,233.000000,233.000000,233.000000,277.000000,277.000000,277.000000,274.000000,274.000000,274.000000,274.000000,274.000000,274.000000,1.000000,1.000000,1.000000,1.000000,1.000000,1.000000,1.000000,1.000000,1.000000,1.000000,1.000000,1.000000,1.000000,1.000000,1.000000,1.000000,1.000000,365.000000,365.000000,365.000000,1.000000,1.000000,1.000000,1.000000,1.000000,1.000000,1.000000,1.000000,1.000000,262.000000,262.000000,262.000000,262.000000,262.000000,262.000000,163.000000,163.000000,163.000000,204.000000,204.000000,204.000000,11.000000,11.000000,11.000000,86.000000,86.000000,86.000000,1.000000,1.000000,1.000000,1.000000,1.000000,1.000000,1.000000,1.000000,1.000000,274.000000,274.000000,274.000000,275.000000,275.000000,275.000000,274.000000,274.000000,274.000000,274.000000,274.000000,274.000000,1.000000,1.000000,1.000000,1.000000,1.000000,1.000000,1.000000,1.000000,1.000000,1.000000,1.000000,1.000000,1.000000,1.000000,1.000000,1.000000,1.000000,1.000000,1.000000,1.000000,1.000000,1.000000,1.000000,1.000000,1.000000,1.000000,1.000000,1.000000,1.000000,365.000000,365.000000,365.000000,1.000000,1.000000,1.000000,1.000000,1.000000,1.000000,365.000000,365.000000,365.000000,1.000000,1.000000,1.000000,327.000000,327.000000,327.000000,1.000000,1.000000,1.000000,1.000000,1.000000,1.000000,1.000000,1.000000,1.000000,273.000000,273.000000,273.000000,274.000000,274.000000,274.000000,274.000000,274.000000,274.000000,277.000000,277.000000,277.000000,1.000000,1.000000,1.000000,1.000000,1.000000,1.000000,1.000000,1.000000,1.000000,1.000000,1.000000,1.000000,1.000000,1.000000,1.000000,1.000000,1.000000,365.000000,365.000000,365.000000,1.000000,1.000000,1.000000,1.000000,1.000000,1.000000,1.000000,1.000000,1.000000,135.000000,135.000000,135.000000,262.000000,262.000000,262.000000,221.000000,221.000000,221.000000,262.000000,262.000000,262.000000,1.000000,1.000000,1.000000,1.000000,1.000000,1.000000,1.000000,1.000000,1.000000,1.000000,1.000000,1.000000,1.000000,1.000000,1.000000,262.000000,262.000000,262.000000,273.000000,273.000000,273.000000,274.000000,274.000000,274.000000,274.000000,274.000000,274.000000,1.000000,1.000000,1.000000,1.000000,1.000000,1.000000,1.000000,1.000000,1.000000,1.000000,1.000000,1.000000,1.000000,1.000000,1.000000,1.000000,1.000000,364.000000,364.000000,364.000000
1,1990,MAX_VALUE,4.500131,5.298424,5.298424,5.298424,58.883923,10.791997,2.955724,3.490536,1.715397,0.015242,0.016109,5.914370,0.321621,0.256671,0.082706,0.111639,9.889902,3.704672,25.854662,22.254940,16.755184,12.889576,10.830709,9.716056,0.007087,0.000000,0.000000,0.000000,17723.636719,14484.010742,3273.942871,321.000031,14165.752930,2889.330078,302.474487,60.483063,23.783588,0.000000,5030.893066,1328.048218,380.547302,4653.520996,737.500488,218.638046,93.360191,0.000000,209.277176,53.486519,24.657326,0.000000,17368.166016,11948.746094,2770.199463,1592.647339,1091.479370,10.276060,0.024247,1.810558,26.516167,0.000000,0.000000,0.024043,0.000361,0.023683,5.327450,0.072581,0.072582,0.478607,0.000000,0.000920,0.000000,0.000006,0.000000,0.000765,0.000000,0.025827,0.000926,0.000000,0.000000,5.479197,596800.000000,4.000000,0.203443,298400.000000,2.000000,0.101721,298400.000000,2.000000,0.101721,0.000000,0.000000,0.000000,0.000000,0.000000,0.000000,272980.500000,1.829628,0.093056,298400.000000,2.000000,0.101721,3874494.250000,25.968460,1.320775,7244.124023,0.048553,0.002469,262996.250000,1.762709,0.089653,-1381313.750000,-9.258135,-0.470876,0.000000,0.000000,0.000000,0.000000,0.000000,0.000000,0.000000,0.000000,0.000000,313.994904,0.002105,0.000107,2.317455,0.000016,0.000001,73.096695,0.000490,0.000025,794.403198,0.005324,0.000271,0.000000,0.000000,0.000000,0.000000,0.000000,0.000000,0.000000,0.000000,0.000000,0.000000,0.000000,0.000000,0.000000,0.000000,51593195520.000000,42275.640625,17587.589844,42483179520.000000,34810.863281,14482.078125,9110210560.000000,7464.937988,3105.577148,0.000000,0.000000,0.000000,0.000000,0.000000,0.000000,14586000384.000000,11951.819336,4972.217285,3593677312.000000,2944.671631,1225.047607,2974715.500000,2.437492,1.014050,13404.874023,0.010984,0.004570,2342159.750000,1.919174,0.798418,65615956.000000,53.765942,22.367805,4917740.500000,4.029614,1.676407,37405.890625,0.030651,0.012751,37405.800781,0.030650,0.012751,249.143906,0.000204,0.000085,1.016704,0.000001,0.000000,1225.133667,0.001004,0.000418,54995.617188,0.045064,0.018747,0.000000,0.000000,0.000000,0.000000,0.000000,0.000000,0.000000,0.000000,0.000000,0.000000,0.000000,0.000000,0.000000,0.000000,101773608.000000,691.866821,34.693577,18040292.000000,122.639648,6.149750,83733232.000000,569.226563,28.543798,0.000000,0.000000,0.000000,0.000000,0.000000,0.000000,36625684.000000,248.984940,12.485319,49495352.000000,336.474182,16.872456,878788.687500,5.974090,0.299570,3216.862061,0.021869,0.001097,336762.562500,2.289345,0.114799,6810483.000000,46.298321,2.321624,1376830.500000,9.359826,0.469347,19762.177734,0.134345,0.006737,19762.171875,0.134345,0.006737,45.421936,0.000309,0.000015,0.364373,0.000002,0.000000,113.044205,0.000768,0.000039,3426.077637,0.023291,0.001168,0.000000,0.000000,0.000000,0.000000,0.000000,0.000000,0.000000,0.000000,0.000000,0.000000,0.000000,0.000000,0.000000,0.000000,2806400.000000,4.000000,0.956673,1403200.000000,2.000000,0.478336,1403200.000000,2.000000,0.478336,0.000000,0.000000,0.000000,0.000000,0.000000,0.000000,1280104.750000,1.824551,0.436375,1403200.000000,2.000000,0.478336,19152794.000000,27.298737,6.528991,37191.957031,0.053010,0.012678,1239463.250000,1.766624,0.422520,-9459825.000000,-13.483217,-3.224757,0.000000,0.000000,0.000000,0.000000,0.000000,0.000000,0.000000,0.000000,0.000000,1732.531006,0.002469,0.000591,11.152620,0.000016,0.000004,327.883423,0.000467,0.000112,3175.686035,0.004526,0.001083,0.000000,0.000000,0.000000,0.000000,0.000000,0.000000,0.000000,0.000000,0.000000,0.000000,0.000000,0.000000,0.000000,0.000000,493832992.000000,690.482361,168.342590,51687636.000000,72.270180,17.619783,465086240.000000,650.288391,158.543121,0.000000,0.000000,0.000000,0.000000,0.000000,0.000000,143489248.000000,200.628143,48.914009,280382848.000000,392.034180,95.579636,4190644.250000,5.859402,1.428548,11429.681641,0.015981,0.003896,1133001.750000,1.584175,0.386229,23922018.000000,33.448013,8.154770,12561800.000000,17.564037,4.282188,180304.406250,0.252103,0.061464,180305.375000,0.252105,0.061464,358.664642,0.000501,0.000122,2.192252,0.000003,0.000001,510.664948,0.000714,0.000174,14900.559570,0.020834,0.005079,0.000000,0.000000,0.000000,0.000000,0.000000,0.000000,3492109.500000,4.882703,1.190424,7152.000000,53888.964844,0.075348,0.018370,7152.000000,48754548736.000000,17497.326172,16619.923828,2196203776.000000,14930.005859,748.663330
1,1990,MAX_VALUE_JDAY,9.000000,353.000000,353.000000,360.000000,9.000000,9.000000,9.000000,10.000000,11.000000,48.000000,53.000000,11.000000,9.000000,11.000000,76.000000,44.000000,224.000000,165.000000,224.000000,224.000000,224.000000,224.000000,224.000000,224.000000,277.000000,1.000000,1.000000,1.000000,258.000000,349.000000,262.000000,213.000000,349.000000,262.000000,262.000000,349.000000,349.000000,1.000000,1.000000,1.000000,365.000000,1.000000,1.000000,1.000000,365.000000,1.000000,365.000000,365.000000,365.000000,1.000000,365.000000,365.000000,1.000000,1.000000,1.000000,365.000000,1.000000,365.000000,164.000000,1.000000,1.000000,224.000000,224.000000,224.000000,125.000000,125.000000,125.000000,117.000000,1.000000,10.000000,1.000000,10.000000,1.000000,10.000000,1.000000,10.000000,10.000000,1.000000,1.000000,125.000000,1.000000,1.000000,1.000000,1.000000,1.000000,1.000000,1.000000,1.000000,1.000000,1.000000,1.000000,1.000000,1.000000,1.000000,1.000000,1.000000,1.000000,1.000000,1.000000,1.000000,1.000000,352.000000,352.000000,352.000000,1.000000,1.000000,1.000000,354.000000,354.000000,354.000000,74.000000,74.000000,74.000000,1.000000,1.000000,1.000000,1.000000,1.000000,1.000000,1.000000,1.000000,1.000000,10.000000,10.000000,10.000000,11.000000,11.000000,11.000000,11.000000,11.000000,11.000000,12.000000,12.000000,12.000000,1.000000,1.000000,1.000000,1.000000,1.000000,1.000000,1.000000,1.000000,1.000000,1.000000,1.000000,1.000000,1.000000,1.000000,349.000000,349.000000,349.000000,349.000000,349.000000,349.000000,349.000000,349.000000,349.000000,1.000000,1.000000,1.000000,1.000000,1.000000,1.000000,1.000000,1.000000,1.000000,1.000000,1.000000,1.000000,287.000000,287.000000,287.000000,15.000000,15.000000,15.000000,337.000000,337.000000,337.000000,327.000000,327.000000,327.000000,328.000000,328.000000,328.000000,328.000000,328.000000,328.000000,328.000000,328.000000,328.000000,10.000000,10.000000,10.000000,10.000000,10.000000,10.000000,10.000000,10.000000,10.000000,10.000000,10.000000,10.000000,1.000000,1.000000,1.000000,1.000000,1.000000,1.000000,1.000000,1.000000,1.000000,1.000000,1.000000,1.000000,1.000000,1.000000,262.000000,262.000000,262.000000,262.000000,262.000000,262.000000,262.000000,262.000000,262.000000,1.000000,1.000000,1.000000,1.000000,1.000000,1.000000,365.000000,365.000000,365.000000,365.000000,365.000000,365.000000,122.000000,122.000000,122.000000,122.000000,122.000000,122.000000,365.000000,365.000000,365.000000,327.000000,327.000000,327.000000,125.000000,125.000000,125.000000,125.000000,125.000000,125.000000,125.000000,125.000000,125.000000,10.000000,10.000000,10.000000,10.000000,10.000000,10.000000,10.000000,10.000000,10.000000,10.000000,10.000000,10.000000,1.000000,1.000000,1.000000,1.000000,1.000000,1.000000,1.000000,1.000000,1.000000,1.000000,1.000000,1.000000,1.000000,1.000000,1.000000,1.000000,1.000000,1.000000,1.000000,1.000000,1.000000,1.000000,1.000000,1.000000,1.000000,1.000000,1.000000,1.000000,1.000000,1.000000,1.000000,1.000000,1.000000,1.000000,1.000000,352.000000,352.000000,352.000000,1.000000,1.000000,1.000000,365.000000,365.000000,365.000000,54.000000,54.000000,54.000000,1.000000,1.000000,1.000000,1.000000,1.000000,1.000000,1.000000,1.000000,1.000000,10.000000,10.000000,10.000000,11.000000,11.000000,11.000000,10.000000,10.000000,10.000000,12.000000,12.000000,12.000000,1.000000,1.000000,1.000000,1.000000,1.000000,1.000000,1.000000,1.000000,1.000000,1.000000,1.000000,1.000000,1.000000,1.000000,258.000000,258.000000,258.000000,135.000000,135.000000,135.000000,262.000000,262.000000,262.000000,1.000000,1.000000,1.000000,1.000000,1.000000,1.000000,365.000000,365.000000,365.000000,365.000000,365.000000,365.000000,122.000000,122.000000,122.000000,122.000000,122.000000,122.000000,365.000000,365.000000,365.000000,365.000000,365.000000,365.000000,125.000000,125.000000,125.000000,125.000000,125.000000,125.000000,125.000000,125.000000,125.000000,10.000000,10.000000,10.000000,10.000000,10.000000,10.000000,10.000000,10.000000,10.000000,10.000000,10.000000,10.000000,1.000000,1.000000,1.000000,1.000000,1.000000,1.000000,122.000000,122.000000,122.000000,122.000000,136.000000,136.000000,136.000000,61.000000,365.000000,365.000000,365.000000,1.000000,1.000000,1.000000
1,1990,ANNUAL_SUM,29.397604,8.098870,46.988393,8.098232,959.813859,306.622488,50.261317,114.484672,105.332534,2.611987,4.534374,596.020365,61.612600,57.481777,24.228980,37.807356,1588.522854,744.908308,4231.336738,3949.057855,3679.351883,3362.435174,3196.909204,3109.048049,0.214408,0.000000,0.000000,0.000000,6442231.322266,5264344.122070,1177899.781982,111802.994598,5152539.247070,1049071.528564,99964.507233,20784.230957,8066.145437,0.000000,1792315.430176,465076.689331,129563.481964,1662808.735840,262749.093506,78675.689041,33767.743462,0.000000,64782.264313,17186.717999,7906.451365,0.000000,6238141.853516,4253587.417969,1007265.844238,579998.250732,396686.279541,3230.780745,8.158277,645.520452,9519.800953,0.000000,0.000000,5.467172,0.082008,5.385165,320.027503,3.220790,3.220792,-43.830303,0.000000,0.076748,0.000000,0.000588,0.000000,0.042003,0.000000,1.242470,0.077336,0.000000,0.000000,362.615338,217832000.000000,1460.000000,74.256692,108916000.000000,730.000000,37.128346,108916000.000000,730.000000,37.128346,0.000000,0.000000,0.000000,0.000000,0.000000,0.000000,98327090.937500,659.028759,33.518695,108916000.000000,730.000000,37.128346,1221270629.000000,8185.459972,416.318605,2356316.969238,15.793009,0.803244,93737137.515625,628.264996,31.954027,-787815752.000000,-5280.266418,-268.558291,0.000000,0.000000,0.000000,0.000000,0.000000,0.000000,0.000000,0.000000,0.000000,30034.556126,0.201304,0.010238,207.713984,0.001392,0.000071,6451.013028,0.043237,0.002199,76939.334076,0.515679,0.026228,0.000000,0.000000,0.000000,0.000000,0.000000,0.000000,0.000000,0.000000,0.000000,0.000000,0.000000,0.000000,0.000000,0.000000,18730089668608.000000,15347500.562500,6384895.076172,15433904238592.000000,12646594.757813,5261259.324219,3296215569408.000000,2700930.488770,1123646.010010,0.000000,0.000000,0.000000,0.000000,0.000000,0.000000,5198225908736.000000,4259444.371094,1772021.786621,1273119450624.000000,1043198.501953,433993.335938,908650954.375000,744.551749,309.749771,4673194.665039,3.829232,1.593044,833268654.000000,682.783230,284.052721,22693645680.000000,18595.252121,7736.030582,596817752.953125,489.034541,203.449038,4539573.668823,3.719742,1.547494,4539573.704224,3.719742,1.547494,10698.179102,0.008766,0.003647,158.424631,0.000130,0.000054,46716.544991,0.038280,0.015925,2045565.150940,1.676143,0.697312,0.000000,0.000000,0.000000,0.000000,0.000000,0.000000,0.000000,0.000000,0.000000,0.000000,0.000000,0.000000,0.000000,0.000000,29307906600.000000,199237.979950,9990.764303,3126611199.187500,21255.004822,1065.829624,26181298612.000000,177982.995880,8924.935593,0.000000,0.000000,0.000000,0.000000,0.000000,0.000000,10509775298.000000,71446.466980,3582.674371,14321338098.000000,97357.839157,4881.996972,238684453.312500,1622.599952,81.365077,986731.410645,6.707895,0.336367,118512808.906250,805.661519,40.399799,2387329316.000000,16229.295120,813.816024,39782991.798828,270.448620,13.561613,571020.549622,3.881853,0.194655,571020.529114,3.881853,0.194655,2194.568440,0.014919,0.000748,21.499542,0.000146,0.000007,4529.163570,0.030790,0.001544,139985.813379,0.951637,0.047720,0.000000,0.000000,0.000000,0.000000,0.000000,0.000000,0.000000,0.000000,0.000000,0.000000,0.000000,0.000000,0.000000,0.000000,1024336000.000000,1460.000000,349.185611,512168000.000000,730.000000,174.592806,512168000.000000,730.000000,174.592806,0.000000,0.000000,0.000000,0.000000,0.000000,0.000000,460971565.250000,657.029025,157.140469,512168000.000000,730.000000,174.592806,6027587718.000000,8591.202564,2054.742707,12310426.089844,17.546217,4.196498,441275807.125000,628.956396,150.426387,-4825558337.000000,-6877.933784,-1644.983243,0.000000,0.000000,0.000000,0.000000,0.000000,0.000000,0.000000,0.000000,0.000000,160215.472824,0.228357,0.054616,1164.144490,0.001659,0.000397,30807.442432,0.043910,0.010502,341884.797577,0.487293,0.116545,0.000000,0.000000,0.000000,0.000000,0.000000,0.000000,0.000000,0.000000,0.000000,0.000000,0.000000,0.000000,0.000000,0.000000,138352248576.000000,193445.535095,47162.859344,5874790854.769470,8214.193028,2002.655821,132477465056.000000,185231.354248,45160.205482,0.000000,0.000000,0.000000,0.000000,0.000000,0.000000,48793189504.000000,68223.139801,16633.096840,76220002448.000000,106571.591751,25982.615551,1081250579.750000,1511.815686,368.587211,3606680.428711,5.042898,1.229480,406843822.625000,568.853219,138.688877,8458763626.000000,11827.130344,2883.505584,302200040.282593,422.539206,103.016887,4337591.437901,6.064865,1.478640,4337594.920322,6.064870,1.478642,21998.299924,0.030758,0.007499,171.928641,0.000240,0.000059,34710.958008,0.048533,0.011833,1040410.633850,1.454713,0.354665,0.000000,0.000000,0.000000,0.000000,0.000000,0.000000,13968438.000000,19.530813,4.761697,28608.000000,368088.144277,0.514665,0.125477,100128.000000,17498200911872.000000,6279859.619141,5964956.845703,801177815552.000000,5446484.144531,273113.283203
1,1990,ANNUAL_AVERAGE,0.080541,0.022189,0.128735,0.022187,2.629627,0.840062,0.137702,0.313657,0.288582,0.007156,0.012423,1.632933,0.168802,0.157484,0.066381,0.103582,4.352117,2.040845,11.592703,10.819337,10.080416,9.212151,8.758655,8.517940,0.000587,0.000000,0.000000,0.000000,17649.948828,14422.860608,3227.122690,306.309574,14116.545882,2874.168571,273.875362,56.943099,22.099029,0.000000,4910.453233,1274.182710,354.968444,4555.640372,719.860530,215.549833,92.514366,0.000000,177.485656,47.086899,21.661511,0.000000,17090.799599,11653.664159,2759.632450,1589.036303,1086.811725,8.851454,0.022351,1.768549,26.081646,0.000000,0.000000,0.014979,0.000225,0.014754,0.876788,0.008824,0.008824,-0.120083,0.000000,0.000210,0.000000,0.000002,0.000000,0.000115,0.000000,0.003404,0.000212,0.000000,0.000000,0.993467,596800.000000,4.000000,0.203443,298400.000000,2.000000,0.101721,298400.000000,2.000000,0.101721,0.000000,0.000000,0.000000,0.000000,0.000000,0.000000,269389.290240,1.805558,0.091832,298400.000000,2.000000,0.101721,3345946.928767,22.425918,1.140599,6455.662929,0.043269,0.002201,256814.075385,1.721274,0.087545,-2158399.320548,-14.466483,-0.735776,0.000000,0.000000,0.000000,0.000000,0.000000,0.000000,0.000000,0.000000,0.000000,82.286455,0.000552,0.000028,0.569079,0.000004,0.000000,17.674008,0.000118,0.000006,210.792696,0.001413,0.000072,0.000000,0.000000,0.000000,0.000000,0.000000,0.000000,0.000000,0.000000,0.000000,0.000000,0.000000,0.000000,0.000000,0.000000,51315314160.569860,42047.946747,17492.863222,42284669146.827400,34648.204816,14414.409107,9030727587.419178,7399.809558,3078.482219,0.000000,0.000000,0.000000,0.000000,0.000000,0.000000,14241714818.454794,11669.710606,4854.854210,3487998494.860274,2858.078088,1189.022838,2489454.669521,2.039868,0.848630,12803.273055,0.010491,0.004365,2282927.819178,1.870639,0.778227,62174371.726027,50.945896,21.194604,1635117.131378,1.339821,0.557395,12437.188134,0.010191,0.004240,12437.188231,0.010191,0.004240,29.310080,0.000024,0.000010,0.434040,0.000000,0.000000,127.990534,0.000105,0.000044,5604.288085,0.004592,0.001910,0.000000,0.000000,0.000000,0.000000,0.000000,0.000000,0.000000,0.000000,0.000000,0.000000,0.000000,0.000000,0.000000,0.000000,80295634.520548,545.857479,27.371957,8566058.079966,58.232890,2.920081,71729585.238356,487.624646,24.451878,0.000000,0.000000,0.000000,0.000000,0.000000,0.000000,28793904.926027,195.743745,9.815546,39236542.734247,266.733806,13.375334,653930.009075,4.445479,0.222918,2703.373728,0.018378,0.000922,324692.627140,2.207292,0.110684,6540628.263014,44.463822,2.229633,108994.498079,0.740955,0.037155,1564.439862,0.010635,0.000533,1564.439806,0.010635,0.000533,6.012516,0.000041,0.000002,0.058903,0.000000,0.000000,12.408667,0.000084,0.000004,383.522776,0.002607,0.000131,0.000000,0.000000,0.000000,0.000000,0.000000,0.000000,0.000000,0.000000,0.000000,0.000000,0.000000,0.000000,0.000000,0.000000,2806400.000000,4.000000,0.956673,1403200.000000,2.000000,0.478336,1403200.000000,2.000000,0.478336,0.000000,0.000000,0.000000,0.000000,0.000000,0.000000,1262935.795205,1.800080,0.430522,1403200.000000,2.000000,0.478336,16513938.953425,23.537541,5.629432,33727.194767,0.048072,0.011497,1208974.814041,1.723168,0.412127,-13220707.772603,-18.843654,-4.506803,0.000000,0.000000,0.000000,0.000000,0.000000,0.000000,0.000000,0.000000,0.000000,438.946501,0.000626,0.000150,3.189437,0.000005,0.000001,84.403952,0.000120,0.000029,936.670678,0.001335,0.000319,0.000000,0.000000,0.000000,0.000000,0.000000,0.000000,0.000000,0.000000,0.000000,0.000000,0.000000,0.000000,0.000000,0.000000,379047256.372603,529.987767,129.213313,16095317.410327,22.504638,5.486728,362951959.057534,507.483162,123.726590,0.000000,0.000000,0.000000,0.000000,0.000000,0.000000,133679971.243836,186.912712,45.570128,208821924.515069,291.976964,71.185248,2962330.355479,4.141961,1.009828,9881.316243,0.013816,0.003368,1114640.609932,1.558502,0.379970,23174694.865753,32.403097,7.900015,827945.315843,1.157642,0.282238,11883.812159,0.016616,0.004051,11883.821700,0.016616,0.004051,60.269315,0.000084,0.000021,0.471037,0.000001,0.000000,95.098515,0.000133,0.000032,2850.440093,0.003986,0.000972,0.000000,0.000000,0.000000,0.000000,0.000000,0.000000,38269.693151,0.053509,0.013046,78.378082,1008.460669,0.001410,0.000344,274.323288,47940276470.882195,17205.094847,16342.347522,2195007713.841096,14921.874369,748.255570
1,1990,DAY_COUNT,365,365,365,365,365,365,365,365,365,365,365,365,365,365,365,365,365,365,365,365,365,365,365,365,365,365,365,365,365,365,365,365,365,365,365,365,365,365,365,365,365,365,365,365,365,365,365,365,365,365,365,365,365,365,365,365,365,365,365,365,365,365,365,365,365,365,365,365,365,365,365,365,365,365,365,365,365,365,365,365,365,365,365,365,365,365,365,365,365,365,365,365,365,365,365,365,365,365,365,365,365,365,365,365,365,365,365,365,365,365,365,365,365,365,365,365,365,365,365,365,365,365,365,365,365,365,365,365,365,365,365,365,365,365,365,365,365,365,365,365,365,365,365,365,365,365,365,365,365,365,365,365,365,365,365,365,365,365,365,365,365,365,365,365,365,365,365,365,365,365,365,365,365,365,365,365,365,365,365,365,365,365,365,365,365,365,365,365,365,365,365,365,365,365,365,365,365,365,365,365,365,365,365,365,365,365,365,365,365,365,365,365,365,365,365,365,365,365,365,365,365,365,365,365,365,365,365,365,365,365,365,365,365,365,365,365,365,365,365,365,365,365,365,365,365,365,365,365,365,365,365,365,365,365,365,365,365,365,365,365,365,365,365,365,365,365,365,365,365,365,365,365,365,365,365,365,365,365,365,365,365,365,365,365,365,365,365,365,365,365,365,365,365,365,365,365,365,365,365,365,365,365,365,365,365,365,365,365,365,365,365,365,365,365,365,365,365,365,365,365,365,365,365,365,365,365,365,365,365,365,365,365,365,365,365,365,365,365,365,365,365,365,365,365,365,365,365,365,365,365,365,365,365,365,365,365,365,365,365,365,365,365,365,365,365,365,365,365,365,365,365,365,365,365,365,365,365,365,365,365,365,365,365,365,365,365,365,365,365,365,365,365,365,365,365,365,365,365,365,365,365,365,365,365,365,365,365,365,365,365,365,365,365,365,365,365,365,365,365,365,365,365,365,365,365,365
1,1991,INITIAL_VALUE,0.000000,0.000000,0.000000,0.000000,0.000000,0.913171,0.002799,0.326416,0.563574,0.008719,0.011663,2.658608,0.206688,0.228058,0.068388,0.101813,2.896960,2.024616,6.651309,4.104557,2.419967,4.597105,6.042083,6.907789,0.000000,0.000000,0.000000,0.000000,17514.162109,14341.704102,3172.308350,277.618805,14064.573242,2858.393799,242.223007,51.466419,20.100971,0.000000,4942.970215,1325.087402,380.388611,4562.760742,727.525269,216.899460,93.358292,0.000000,209.171906,53.459461,24.654041,0.000000,17368.787109,11949.488281,2748.938477,1585.456543,1082.142578,10.278705,0.021306,1.810668,25.719437,0.000000,0.000000,0.007017,0.000105,0.006912,0.560039,0.004260,0.004260,0.156356,0.000000,0.000319,0.000000,0.000002,0.000000,0.000171,0.000000,0.005526,0.000321,0.000000,0.000000,0.398157,596800.000000,4.000000,0.203443,298400.000000,2.000000,0.101721,298400.000000,2.000000,0.101721,0.000000,0.000000,0.000000,0.000000,0.000000,0.000000,265509.187500,1.779552,0.090509,298400.000000,2.000000,0.101721,3867993.250000,25.924889,1.318559,5921.429688,0.039688,0.002019,262709.281250,1.760786,0.089555,-2874224.250000,-19.264236,-0.979793,0.000000,0.000000,0.000000,0.000000,0.000000,0.000000,0.000000,0.000000,0.000000,138.710419,0.000930,0.000047,0.774366,0.000005,0.000000,28.368017,0.000190,0.000010,411.948486,0.002761,0.000140,0.000000,0.000000,0.000000,0.000000,0.000000,0.000000,0.000000,0.000000,0.000000,0.000000,0.000000,0.000000,0.000000,0.000000,51016900608.000000,41803.425781,17391.136719,42070839296.000000,34472.992188,14341.516602,8945288192.000000,7329.800293,3049.356689,0.000000,0.000000,0.000000,0.000000,0.000000,0.000000,14319698944.000000,11733.611328,4881.438477,3555749888.000000,2913.593994,1212.118652,2827485.500000,2.316851,0.963861,12937.947266,0.010601,0.004410,2339402.250000,1.916914,0.797478,64617332.000000,52.947666,22.027384,1642874.250000,1.346177,0.560039,12496.154297,0.010239,0.004260,12496.173828,0.010239,0.004260,53.051723,0.000043,0.000018,0.540602,0.000000,0.000000,215.923233,0.000177,0.000074,9798.690430,0.008029,0.003340,0.000000,0.000000,0.000000,0.000000,0.000000,0.000000,0.000000,0.000000,0.000000,0.000000,0.000000,0.000000,0.000000,0.000000,62516492.000000,424.993164,21.311230,552442.312500,3.755556,0.188322,61964076.000000,421.237762,21.122917,0.000000,0.000000,0.000000,0.000000,0.000000,0.000000,36588028.000000,248.728943,12.472483,49452144.000000,336.180450,16.857727,774720.187500,5.266623,0.264094,2711.161133,0.018431,0.000924,336792.031250,2.289545,0.114809,6768736.500000,46.014526,2.307393,0.000000,0.000000,0.000000,0.000000,0.000000,0.000000,0.000000,0.000000,0.000000,10.303591,0.000070,0.000004,0.069154,0.000000,0.000000,20.242666,0.000138,0.000007,670.338379,0.004557,0.000229,0.000000,0.000000,0.000000,0.000000,0.000000,0.000000,0.000000,0.000000,0.000000,0.000000,0.000000,0.000000,0.000000,0.000000,2806400.000000,4.000000,0.956673,1403200.000000,2.000000,0.478336,1403200.000000,2.000000,0.478336,0.000000,0.000000,0.000000,0.000000,0.000000,0.000000,1244154.750000,1.773311,0.424120,1403200.000000,2.000000,0.478336,19139232.000000,27.279408,6.524368,31272.527344,0.044573,0.010660,1239480.625000,1.766648,0.422526,-16994336.000000,-24.222258,-5.793194,0.000000,0.000000,0.000000,0.000000,0.000000,0.000000,0.000000,0.000000,0.000000,645.431091,0.000920,0.000220,4.023976,0.000006,0.000001,120.265152,0.000171,0.000041,1639.942383,0.002337,0.000559,0.000000,0.000000,0.000000,0.000000,0.000000,0.000000,0.000000,0.000000,0.000000,0.000000,0.000000,0.000000,0.000000,0.000000,297215200.000000,415.569366,101.317604,45.266602,0.000063,0.000015,297215136.000000,415.569275,101.317589,0.000000,0.000000,0.000000,0.000000,0.000000,0.000000,143336256.000000,200.414215,48.861855,280188608.000000,391.762573,95.513412,3542814.000000,4.953599,1.207709,9661.650391,0.013509,0.003294,1133246.250000,1.584517,0.386312,23930240.000000,33.459507,8.157573,0.000000,0.000000,0.000000,0.000000,0.000000,0.000000,0.000000,0.000000,0.000000,86.968742,0.000122,0.000030,0.478574,0.000001,0.000000,116.379356,0.000163,0.000040,3689.973389,0.005159,0.001258,0.000000,0.000000,0.000000,0.000000,0.000000,0.000000,0.000000,0.000000,0.000000,0.000000,0.000000,0.000000,0.000000,0.000000,48756391936.000000,17497.988281,16620.552734,2193883136.000000,14914.229492,747.872253
1,1991,FINAL_VALUE,0.000000,0.000000,0.000000,0.000000,0.000000,0.339320,0.000402,0.174394,0.153415,0.003037,0.008072,1.251795,0.173771,0.157030,0.051749,0.091100,2.847303,1.713492,6.401116,5.276408,6.041137,6.916416,7.454510,7.762975,0.000000,0.000000,0.000000,0.000000,17520.351563,14346.057617,3174.525391,277.509186,14068.991211,2860.071777,242.775314,51.478115,20.092150,0.000000,4868.126465,1320.463623,384.186218,4484.101563,717.584473,215.118591,93.628548,0.000000,212.819580,54.641727,26.657532,0.000000,17835.992188,12455.217773,2728.802979,1578.758667,1073.388184,12.620782,0.019156,1.891912,25.664446,0.000000,0.000000,0.010130,0.000152,0.009978,0.000000,0.000000,0.000000,0.314865,0.000000,0.000235,0.000000,0.000001,0.000000,0.000078,0.000000,0.002098,0.000236,0.000000,0.000000,-0.316963,596800.000000,4.000000,0.203443,298400.000000,2.000000,0.101721,298400.000000,2.000000,0.101721,0.000000,0.000000,0.000000,0.000000,0.000000,0.000000,258842.406250,1.734869,0.088237,298400.000000,2.000000,0.101721,4826347.500000,32.348175,1.645252,5062.029297,0.033928,0.001726,270805.687500,1.815052,0.092315,-4082405.750000,-27.361969,-1.391650,0.000000,0.000000,0.000000,0.000000,0.000000,0.000000,0.000000,0.000000,0.000000,96.179100,0.000645,0.000033,0.263834,0.000002,0.000000,14.079846,0.000094,0.000005,149.851685,0.001004,0.000051,0.000000,0.000000,0.000000,0.000000,0.000000,0.000000,0.000000,0.000000,0.000000,0.000000,0.000000,0.000000,0.000000,0.000000,51033866240.000000,41817.328125,17396.919922,42083602432.000000,34483.449219,14345.868164,8949916672.000000,7333.592773,3050.934570,0.000000,0.000000,0.000000,0.000000,0.000000,0.000000,14091217920.000000,11546.392578,4803.551270,3522774784.000000,2886.573975,1200.877686,3280429.750000,2.687995,1.118265,12350.836914,0.010120,0.004210,2451667.000000,2.008904,0.835748,69836664.000000,57.224403,23.806601,0.000000,0.000000,0.000000,0.000000,0.000000,0.000000,0.000000,0.000000,0.000000,25.852512,0.000021,0.000009,0.329947,0.000000,0.000000,73.470444,0.000060,0.000025,3124.370117,0.002560,0.001065,0.000000,0.000000,0.000000,0.000000,0.000000,0.000000,0.000000,0.000000,0.000000,0.000000,0.000000,0.000000,0.000000,0.000000,63044044.000000,428.579498,21.491066,552442.750000,3.755559,0.188322,62491592.000000,424.823883,21.302742,0.000000,0.000000,0.000000,0.000000,0.000000,0.000000,38354992.000000,260.740936,13.074822,52648824.000000,357.911804,17.947443,914905.062500,6.219613,0.311882,2531.526123,0.017210,0.000863,354401.000000,2.409252,0.120812,7033432.000000,47.813950,2.397625,0.000000,0.000000,0.000000,0.000000,0.000000,0.000000,0.000000,0.000000,0.000000,4.512818,0.000031,0.000002,0.019874,0.000000,0.000000,9.445575,0.000064,0.000003,256.887115,0.001746,0.000088,0.000000,0.000000,0.000000,0.000000,0.000000,0.000000,0.000000,0.000000,0.000000,0.000000,0.000000,0.000000,0.000000,0.000000,2806400.000000,4.000000,0.956673,1403200.000000,2.000000,0.478336,1403200.000000,2.000000,0.478336,0.000000,0.000000,0.000000,0.000000,0.000000,0.000000,1211997.500000,1.727477,0.413158,1403200.000000,2.000000,0.478336,23992608.000000,34.196991,8.178833,27415.607422,0.039076,0.009346,1293294.875000,1.843351,0.440871,-23118358.000000,-32.950909,-7.880811,0.000000,0.000000,0.000000,0.000000,0.000000,0.000000,0.000000,0.000000,0.000000,510.424469,0.000728,0.000174,1.619796,0.000002,0.000001,67.775742,0.000097,0.000023,708.231445,0.001009,0.000241,0.000000,0.000000,0.000000,0.000000,0.000000,0.000000,0.000000,0.000000,0.000000,0.000000,0.000000,0.000000,0.000000,0.000000,298744480.000000,417.707611,101.838921,10.517980,0.000015,0.000004,298744448.000000,417.707550,101.838913,0.000000,0.000000,0.000000,0.000000,0.000000,0.000000,150449696.000000,210.360321,51.286755,296433952.000000,414.476990,101.051285,4008960.500000,5.605370,1.366613,8835.632813,0.012354,0.003012,1179772.625000,1.649570,0.402172,25617530.000000,35.818695,8.732753,0.000000,0.000000,0.000000,0.000000,0.000000,0.000000,0.000000,0.000000,0.000000,52.666740,0.000074,0.000018,0.215788,0.000000,0.000000,64.267685,0.000090,0.000022,1914.557129,0.002677,0.000653,0.000000,0.000000,0.000000,0.000000,0.000000,0.000000,0.000000,0.000000,0.000000,0.000000,0.000000,0.000000,0.000000,0.000000,50129494016.000000,17990.775391,17088.628906,2192988160.000000,14908.145508,747.567139
1,1991,ANNUAL_DELTA,0.000000,0.000000,0.000000,0.000000,0.000000,-0.573850,-0.002396,-0.152022,-0.410159,-0.005682,-0.003591,-1.406814,-0.032917,-0.071028,-0.016639,-0.010714,-0.049657,-0.311125,-0.250193,1.171851,3.621169,2.319312,1.412427,0.855186,0.000000,0.000000,0.000000,0.000000,6.189453,4.353516,2.217041,-0.109619,4.417969,1.677979,0.552307,0.011696,-0.008821,0.000000,-74.843750,-4.623779,3.797607,-78.659180,-9.940796,-1.780869,0.270256,0.000000,3.647675,1.182266,2.003490,0.000000,467.205078,505.729492,-20.135498,-6.697876,-8.754395,2.342077,-0.002151,0.081244,-0.054991,0.000000,0.000000,0.003113,0.000047,0.003066,-0.560039,-0.004260,-0.004260,0.158510,0.000000,-0.000083,0.000000,-0.000001,0.000000,-0.000093,0.000000,-0.003428,-0.000085,0.000000,0.000000,-0.715120,0.000000,0.000000,0.000000,0.000000,0.000000,0.000000,0.000000,0.000000,0.000000,0.000000,0.000000,0.000000,0.000000,0.000000,0.000000,-6666.781250,-0.044683,-0.002273,0.000000,0.000000,0.000000,958354.250000,6.423286,0.326693,-859.400391,-0.005760,-0.000293,8096.406250,0.054265,0.002760,-1208181.500000,-8.097733,-0.411857,0.000000,0.000000,0.000000,0.000000,0.000000,0.000000,0.000000,0.000000,0.000000,-42.531319,-0.000285,-0.000014,-0.510532,-0.000003,-0.000000,-14.288171,-0.000096,-0.000005,-262.096802,-0.001757,-0.000089,0.000000,0.000000,0.000000,0.000000,0.000000,0.000000,0.000000,0.000000,0.000000,0.000000,0.000000,0.000000,0.000000,0.000000,16965632.000000,13.902344,5.783203,12763136.000000,10.457031,4.351563,4628480.000000,3.792480,1.577881,0.000000,0.000000,0.000000,0.000000,0.000000,0.000000,-228481024.000000,-187.218750,-77.887207,-32975104.000000,-27.020020,-11.240967,452944.250000,0.371144,0.154404,-587.110352,-0.000481,-0.000200,112264.750000,0.091990,0.038270,5219332.000000,4.276737,1.779217,-1642874.250000,-1.346177,-0.560039,-12496.154297,-0.010239,-0.004260,-12496.173828,-0.010239,-0.004260,-27.199211,-0.000022,-0.000009,-0.210655,-0.000000,-0.000000,-142.452789,-0.000117,-0.000049,-6674.320313,-0.005469,-0.002275,0.000000,0.000000,0.000000,0.000000,0.000000,0.000000,0.000000,0.000000,0.000000,0.000000,0.000000,0.000000,0.000000,0.000000,527552.000000,3.586334,0.179836,0.437500,0.000003,0.000000,527516.000000,3.586121,0.179825,0.000000,0.000000,0.000000,0.000000,0.000000,0.000000,1766964.000000,12.011993,0.602340,3196680.000000,21.731354,1.089716,140184.875000,0.952991,0.047788,-179.635010,-0.001221,-0.000061,17608.968750,0.119708,0.006003,264695.500000,1.799423,0.090232,0.000000,0.000000,0.000000,0.000000,0.000000,0.000000,0.000000,0.000000,0.000000,-5.790772,-0.000039,-0.000002,-0.049281,-0.000000,-0.000000,-10.797091,-0.000073,-0.000004,-413.451263,-0.002811,-0.000141,0.000000,0.000000,0.000000,0.000000,0.000000,0.000000,0.000000,0.000000,0.000000,0.000000,0.000000,0.000000,0.000000,0.000000,0.000000,0.000000,0.000000,0.000000,0.000000,0.000000,0.000000,0.000000,0.000000,0.000000,0.000000,0.000000,0.000000,0.000000,0.000000,-32157.250000,-0.045834,-0.010962,0.000000,0.000000,0.000000,4853376.000000,6.917583,1.654465,-3856.919922,-0.005497,-0.001315,53814.250000,0.076702,0.018345,-6124022.000000,-8.728651,-2.087616,0.000000,0.000000,0.000000,0.000000,0.000000,0.000000,0.000000,0.000000,0.000000,-135.006622,-0.000192,-0.000046,-2.404180,-0.000003,-0.000001,-52.489410,-0.000075,-0.000018,-931.710938,-0.001328,-0.000318,0.000000,0.000000,0.000000,0.000000,0.000000,0.000000,0.000000,0.000000,0.000000,0.000000,0.000000,0.000000,0.000000,0.000000,1529280.000000,2.138245,0.521317,-34.748622,-0.000049,-0.000012,1529312.000000,2.138275,0.521324,0.000000,0.000000,0.000000,0.000000,0.000000,0.000000,7113440.000000,9.946106,2.424900,16245344.000000,22.714417,5.537872,466146.500000,0.651771,0.158904,-826.017578,-0.001155,-0.000282,46526.375000,0.065054,0.015860,1687290.000000,2.359188,0.575180,0.000000,0.000000,0.000000,0.000000,0.000000,0.000000,0.000000,0.000000,0.000000,-34.302002,-0.000048,-0.000012,-0.262786,-0.000000,-0.000000,-52.111671,-0.000073,-0.000018,-1775.416260,-0.002482,-0.000605,0.000000,0.000000,0.000000,0.000000,0.000000,0.000000,0.000000,0.000000,0.000000,0.000000,0.000000,0.000000,0.000000,0.000000,1373102080.000000,492.787109,468.076172,-894976.000000,-6.083984,-0.305115
1,1991,MIN_VALUE,0.000000,0.000000,0.000000,0.000000,0.000000,0.071582,0.000039,0.025342,0.032909,0.002670,0.008072,0.276956,0.072584,0.080696,0.047011,0.090518,1.736476,0.615681,-0.549863,0.683027,2.419967,4.597105,6.042083,6.907789,0.000000,0.000000,0.000000,0.000000,17514.162109,14341.704102,3172.308350,277.509186,14064.573242,2858.393799,242.223007,51.466419,20.092150,0.000000,4737.398438,1228.747925,346.014587,4391.373535,696.564575,212.113495,92.386009,0.000000,158.610138,45.711411,23.109344,0.000000,17368.787109,11949.488281,2728.802979,1578.758667,1073.388184,10.278705,0.019156,1.810668,25.451994,0.000000,0.000000,0.007017,0.000105,0.006912,0.000000,0.000000,0.000000,-1.695636,0.000000,0.000091,0.000000,0.000000,0.000000,0.000024,0.000000,0.000583,0.000091,0.000000,0.000000,-0.380058,596800.000000,4.000000,0.203443,298400.000000,2.000000,0.101721,298400.000000,2.000000,0.101721,0.000000,0.000000,0.000000,0.000000,0.000000,0.000000,258842.406250,1.734869,0.088237,298400.000000,2.000000,0.101721,3867993.250000,25.924889,1.318559,5062.029297,0.033928,0.001726,262494.500000,1.759347,0.089482,-4089855.750000,-27.411903,-1.394190,0.000000,0.000000,0.000000,0.000000,0.000000,0.000000,0.000000,0.000000,0.000000,35.185562,0.000236,0.000012,0.133663,0.000001,0.000000,5.360104,0.000036,0.000002,61.175705,0.000410,0.000021,0.000000,0.000000,0.000000,0.000000,0.000000,0.000000,0.000000,0.000000,0.000000,0.000000,0.000000,0.000000,0.000000,0.000000,51016900608.000000,41803.425781,17391.136719,42070839296.000000,34472.992188,14341.516602,8945288192.000000,7329.800293,3049.356689,0.000000,0.000000,0.000000,0.000000,0.000000,0.000000,13711474688.000000,11235.230469,4674.101074,3369435136.000000,2760.927002,1148.605835,2388428.000000,1.957086,0.814191,12213.377930,0.010008,0.004163,2339402.250000,1.916914,0.797478,63970436.000000,52.417599,21.806864,0.000000,0.000000,0.000000,0.000000,0.000000,0.000000,0.000000,0.000000,0.000000,11.206587,0.000009,0.000004,0.279312,0.000000,0.000000,15.050344,0.000012,0.000005,639.944153,0.000524,0.000218,0.000000,0.000000,0.000000,0.000000,0.000000,0.000000,0.000000,0.000000,0.000000,0.000000,0.000000,0.000000,0.000000,0.000000,62516492.000000,424.993164,21.311230,552442.312500,3.755556,0.188322,61964076.000000,421.237762,21.122917,0.000000,0.000000,0.000000,0.000000,0.000000,0.000000,23893870.000000,162.432831,8.145175,35192508.000000,239.242050,11.996763,667258.500000,4.536088,0.227462,2382.013916,0.016193,0.000812,336575.187500,2.288071,0.114735,6617700.000000,44.987762,2.255906,0.000000,0.000000,0.000000,0.000000,0.000000,0.000000,0.000000,0.000000,0.000000,0.288061,0.000002,0.000000,0.006738,0.000000,0.000000,0.123602,0.000001,0.000000,4.266380,0.000029,0.000001,0.000000,0.000000,0.000000,0.000000,0.000000,0.000000,0.000000,0.000000,0.000000,0.000000,0.000000,0.000000,0.000000,0.000000,2806400.000000,4.000000,0.956673,1403200.000000,2.000000,0.478336,1403200.000000,2.000000,0.478336,0.000000,0.000000,0.000000,0.000000,0.000000,0.000000,1211997.500000,1.727477,0.413158,1403200.000000,2.000000,0.478336,19139232.000000,27.279408,6.524368,27415.607422,0.039076,0.009346,1239480.625000,1.766648,0.422526,-23118358.000000,-32.950909,-7.880811,0.000000,0.000000,0.000000,0.000000,0.000000,0.000000,0.000000,0.000000,0.000000,203.044373,0.000289,0.000069,0.870088,0.000001,0.000000,28.630579,0.000041,0.000010,319.338257,0.000455,0.000109,0.000000,0.000000,0.000000,0.000000,0.000000,0.000000,0.000000,0.000000,0.000000,0.000000,0.000000,0.000000,0.000000,0.000000,297215200.000000,415.569366,101.317604,10.517980,0.000015,0.000004,297215136.000000,415.569275,101.317589,0.000000,0.000000,0.000000,0.000000,0.000000,0.000000,117183264.000000,163.846848,39.946571,165294368.000000,231.116302,56.347153,2781165.000000,3.888654,0.948071,8574.213867,0.011989,0.002923,1133246.250000,1.584517,0.386312,23930240.000000,33.459507,8.157573,0.000000,0.000000,0.000000,0.000000,0.000000,0.000000,0.000000,0.000000,0.000000,14.653826,0.000020,0.000005,0.147560,0.000000,0.000000,21.553057,0.000030,0.000007,652.043152,0.000912,0.000222,0.000000,0.000000,0.000000,0.000000,0.000000,0.000000,0.000000,0.000000,0.000000,0.000000,0.000000,0.000000,0.000000,0.000000,48756391936.000000,17497.988281,16620.552734,2192900096.000000,14907.545898,747.537048
1,1991,MIN_VALUE_JDAY,1.000000,1.000000,1.000000,1.000000,1.000000,293.000000,288.000000,293.000000,297.000000,321.000000,365.000000,293.000000,293.000000,296.000000,319.000000,319.000000,5.000000,289.000000,5.000000,5.000000,1.000000,1.000000,1.000000,1.000000,1.000000,1.000000,1.000000,1.000000,1.000000,1.000000,1.000000,365.000000,1.000000,1.000000,1.000000,1.000000,365.000000,1.000000,349.000000,262.000000,346.000000,349.000000,262.000000,262.000000,349.000000,1.000000,262.000000,262.000000,349.000000,1.000000,1.000000,1.000000,365.000000,365.000000,365.000000,1.000000,353.000000,1.000000,294.000000,1.000000,1.000000,1.000000,1.000000,1.000000,350.000000,350.000000,350.000000,204.000000,1.000000,294.000000,1.000000,294.000000,1.000000,294.000000,1.000000,294.000000,294.000000,1.000000,1.000000,350.000000,1.000000,1.000000,1.000000,1.000000,1.000000,1.000000,1.000000,1.000000,1.000000,1.000000,1.000000,1.000000,1.000000,1.000000,1.000000,365.000000,365.000000,365.000000,1.000000,1.000000,1.000000,1.000000,1.000000,1.000000,365.000000,365.000000,365.000000,31.000000,31.000000,31.000000,323.000000,323.000000,323.000000,1.000000,1.000000,1.000000,1.000000,1.000000,1.000000,1.000000,1.000000,1.000000,297.000000,297.000000,297.000000,298.000000,298.000000,298.000000,298.000000,298.000000,298.000000,309.000000,309.000000,309.000000,1.000000,1.000000,1.000000,1.000000,1.000000,1.000000,1.000000,1.000000,1.000000,1.000000,1.000000,1.000000,1.000000,1.000000,1.000000,1.000000,1.000000,1.000000,1.000000,1.000000,1.000000,1.000000,1.000000,1.000000,1.000000,1.000000,1.000000,1.000000,1.000000,349.000000,349.000000,349.000000,349.000000,349.000000,349.000000,121.000000,121.000000,121.000000,183.000000,183.000000,183.000000,1.000000,1.000000,1.000000,75.000000,75.000000,75.000000,350.000000,350.000000,350.000000,350.000000,350.000000,350.000000,350.000000,350.000000,350.000000,205.000000,205.000000,205.000000,298.000000,298.000000,298.000000,289.000000,289.000000,289.000000,289.000000,289.000000,289.000000,1.000000,1.000000,1.000000,1.000000,1.000000,1.000000,1.000000,1.000000,1.000000,1.000000,1.000000,1.000000,1.000000,1.000000,1.000000,1.000000,1.000000,1.000000,1.000000,1.000000,1.000000,1.000000,1.000000,1.000000,1.000000,1.000000,1.000000,1.000000,1.000000,262.000000,262.000000,262.000000,262.000000,262.000000,262.000000,186.000000,186.000000,186.000000,211.000000,211.000000,211.000000,64.000000,64.000000,64.000000,120.000000,120.000000,120.000000,1.000000,1.000000,1.000000,1.000000,1.000000,1.000000,1.000000,1.000000,1.000000,294.000000,294.000000,294.000000,297.000000,297.000000,297.000000,294.000000,294.000000,294.000000,294.000000,294.000000,294.000000,1.000000,1.000000,1.000000,1.000000,1.000000,1.000000,1.000000,1.000000,1.000000,1.000000,1.000000,1.000000,1.000000,1.000000,1.000000,1.000000,1.000000,1.000000,1.000000,1.000000,1.000000,1.000000,1.000000,1.000000,1.000000,1.000000,1.000000,1.000000,1.000000,365.000000,365.000000,365.000000,1.000000,1.000000,1.000000,1.000000,1.000000,1.000000,365.000000,365.000000,365.000000,1.000000,1.000000,1.000000,365.000000,365.000000,365.000000,1.000000,1.000000,1.000000,1.000000,1.000000,1.000000,1.000000,1.000000,1.000000,293.000000,293.000000,293.000000,296.000000,296.000000,296.000000,294.000000,294.000000,294.000000,304.000000,304.000000,304.000000,1.000000,1.000000,1.000000,1.000000,1.000000,1.000000,1.000000,1.000000,1.000000,1.000000,1.000000,1.000000,1.000000,1.000000,1.000000,1.000000,1.000000,365.000000,365.000000,365.000000,1.000000,1.000000,1.000000,1.000000,1.000000,1.000000,1.000000,1.000000,1.000000,152.000000,152.000000,152.000000,262.000000,262.000000,262.000000,259.000000,259.000000,259.000000,262.000000,262.000000,262.000000,1.000000,1.000000,1.000000,1.000000,1.000000,1.000000,1.000000,1.000000,1.000000,1.000000,1.000000,1.000000,1.000000,1.000000,1.000000,262.000000,262.000000,262.000000,293.000000,293.000000,293.000000,293.000000,293.000000,293.000000,294.000000,294.000000,294.000000,1.000000,1.000000,1.000000,1.000000,1.000000,1.000000,1.000000,1.000000,1.000000,1.000000,1.000000,1.000000,1.000000,1.000000,1.000000,1.000000,1.000000,307.000000,307.000000,307.000000
1,1991,MAX_VALUE,2.022273,0.000000,0.000000,0.000000,48.793079,6.159653,2.451466,2.678579,1.287069,0.022200,0.014115,5.142472,0.290889,0.261545,0.088428,0.105515,8.933902,3.862401,24.146761,20.543972,15.714573,12.318415,10.506955,9.526507,0.005244,0.000000,0.000000,0.000000,17747.287109,14484.786133,3281.048584,325.139526,14167.599609,2892.418457,305.477905,60.281487,23.685308,0.000000,4942.970215,1325.087402,384.186218,4562.760742,727.525269,216.899460,93.628548,0.000000,212.819580,54.641727,26.657532,0.000000,17835.992188,12455.217773,2748.938477,1585.456543,1082.142578,12.620782,0.021306,1.891912,26.253962,0.000000,0.000000,0.024055,0.000361,0.023694,4.849605,0.065805,0.065806,0.519773,0.000000,0.000859,0.000000,0.000003,0.000000,0.000491,0.000000,0.015650,0.000862,0.000000,0.000000,4.473707,596800.000000,4.000000,0.203443,298400.000000,2.000000,0.101721,298400.000000,2.000000,0.101721,0.000000,0.000000,0.000000,0.000000,0.000000,0.000000,265509.187500,1.779552,0.090509,298400.000000,2.000000,0.101721,4826347.500000,32.348175,1.645252,5921.429688,0.039688,0.002019,270985.093750,1.816254,0.092376,-2676907.500000,-17.941738,-0.912530,0.000000,0.000000,0.000000,0.000000,0.000000,0.000000,0.000000,0.000000,0.000000,351.134247,0.002353,0.000120,1.214664,0.000008,0.000000,58.410995,0.000391,0.000020,789.106873,0.005289,0.000269,0.000000,0.000000,0.000000,0.000000,0.000000,0.000000,0.000000,0.000000,0.000000,0.000000,0.000000,0.000000,0.000000,0.000000,51595784192.000000,42277.765625,17588.472656,42484953088.000000,34812.320313,14482.683594,9110792192.000000,7465.414551,3105.775391,0.000000,0.000000,0.000000,0.000000,0.000000,0.000000,14319698944.000000,11733.611328,4881.438477,3555749888.000000,2913.593994,1212.118652,3433463.250000,2.813392,1.170432,12937.947266,0.010601,0.004410,2451667.000000,2.008904,0.835748,69836664.000000,57.224403,23.806601,4568434.000000,3.743391,1.557332,34748.824219,0.028473,0.011846,34748.843750,0.028473,0.011846,101.120209,0.000083,0.000034,0.616176,0.000001,0.000000,748.285889,0.000613,0.000255,31259.021484,0.025614,0.010656,0.000000,0.000000,0.000000,0.000000,0.000000,0.000000,0.000000,0.000000,0.000000,0.000000,0.000000,0.000000,0.000000,0.000000,102475040.000000,696.635193,34.932686,18117480.000000,123.164375,6.176063,84357688.000000,573.471680,28.756668,0.000000,0.000000,0.000000,0.000000,0.000000,0.000000,38354992.000000,260.740936,13.074822,52648824.000000,357.911804,17.947443,1081882.750000,7.354744,0.368803,3029.869141,0.020597,0.001033,354401.000000,2.409252,0.120812,7033432.000000,47.813950,2.397625,1337699.250000,9.093808,0.456008,19200.521484,0.130527,0.006545,19200.480469,0.130527,0.006545,62.892014,0.000428,0.000021,0.343842,0.000002,0.000000,87.044136,0.000592,0.000030,2278.155762,0.015487,0.000777,0.000000,0.000000,0.000000,0.000000,0.000000,0.000000,0.000000,0.000000,0.000000,0.000000,0.000000,0.000000,0.000000,0.000000,2806400.000000,4.000000,0.956673,1403200.000000,2.000000,0.478336,1403200.000000,2.000000,0.478336,0.000000,0.000000,0.000000,0.000000,0.000000,0.000000,1244154.750000,1.773311,0.424120,1403200.000000,2.000000,0.478336,23992608.000000,34.196991,8.178833,31272.527344,0.044573,0.010660,1293294.875000,1.843351,0.440871,-16210658.000000,-23.105270,-5.526047,0.000000,0.000000,0.000000,0.000000,0.000000,0.000000,0.000000,0.000000,0.000000,1676.853027,0.002390,0.000572,6.240262,0.000009,0.000002,249.051544,0.000355,0.000085,3103.549316,0.004424,0.001058,0.000000,0.000000,0.000000,0.000000,0.000000,0.000000,0.000000,0.000000,0.000000,0.000000,0.000000,0.000000,0.000000,0.000000,498357312.000000,696.808289,169.884888,56915492.000000,79.579826,19.401907,466813248.000000,652.703064,159.131836,0.000000,0.000000,0.000000,0.000000,0.000000,0.000000,150921600.000000,211.020142,51.447620,296433952.000000,414.476990,101.051285,4953426.500000,6.925932,1.688572,10383.592773,0.014518,0.003540,1179772.625000,1.649570,0.402172,25617530.000000,35.818695,8.732753,11358377.000000,15.881399,3.871954,163031.171875,0.227952,0.055576,163031.218750,0.227952,0.055576,478.212402,0.000669,0.000163,1.867801,0.000003,0.000001,355.764038,0.000497,0.000121,10004.895508,0.013989,0.003411,0.000000,0.000000,0.000000,0.000000,0.000000,0.000000,3492109.500000,4.882703,1.190424,7152.000000,59565.441406,0.083285,0.020305,7152.000000,50129494016.000000,17990.775391,17088.628906,2193883136.000000,14914.229492,747.872253
1,1991,MAX_VALUE_JDAY,94.000000,1.000000,1.000000,1.000000,94.000000,94.000000,94.000000,95.000000,65.000000,103.000000,105.000000,98.000000,94.000000,64.000000,102.000000,100.000000,204.000000,242.000000,204.000000,204.000000,233.000000,233.000000,233.000000,233.000000,94.000000,1.000000,1.000000,1.000000,258.000000,349.000000,262.000000,166.000000,349.000000,262.000000,262.000000,349.000000,349.000000,1.000000,1.000000,1.000000,365.000000,1.000000,1.000000,1.000000,365.000000,1.000000,365.000000,365.000000,365.000000,1.000000,365.000000,365.000000,1.000000,1.000000,1.000000,365.000000,1.000000,365.000000,156.000000,1.000000,1.000000,221.000000,221.000000,221.000000,144.000000,144.000000,144.000000,113.000000,1.000000,96.000000,1.000000,64.000000,1.000000,95.000000,1.000000,96.000000,96.000000,1.000000,1.000000,144.000000,1.000000,1.000000,1.000000,1.000000,1.000000,1.000000,1.000000,1.000000,1.000000,1.000000,1.000000,1.000000,1.000000,1.000000,1.000000,1.000000,1.000000,1.000000,1.000000,1.000000,1.000000,365.000000,365.000000,365.000000,1.000000,1.000000,1.000000,346.000000,346.000000,346.000000,101.000000,101.000000,101.000000,1.000000,1.000000,1.000000,1.000000,1.000000,1.000000,1.000000,1.000000,1.000000,96.000000,96.000000,96.000000,65.000000,65.000000,65.000000,96.000000,96.000000,96.000000,100.000000,100.000000,100.000000,1.000000,1.000000,1.000000,1.000000,1.000000,1.000000,1.000000,1.000000,1.000000,1.000000,1.000000,1.000000,1.000000,1.000000,349.000000,349.000000,349.000000,349.000000,349.000000,349.000000,349.000000,349.000000,349.000000,1.000000,1.000000,1.000000,1.000000,1.000000,1.000000,1.000000,1.000000,1.000000,1.000000,1.000000,1.000000,309.000000,309.000000,309.000000,1.000000,1.000000,1.000000,365.000000,365.000000,365.000000,365.000000,365.000000,365.000000,323.000000,323.000000,323.000000,323.000000,323.000000,323.000000,323.000000,323.000000,323.000000,13.000000,13.000000,13.000000,63.000000,63.000000,63.000000,95.000000,95.000000,95.000000,95.000000,95.000000,95.000000,1.000000,1.000000,1.000000,1.000000,1.000000,1.000000,1.000000,1.000000,1.000000,1.000000,1.000000,1.000000,1.000000,1.000000,262.000000,262.000000,262.000000,262.000000,262.000000,262.000000,262.000000,262.000000,262.000000,1.000000,1.000000,1.000000,1.000000,1.000000,1.000000,365.000000,365.000000,365.000000,365.000000,365.000000,365.000000,138.000000,138.000000,138.000000,138.000000,138.000000,138.000000,365.000000,365.000000,365.000000,365.000000,365.000000,365.000000,152.000000,152.000000,152.000000,152.000000,152.000000,152.000000,152.000000,152.000000,152.000000,95.000000,95.000000,95.000000,95.000000,95.000000,95.000000,95.000000,95.000000,95.000000,95.000000,95.000000,95.000000,1.000000,1.000000,1.000000,1.000000,1.000000,1.000000,1.000000,1.000000,1.000000,1.000000,1.000000,1.000000,1.000000,1.000000,1.000000,1.000000,1.000000,1.000000,1.000000,1.000000,1.000000,1.000000,1.000000,1.000000,1.000000,1.000000,1.000000,1.000000,1.000000,1.000000,1.000000,1.000000,1.000000,1.000000,1.000000,365.000000,365.000000,365.000000,1.000000,1.000000,1.000000,365.000000,365.000000,365.000000,101.000000,101.000000,101.000000,1.000000,1.000000,1.000000,1.000000,1.000000,1.000000,1.000000,1.000000,1.000000,96.000000,96.000000,96.000000,65.000000,65.000000,65.000000,96.000000,96.000000,96.000000,99.000000,99.000000,99.000000,1.000000,1.000000,1.000000,1.000000,1.000000,1.000000,1.000000,1.000000,1.000000,1.000000,1.000000,1.000000,1.000000,1.000000,258.000000,258.000000,258.000000,152.000000,152.000000,152.000000,262.000000,262.000000,262.000000,1.000000,1.000000,1.000000,1.000000,1.000000,1.000000,259.000000,259.000000,259.000000,365.000000,365.000000,365.000000,137.000000,137.000000,137.000000,135.000000,135.000000,135.000000,365.000000,365.000000,365.000000,365.000000,365.000000,365.000000,144.000000,144.000000,144.000000,144.000000,144.000000,144.000000,144.000000,144.000000,144.000000,95.000000,95.000000,95.000000,95.000000,95.000000,95.000000,95.000000,95.000000,95.000000,96.000000,96.000000,96.000000,1.000000,1.000000,1.000000,1.000000,1.000000,1.000000,122.000000,122.000000,122.000000,122.000000,153.000000,153.000000,153.000000,61.000000,365.000000,365.000000,365.000000,1.000000,1.000000,1.000000
1,1991,ANNUAL_SUM,23.467803,0.000000,0.000000,0.000000,822.954807,277.321893,43.073549,101.055000,102.820457,3.026030,3.879052,583.079268,59.124193,56.807640,24.155116,35.557570,1545.998431,719.989023,4179.369110,3876.858517,3594.712812,3315.624709,3171.100139,3094.352031,0.180125,0.000000,0.000000,0.000000,6446400.037109,5267583.941406,1178874.966309,112157.526642,5155436.374023,1049705.713623,100158.670807,20876.756195,8107.986771,0.000000,1763116.615723,463836.367310,130823.795837,1632335.716797,259125.187866,77997.102722,33884.666504,0.000000,66453.853806,17670.082172,8698.155338,0.000000,6418015.699219,4447471.391602,999702.570557,577477.837646,393395.878418,4080.130979,7.274993,675.242225,9440.283993,0.000000,0.000000,5.425581,0.081384,5.344196,314.688610,3.181568,3.181570,-4.989801,0.000000,0.090252,0.000000,0.000446,0.000000,0.039433,0.000000,1.167911,0.090698,0.000000,0.000000,318.510502,217832000.000000,1460.000000,74.256692,108916000.000000,730.000000,37.128346,108916000.000000,730.000000,37.128346,0.000000,0.000000,0.000000,0.000000,0.000000,0.000000,95762248.609375,641.838126,32.644366,108916000.000000,730.000000,37.128346,1560962633.250000,10462.216043,532.116119,1956937.446777,13.116203,0.667100,96956753.312500,649.844188,33.051561,-1205481500.250000,-8079.634727,-410.936254,0.000000,0.000000,0.000000,0.000000,0.000000,0.000000,0.000000,0.000000,0.000000,35658.667793,0.238999,0.012156,147.391461,0.000988,0.000050,6328.857834,0.042419,0.002157,82317.792412,0.551728,0.028061,0.000000,0.000000,0.000000,0.000000,0.000000,0.000000,0.000000,0.000000,0.000000,0.000000,0.000000,0.000000,0.000000,0.000000,18743752171520.000000,15358695.664063,6389552.462891,15443697508352.000000,12654619.386719,5264597.765625,3300088260608.000000,2704103.783203,1124966.169434,0.000000,0.000000,0.000000,0.000000,0.000000,0.000000,5109857364992.000000,4187034.884766,1741897.858887,1260177783552.000000,1032594.055664,429581.655151,1038332545.250000,850.813297,353.956894,4533763.019531,3.714981,1.545513,871494192.750000,714.105369,297.083413,24286078828.000000,19900.097374,8278.874691,580552641.898438,475.706854,197.904429,4415856.929077,3.618369,1.505320,4415857.115784,3.618369,1.505320,9989.639748,0.008186,0.003405,139.860638,0.000115,0.000048,43207.935310,0.035405,0.014729,1890174.497192,1.548816,0.644341,0.000000,0.000000,0.000000,0.000000,0.000000,0.000000,0.000000,0.000000,0.000000,0.000000,0.000000,0.000000,0.000000,0.000000,28967672616.000000,196925.037445,9874.781874,2892631161.500000,19664.385733,986.068228,26075047560.000000,177260.689362,8888.715809,0.000000,0.000000,0.000000,0.000000,0.000000,0.000000,11286054190.000000,76723.685822,3847.299881,15594358176.000000,106011.952438,5315.956429,304398641.625000,2069.331348,103.766368,956982.031982,6.505656,0.326225,125192110.375000,851.068051,42.676704,2477194393.500000,16840.206635,844.450108,39958585.497681,271.642321,13.621471,573540.788161,3.898986,0.195514,573540.711104,3.898985,0.195514,2770.937733,0.018837,0.000945,19.797860,0.000135,0.000007,4407.251730,0.029961,0.001502,133015.895319,0.904255,0.045344,0.000000,0.000000,0.000000,0.000000,0.000000,0.000000,0.000000,0.000000,0.000000,0.000000,0.000000,0.000000,0.000000,0.000000,1024336000.000000,1460.000000,349.185611,512168000.000000,730.000000,174.592806,512168000.000000,730.000000,174.592806,0.000000,0.000000,0.000000,0.000000,0.000000,0.000000,448630060.500000,639.438512,152.933377,512168000.000000,730.000000,174.592806,7751414092.000000,11048.195663,2642.377385,10517095.230469,14.990159,3.585170,462015839.500000,658.517445,157.496451,-7000412818.000000,-9977.783361,-2386.368776,0.000000,0.000000,0.000000,0.000000,0.000000,0.000000,0.000000,0.000000,0.000000,190754.187897,0.271885,0.065026,856.746257,0.001221,0.000292,29910.658670,0.042632,0.010196,357328.378479,0.509305,0.121810,0.000000,0.000000,0.000000,0.000000,0.000000,0.000000,0.000000,0.000000,0.000000,0.000000,0.000000,0.000000,0.000000,0.000000,137371265824.000000,192073.920044,46828.452202,5815490513.899816,8131.278655,1982.440934,131555775328.000000,183942.640259,44846.012154,0.000000,0.000000,0.000000,0.000000,0.000000,0.000000,50735594616.000000,70939.030502,17295.242748,84251393392.000000,117801.164932,28720.434048,1314087197.000000,1837.370238,447.958818,3377488.954102,4.722440,1.151351,425171054.250000,594.478543,144.936442,9135726448.000000,12773.666710,3114.275249,302627883.250000,423.137421,103.162735,4343731.550781,6.073450,1.480733,4343733.533203,6.073453,1.480734,25582.618815,0.035770,0.008721,144.055045,0.000201,0.000049,31823.523291,0.044496,0.010848,963229.894470,1.346798,0.328355,0.000000,0.000000,0.000000,0.000000,0.000000,0.000000,13968438.000000,19.530813,4.761697,28608.000000,361281.542130,0.505148,0.123157,100128.000000,18026757066752.000000,6469551.050781,6145136.224609,800552931328.000000,5442236.122070,272900.266968
1,1991,ANNUAL_AVERAGE,0.064295,0.000000,0.000000,0.000000,2.254671,0.759786,0.118010,0.276863,0.281700,0.008290,0.010628,1.597477,0.161984,0.155637,0.066178,0.097418,4.235612,1.972573,11.450326,10.621530,9.848528,9.083903,8.687946,8.477677,0.000493,0.000000,0.000000,0.000000,17661.369965,14431.736826,3229.794428,307.280895,14124.483217,2875.906065,274.407317,57.196592,22.213662,0.000000,4830.456481,1270.784568,358.421358,4472.152649,709.932022,213.690692,92.834703,0.000000,182.065353,48.411184,23.830563,0.000000,17583.604655,12184.853128,2738.911152,1582.131062,1077.796927,11.178441,0.019931,1.849979,25.863792,0.000000,0.000000,0.014865,0.000223,0.014642,0.862161,0.008717,0.008717,-0.013671,0.000000,0.000247,0.000000,0.000001,0.000000,0.000108,0.000000,0.003200,0.000248,0.000000,0.000000,0.872632,596800.000000,4.000000,0.203443,298400.000000,2.000000,0.101721,298400.000000,2.000000,0.101721,0.000000,0.000000,0.000000,0.000000,0.000000,0.000000,262362.324957,1.758461,0.089437,298400.000000,2.000000,0.101721,4276609.954110,28.663606,1.457852,5361.472457,0.035935,0.001828,265634.940582,1.780395,0.090552,-3302689.041781,-22.135986,-1.125853,0.000000,0.000000,0.000000,0.000000,0.000000,0.000000,0.000000,0.000000,0.000000,97.694980,0.000655,0.000033,0.403812,0.000003,0.000000,17.339337,0.000116,0.000006,225.528198,0.001512,0.000077,0.000000,0.000000,0.000000,0.000000,0.000000,0.000000,0.000000,0.000000,0.000000,0.000000,0.000000,0.000000,0.000000,0.000000,51352745675.397260,42078.618258,17505.623186,42311500022.882195,34670.190101,14423.555522,9041337700.295890,7408.503516,3082.099094,0.000000,0.000000,0.000000,0.000000,0.000000,0.000000,13999609219.156164,11471.328451,4772.322901,3452541872.745205,2829.024810,1176.936042,2844746.699315,2.330995,0.969745,12421.268547,0.010178,0.004234,2387655.322603,1.956453,0.813927,66537202.268493,54.520815,22.681848,1590555.183283,1.303306,0.542204,12098.238162,0.009913,0.004124,12098.238673,0.009913,0.004124,27.368876,0.000022,0.000009,0.383180,0.000000,0.000000,118.377905,0.000097,0.000040,5178.560266,0.004243,0.001765,0.000000,0.000000,0.000000,0.000000,0.000000,0.000000,0.000000,0.000000,0.000000,0.000000,0.000000,0.000000,0.000000,0.000000,79363486.619178,539.520651,27.054197,7925016.880822,53.875029,2.701557,71438486.465753,485.645724,24.352646,0.000000,0.000000,0.000000,0.000000,0.000000,0.000000,30920696.410959,210.201879,10.540548,42724268.975342,290.443705,14.564264,833968.881164,5.669401,0.284291,2621.868581,0.017824,0.000894,342992.083219,2.331693,0.116922,6786833.954795,46.137552,2.313562,109475.576706,0.744226,0.037319,1571.344625,0.010682,0.000536,1571.344414,0.010682,0.000536,7.591610,0.000052,0.000003,0.054241,0.000000,0.000000,12.074662,0.000082,0.000004,364.427110,0.002477,0.000124,0.000000,0.000000,0.000000,0.000000,0.000000,0.000000,0.000000,0.000000,0.000000,0.000000,0.000000,0.000000,0.000000,0.000000,2806400.000000,4.000000,0.956673,1403200.000000,2.000000,0.478336,1403200.000000,2.000000,0.478336,0.000000,0.000000,0.000000,0.000000,0.000000,0.000000,1229123.453425,1.751886,0.418996,1403200.000000,2.000000,0.478336,21236750.936986,30.269029,7.239390,28813.959536,0.041069,0.009822,1265796.820548,1.804157,0.431497,-19179213.200000,-27.336393,-6.537997,0.000000,0.000000,0.000000,0.000000,0.000000,0.000000,0.000000,0.000000,0.000000,522.614213,0.000745,0.000178,2.347250,0.000003,0.000001,81.947010,0.000117,0.000028,978.981859,0.001395,0.000334,0.000000,0.000000,0.000000,0.000000,0.000000,0.000000,0.000000,0.000000,0.000000,0.000000,0.000000,0.000000,0.000000,0.000000,376359632.394521,526.229918,128.297129,15932850.723013,22.277476,5.431345,360426781.720548,503.952439,122.865787,0.000000,0.000000,0.000000,0.000000,0.000000,0.000000,139001629.084932,194.353508,47.384227,230825735.320548,322.742918,78.686121,3600238.895890,5.033891,1.227284,9253.394395,0.012938,0.003154,1164852.203425,1.628708,0.397086,25029387.528767,34.996347,8.532261,829117.488356,1.159281,0.282638,11900.634386,0.016640,0.004057,11900.639817,0.016640,0.004057,70.089367,0.000098,0.000024,0.394671,0.000001,0.000000,87.187735,0.000122,0.000030,2638.986012,0.003690,0.000900,0.000000,0.000000,0.000000,0.000000,0.000000,0.000000,38269.693151,0.053509,0.013046,78.378082,989.812444,0.001384,0.000337,274.323288,49388375525.347946,17724.797399,16835.989656,2193295702.268493,14910.235951,747.671964
1,1991,DAY_COUNT,365,365,365,365,365,365,365,365,365,365,365,365,365,365,365,365,365,365,365,365,365,365,365,365,365,365,365,365,365,365,365,365,365,365,365,365,365,365,365,365,365,365,365,365,365,365,365,365,365,365,365,365,365,365,365,365,365,365,365,365,365,365,365,365,365,365,365,365,365,365,365,365,365,365,365,365,365,365,365,365,365,365,365,365,365,365,365,365,365,365,365,365,365,365,365,365,365,365,365,365,365,365,365,365,365,365,365,365,365,365,365,365,365,365,365,365,365,365,365,365,365,365,365,365,365,365,365,365,365,365,365,365,365,365,365,365,365,365,365,365,365,365,365,365,365,365,365,365,365,365,365,365,365,365,365,365,365,365,365,365,365,365,365,365,365,365,365,365,365,365,365,365,365,365,365,365,365,365,365,365,365,365,365,365,365,365,365,365,365,365,365,365,365,365,365,365,365,365,365,365,365,365,365,365,365,365,365,365,365,365,365,365,365,365,365,365,365,365,365,365,365,365,365,365,365,365,365,365,365,365,365,365,365,365,365,365,365,365,365,365,365,365,365,365,365,365,365,365,365,365,365,365,365,365,365,365,365,365,365,365,365,365,365,365,365,365,365,365,365,365,365,365,365,365,365,365,365,365,365,365,365,365,365,365,365,365,365,365,365,365,365,365,365,365,365,365,365,365,365,365,365,365,365,365,365,365,365,365,365,365,365,365,365,365,365,365,365,365,365,365,365,365,365,365,365,365,365,365,365,365,365,365,365,365,365,365,365,365,365,365,365,365,365,365,365,365,365,365,365,365,365,365,365,365,365,365,365,365,365,365,365,365,365,365,365,365,365,365,365,365,365,365,365,365,365,365,365,365,365,365,365,365,365,365,365,365,365,365,365,365,365,365,365,365,365,365,365,365,365,365,365,365,365,365,365,365,365,365,365,365,365,365,365,365,365,365,365,365,365,365,365,365,365,365,365,365
1,1992,INITIAL_VALUE,0.131626,0.000000,0.000000,0.000000,6.401116,0.798537,0.318322,0.186773,0.150723,0.003025,0.008069,1.253926,0.182250,0.156772,0.051790,0.091072,3.008475,1.815066,7.201984,5.690572,6.087299,6.944245,7.470763,7.772435,0.001793,0.000000,0.000000,0.000000,17521.072266,14346.567383,3174.743896,277.652679,14069.352539,2860.133789,242.886642,51.510571,20.105957,0.000000,4867.520020,1320.152344,384.020386,4483.673828,717.484619,215.102722,93.626671,0.000000,212.657135,54.613613,26.654270,0.000000,17836.566406,12455.858398,2728.762451,1578.745605,1073.366821,12.626984,0.019153,1.892060,25.667456,0.000000,0.000000,0.010236,0.000154,0.010083,0.738888,0.005620,0.005620,0.309092,0.000000,0.000235,0.000000,0.000001,0.000000,0.000078,0.000000,0.002069,0.000236,0.000000,0.000000,0.427727,596800.000000,4.000000,0.203443,298400.000000,2.000000,0.101721,298400.000000,2.000000,0.101721,0.000000,0.000000,0.000000,0.000000,0.000000,0.000000,258832.156250,1.734800,0.088233,298400.000000,2.000000,0.101721,4827799.000000,32.357903,1.645747,5060.376953,0.033917,0.001725,270802.843750,1.815032,0.092314,-4083709.500000,-27.370707,-1.392095,0.000000,0.000000,0.000000,0.000000,0.000000,0.000000,0.000000,0.000000,0.000000,95.105896,0.000637,0.000032,0.261388,0.000002,0.000000,13.911861,0.000093,0.000005,148.251877,0.000994,0.000051,0.000000,0.000000,0.000000,0.000000,0.000000,0.000000,0.000000,0.000000,0.000000,0.000000,0.000000,0.000000,0.000000,0.000000,51035979776.000000,41819.058594,17397.640625,42085097472.000000,34484.675781,14346.376953,8950539264.000000,7334.103027,3051.146729,0.000000,0.000000,0.000000,0.000000,0.000000,0.000000,14089686016.000000,11545.137695,4803.029297,3522252800.000000,2886.146240,1200.699829,3277920.750000,2.685940,1.117409,12348.349609,0.010118,0.004209,2451974.250000,2.009156,0.835853,69850912.000000,57.236080,23.811459,2167529.000000,1.776081,0.738888,16486.857422,0.013509,0.005620,16486.828125,0.013509,0.005620,24.720556,0.000020,0.000008,0.329487,0.000000,0.000000,72.008545,0.000059,0.000025,3043.460449,0.002494,0.001037,0.000000,0.000000,0.000000,0.000000,0.000000,0.000000,0.000000,0.000000,0.000000,0.000000,0.000000,0.000000,0.000000,0.000000,63044044.000000,428.579498,21.491066,552442.750000,3.755559,0.188322,62491592.000000,424.823883,21.302742,0.000000,0.000000,0.000000,0.000000,0.000000,0.000000,38311932.000000,260.448212,13.060143,52588344.000000,357.500641,17.926826,916981.437500,6.233728,0.312590,2532.891357,0.017219,0.000863,354420.218750,2.409383,0.120818,7033542.000000,47.814697,2.397662,0.000000,0.000000,0.000000,0.000000,0.000000,0.000000,0.000000,0.000000,0.000000,4.691050,0.000032,0.000002,0.020466,0.000000,0.000000,9.769082,0.000066,0.000003,263.661316,0.001792,0.000090,0.000000,0.000000,0.000000,0.000000,0.000000,0.000000,0.000000,0.000000,0.000000,0.000000,0.000000,0.000000,0.000000,0.000000,2806400.000000,4.000000,0.956673,1403200.000000,2.000000,0.478336,1403200.000000,2.000000,0.478336,0.000000,0.000000,0.000000,0.000000,0.000000,0.000000,1211949.500000,1.727408,0.413141,1403200.000000,2.000000,0.478336,24000044.000000,34.207588,8.181368,27408.111328,0.039065,0.009343,1293315.625000,1.843380,0.440878,-23125124.000000,-32.960552,-7.883117,0.000000,0.000000,0.000000,0.000000,0.000000,0.000000,0.000000,0.000000,0.000000,510.318848,0.000727,0.000174,1.611466,0.000002,0.000001,67.451950,0.000096,0.000023,700.956665,0.000999,0.000239,0.000000,0.000000,0.000000,0.000000,0.000000,0.000000,0.000000,0.000000,0.000000,0.000000,0.000000,0.000000,0.000000,0.000000,298744480.000000,417.707611,101.838921,10.517980,0.000015,0.000004,298744448.000000,417.707550,101.838913,0.000000,0.000000,0.000000,0.000000,0.000000,0.000000,150275808.000000,210.117172,51.227474,296105216.000000,414.017365,100.939224,4018913.750000,5.619287,1.370006,8838.625000,0.012358,0.003013,1179866.250000,1.649701,0.402204,25620242.000000,35.822487,8.733677,0.000000,0.000000,0.000000,0.000000,0.000000,0.000000,0.000000,0.000000,0.000000,53.620476,0.000075,0.000018,0.218054,0.000000,0.000000,64.483765,0.000090,0.000022,1913.856079,0.002676,0.000652,0.000000,0.000000,0.000000,0.000000,0.000000,0.000000,0.000000,0.000000,0.000000,0.000000,0.000000,0.000000,0.000000,0.000000,50131169280.000000,17991.375000,17089.199219,2192989696.000000,14908.155273,747.567627
1,1992,FINAL_VALUE,0.000000,0.000000,0.000000,0.000000,0.000000,0.599878,0.001051,0.315255,0.273773,0.003143,0.006656,1.773231,0.202135,0.187883,0.051616,0.086593,1.637408,1.092513,-1.350041,0.686575,4.106363,5.701480,6.726399,7.327274,0.000000,0.000000,0.000000,0.000000,17527.660156,14350.691406,3177.315918,277.847473,14073.362305,2861.963867,243.643448,51.524361,20.094622,0.000000,4779.732910,1314.344360,382.645752,4397.232910,706.839722,213.737396,94.099030,0.000000,214.676117,56.094120,28.887882,0.000000,18305.404297,12957.610352,2708.638916,1572.781372,1065.002075,15.313376,0.018027,1.979949,25.832573,0.000000,0.000000,0.008565,0.000128,0.008437,0.805693,0.011564,0.011564,0.415756,0.000000,0.000391,0.000000,0.000001,0.000000,0.000127,0.000000,0.003872,0.000392,0.000000,0.000000,0.386065,596800.000000,4.000000,0.203443,298400.000000,2.000000,0.101721,298400.000000,2.000000,0.101721,0.000000,0.000000,0.000000,0.000000,0.000000,0.000000,252125.875000,1.689852,0.085947,298400.000000,2.000000,0.101721,5912660.000000,39.629086,2.015565,4541.156250,0.030437,0.001548,281258.062500,1.885108,0.095878,-5334274.000000,-35.752506,-1.818399,0.000000,0.000000,0.000000,0.000000,0.000000,0.000000,0.000000,0.000000,0.000000,160.045715,0.001073,0.000055,0.282188,0.000002,0.000000,20.394009,0.000137,0.000007,233.172424,0.001563,0.000079,0.000000,0.000000,0.000000,0.000000,0.000000,0.000000,0.000000,0.000000,0.000000,0.000000,0.000000,0.000000,0.000000,0.000000,51051515904.000000,41831.789063,17402.937500,42096824320.000000,34494.285156,14350.375000,8954924032.000000,7337.695801,3052.641602,0.000000,0.000000,0.000000,0.000000,0.000000,0.000000,13830089728.000000,11332.423828,4714.535645,3487325952.000000,2857.527100,1188.793579,3887332.750000,3.185294,1.325152,12276.215820,0.010059,0.004185,2576803.000000,2.111441,0.878406,76013408.000000,62.285648,25.912189,0.000000,0.000000,0.000000,0.000000,0.000000,0.000000,0.000000,0.000000,0.000000,51.911652,0.000043,0.000018,0.335735,0.000000,0.000000,147.788055,0.000121,0.000050,6756.607910,0.005536,0.002303,0.000000,0.000000,0.000000,0.000000,0.000000,0.000000,0.000000,0.000000,0.000000,0.000000,0.000000,0.000000,0.000000,0.000000,64079248.000000,435.616913,21.843958,763197.500000,5.188290,0.260166,63316108.000000,430.429016,21.583811,0.000000,0.000000,0.000000,0.000000,0.000000,0.000000,37900736.000000,257.652863,12.919971,53335848.000000,362.582245,18.181643,1106248.250000,7.520382,0.377109,2518.013916,0.017118,0.000858,372789.093750,2.534256,0.127080,7407966.500000,50.360069,2.525300,479444.343750,3.259309,0.163438,6881.657227,0.046782,0.002346,6881.645020,0.046782,0.002346,10.282523,0.000070,0.000004,0.023923,0.000000,0.000000,16.912134,0.000115,0.000006,478.417603,0.003252,0.000163,0.000000,0.000000,0.000000,0.000000,0.000000,0.000000,0.000000,0.000000,0.000000,0.000000,0.000000,0.000000,0.000000,0.000000,2806400.000000,4.000000,0.956673,1403200.000000,2.000000,0.478336,1403200.000000,2.000000,0.478336,0.000000,0.000000,0.000000,0.000000,0.000000,0.000000,1179404.875000,1.681022,0.402047,1403200.000000,2.000000,0.478336,29492924.000000,42.036667,10.053835,24958.783203,0.035574,0.008508,1353301.000000,1.928878,0.461326,-29550762.000000,-42.119102,-10.073551,0.000000,0.000000,0.000000,0.000000,0.000000,0.000000,0.000000,0.000000,0.000000,840.708618,0.001198,0.000287,1.704847,0.000002,0.000001,95.353004,0.000136,0.000033,1025.317627,0.001461,0.000350,0.000000,0.000000,0.000000,0.000000,0.000000,0.000000,0.000000,0.000000,0.000000,0.000000,0.000000,0.000000,0.000000,0.000000,301879936.000000,422.091644,102.907776,828200.687500,1.157999,0.282325,301051840.000000,420.933746,102.625473,0.000000,0.000000,0.000000,0.000000,0.000000,0.000000,152768672.000000,213.602737,52.077271,313272384.000000,438.020691,106.791344,4522777.000000,6.323793,1.541768,8589.797852,0.012010,0.002928,1224076.500000,1.711516,0.417275,27244238.000000,38.093174,9.287280,1884052.125000,2.634301,0.642254,27042.501953,0.037811,0.009219,27042.457031,0.037811,0.009218,83.130157,0.000116,0.000028,0.223528,0.000000,0.000000,93.390717,0.000131,0.000032,2863.703613,0.004004,0.000976,0.000000,0.000000,0.000000,0.000000,0.000000,0.000000,0.000000,0.000000,0.000000,0.000000,0.000000,0.000000,0.000000,0.000000,51504594944.000000,18484.279297,17557.386719,2193590016.000000,14912.236328,747.772278
1,1992,ANNUAL_DELTA,-0.131626,0.000000,0.000000,0.000000,-6.401116,-0.198660,-0.317271,0.128483,0.123050,0.000118,-0.001413,0.519305,0.019885,0.031110,-0.000174,-0.004479,-1.371066,-0.722552,-8.552025,-5.003997,-1.980936,-1.242765,-0.744364,-0.445161,-0.001793,0.000000,0.000000,0.000000,6.587891,4.124023,2.572021,0.194794,4.009766,1.830078,0.756805,0.013790,-0.011335,0.000000,-87.787109,-5.807983,-1.374634,-86.440918,-10.644897,-1.365326,0.472359,0.000000,2.018982,1.480507,2.233612,0.000000,468.837891,501.751953,-20.123535,-5.964233,-8.364746,2.686393,-0.001126,0.087889,0.165117,0.000000,0.000000,-0.001671,-0.000025,-0.001646,0.066805,0.005944,0.005944,0.106664,0.000000,0.000156,0.000000,0.000000,0.000000,0.000050,0.000000,0.001802,0.000156,0.000000,0.000000,-0.041662,0.000000,0.000000,0.000000,0.000000,0.000000,0.000000,0.000000,0.000000,0.000000,0.000000,0.000000,0.000000,0.000000,0.000000,0.000000,-6706.281250,-0.044948,-0.002286,0.000000,0.000000,0.000000,1084861.000000,7.271183,0.369818,-519.220703,-0.003480,-0.000177,10455.218750,0.070075,0.003564,-1250564.500000,-8.381800,-0.426304,0.000000,0.000000,0.000000,0.000000,0.000000,0.000000,0.000000,0.000000,0.000000,64.939819,0.000435,0.000022,0.020801,0.000000,0.000000,6.482147,0.000043,0.000002,84.920547,0.000569,0.000029,0.000000,0.000000,0.000000,0.000000,0.000000,0.000000,0.000000,0.000000,0.000000,0.000000,0.000000,0.000000,0.000000,0.000000,15536128.000000,12.730469,5.296875,11726848.000000,9.609375,3.998047,4384768.000000,3.592773,1.494873,0.000000,0.000000,0.000000,0.000000,0.000000,0.000000,-259596288.000000,-212.713867,-88.493652,-34926848.000000,-28.619141,-11.906250,609412.000000,0.499354,0.207742,-72.133789,-0.000059,-0.000025,124828.750000,0.102285,0.042553,6162496.000000,5.049568,2.100731,-2167529.000000,-1.776081,-0.738888,-16486.857422,-0.013509,-0.005620,-16486.828125,-0.013509,-0.005620,27.191095,0.000022,0.000009,0.006249,0.000000,0.000000,75.779510,0.000062,0.000026,3713.147461,0.003043,0.001266,0.000000,0.000000,0.000000,0.000000,0.000000,0.000000,0.000000,0.000000,0.000000,0.000000,0.000000,0.000000,0.000000,0.000000,1035204.000000,7.037415,0.352892,210754.750000,1.432731,0.071844,824516.000000,5.605133,0.281069,0.000000,0.000000,0.000000,0.000000,0.000000,0.000000,-411196.000000,-2.795349,-0.140172,747504.000000,5.081604,0.254816,189266.812500,1.286654,0.064519,-14.877441,-0.000101,-0.000005,18368.875000,0.124873,0.006262,374424.500000,2.545372,0.127637,479444.343750,3.259309,0.163438,6881.657227,0.046782,0.002346,6881.645020,0.046782,0.002346,5.591474,0.000038,0.000002,0.003457,0.000000,0.000000,7.143052,0.000049,0.000002,214.756287,0.001460,0.000073,0.000000,0.000000,0.000000,0.000000,0.000000,0.000000,0.000000,0.000000,0.000000,0.000000,0.000000,0.000000,0.000000,0.000000,0.000000,0.000000,0.000000,0.000000,0.000000,0.000000,0.000000,0.000000,0.000000,0.000000,0.000000,0.000000,0.000000,0.000000,0.000000,-32544.625000,-0.046386,-0.011094,0.000000,0.000000,0.000000,5492880.000000,7.829079,1.872467,-2449.328125,-0.003491,-0.000835,59985.375000,0.085498,0.020448,-6425638.000000,-9.158550,-2.190434,0.000000,0.000000,0.000000,0.000000,0.000000,0.000000,0.000000,0.000000,0.000000,330.389771,0.000471,0.000113,0.093380,0.000000,0.000000,27.901054,0.000040,0.000010,324.360962,0.000462,0.000111,0.000000,0.000000,0.000000,0.000000,0.000000,0.000000,0.000000,0.000000,0.000000,0.000000,0.000000,0.000000,0.000000,0.000000,3135456.000000,4.384033,1.068855,828190.169520,1.157984,0.282322,2307392.000000,3.226196,0.786560,0.000000,0.000000,0.000000,0.000000,0.000000,0.000000,2492864.000000,3.485565,0.849796,17167168.000000,24.003326,5.852119,503863.250000,0.704507,0.171762,-248.827148,-0.000348,-0.000085,44210.250000,0.061815,0.015071,1623996.000000,2.270687,0.553603,1884052.125000,2.634301,0.642254,27042.501953,0.037811,0.009219,27042.457031,0.037811,0.009218,29.509682,0.000041,0.000010,0.005474,0.000000,0.000000,28.906952,0.000040,0.000010,949.847534,0.001328,0.000324,0.000000,0.000000,0.000000,0.000000,0.000000,0.000000,0.000000,0.000000,0.000000,0.000000,0.000000,0.000000,0.000000,0.000000,1373425664.000000,492.904297,468.187500,600320.000000,4.081055,0.204651
1,1992,MIN_VALUE,0.000000,0.000000,0.000000,0.000000,0.000000,0.089279,0.000052,0.029841,0.037221,0.002068,0.006539,0.351397,0.086398,0.086136,0.041973,0.084457,1.637408,0.698481,-1.350041,0.686575,4.106363,5.701480,6.726399,7.327274,0.000000,0.000000,0.000000,0.000000,17521.072266,14346.567383,3174.743896,277.652679,14069.352539,2860.133789,242.886642,51.510571,20.094622,0.000000,4650.163574,1220.460449,344.768127,4305.265625,685.125366,210.849655,92.874092,0.000000,158.632095,47.416340,25.397095,0.000000,17836.566406,12455.858398,2708.638916,1572.781372,1065.002075,12.626984,0.018027,1.892060,25.577576,0.000000,0.000000,0.008565,0.000128,0.008437,0.000000,0.000000,0.000000,-1.435113,0.000000,0.000118,0.000000,0.000000,0.000000,0.000028,0.000000,0.000657,0.000118,0.000000,0.000000,-0.427388,596800.000000,4.000000,0.203443,298400.000000,2.000000,0.101721,298400.000000,2.000000,0.101721,0.000000,0.000000,0.000000,0.000000,0.000000,0.000000,252125.875000,1.689852,0.085947,298400.000000,2.000000,0.101721,4827799.000000,32.357903,1.645747,4541.156250,0.030437,0.001548,270802.843750,1.815032,0.092314,-5442460.500000,-36.477619,-1.855279,0.000000,0.000000,0.000000,0.000000,0.000000,0.000000,0.000000,0.000000,0.000000,46.482502,0.000312,0.000016,0.116466,0.000001,0.000000,6.271751,0.000042,0.000002,65.375969,0.000438,0.000022,0.000000,0.000000,0.000000,0.000000,0.000000,0.000000,0.000000,0.000000,0.000000,0.000000,0.000000,0.000000,0.000000,0.000000,51035979776.000000,41819.058594,17397.640625,42085097472.000000,34484.675781,14346.376953,8950539264.000000,7334.103027,3051.146729,0.000000,0.000000,0.000000,0.000000,0.000000,0.000000,13453855744.000000,11024.136719,4586.281250,3337044480.000000,2734.385742,1137.564087,2831042.500000,2.319766,0.965073,12111.817383,0.009924,0.004129,2451974.250000,2.009156,0.835853,69644512.000000,57.066956,23.741098,0.000000,0.000000,0.000000,0.000000,0.000000,0.000000,0.000000,0.000000,0.000000,12.366378,0.000010,0.000004,0.272646,0.000000,0.000000,16.214531,0.000013,0.000006,712.186462,0.000584,0.000243,0.000000,0.000000,0.000000,0.000000,0.000000,0.000000,0.000000,0.000000,0.000000,0.000000,0.000000,0.000000,0.000000,0.000000,63044044.000000,428.579498,21.491066,552442.375000,3.755557,0.188322,62491592.000000,424.823883,21.302742,0.000000,0.000000,0.000000,0.000000,0.000000,0.000000,24413682.000000,165.966568,8.322373,37486780.000000,254.838730,12.778857,794471.625000,5.400895,0.270827,2380.608643,0.016184,0.000812,353609.312500,2.403870,0.120542,6959326.500000,47.310173,2.372363,0.000000,0.000000,0.000000,0.000000,0.000000,0.000000,0.000000,0.000000,0.000000,0.304397,0.000002,0.000000,0.005978,0.000000,0.000000,0.123038,0.000001,0.000000,4.255278,0.000029,0.000001,0.000000,0.000000,0.000000,0.000000,0.000000,0.000000,0.000000,0.000000,0.000000,0.000000,0.000000,0.000000,0.000000,0.000000,2806400.000000,4.000000,0.956673,1403200.000000,2.000000,0.478336,1403200.000000,2.000000,0.478336,0.000000,0.000000,0.000000,0.000000,0.000000,0.000000,1179404.875000,1.681022,0.402047,1403200.000000,2.000000,0.478336,24000044.000000,34.207588,8.181368,24958.783203,0.035574,0.008508,1293315.625000,1.843380,0.440878,-29884184.000000,-42.594334,-10.187211,0.000000,0.000000,0.000000,0.000000,0.000000,0.000000,0.000000,0.000000,0.000000,270.843018,0.000386,0.000092,0.792225,0.000001,0.000000,33.309914,0.000047,0.000011,342.867798,0.000489,0.000117,0.000000,0.000000,0.000000,0.000000,0.000000,0.000000,0.000000,0.000000,0.000000,0.000000,0.000000,0.000000,0.000000,0.000000,298744480.000000,417.707611,101.838921,7.770714,0.000011,0.000003,298744448.000000,417.707550,101.838913,0.000000,0.000000,0.000000,0.000000,0.000000,0.000000,126127072.000000,176.352173,42.995422,166144432.000000,232.304855,56.636932,3217280.500000,4.498435,1.096738,8390.512695,0.011732,0.002860,1179866.250000,1.649701,0.402204,25620242.000000,35.822487,8.733677,0.000000,0.000000,0.000000,0.000000,0.000000,0.000000,0.000000,0.000000,0.000000,15.317074,0.000021,0.000005,0.136603,0.000000,0.000000,22.159052,0.000031,0.000008,678.087158,0.000948,0.000231,0.000000,0.000000,0.000000,0.000000,0.000000,0.000000,0.000000,0.000000,0.000000,0.000000,0.000000,0.000000,0.000000,0.000000,50131169280.000000,17991.375000,17089.199219,2192967680.000000,14908.006836,747.560181
1,1992,MIN_VALUE_JDAY,5.000000,1.000000,1.000000,1.000000,5.000000,162.000000,295.000000,163.000000,180.000000,312.000000,346.000000,179.000000,163.000000,180.000000,304.000000,311.000000,366.000000,289.000000,366.000000,366.000000,366.000000,366.000000,366.000000,366.000000,5.000000,1.000000,1.000000,1.000000,1.000000,1.000000,1.000000,1.000000,1.000000,1.000000,1.000000,1.000000,366.000000,1.000000,349.000000,262.000000,335.000000,349.000000,262.000000,262.000000,349.000000,1.000000,262.000000,262.000000,349.000000,1.000000,1.000000,1.000000,366.000000,366.000000,366.000000,1.000000,366.000000,1.000000,298.000000,1.000000,1.000000,366.000000,366.000000,366.000000,350.000000,350.000000,350.000000,226.000000,1.000000,179.000000,1.000000,302.000000,1.000000,164.000000,1.000000,164.000000,179.000000,1.000000,1.000000,365.000000,1.000000,1.000000,1.000000,1.000000,1.000000,1.000000,1.000000,1.000000,1.000000,1.000000,1.000000,1.000000,1.000000,1.000000,1.000000,366.000000,366.000000,366.000000,1.000000,1.000000,1.000000,1.000000,1.000000,1.000000,366.000000,366.000000,366.000000,1.000000,1.000000,1.000000,312.000000,312.000000,312.000000,1.000000,1.000000,1.000000,1.000000,1.000000,1.000000,1.000000,1.000000,1.000000,178.000000,178.000000,178.000000,304.000000,304.000000,304.000000,304.000000,304.000000,304.000000,306.000000,306.000000,306.000000,1.000000,1.000000,1.000000,1.000000,1.000000,1.000000,1.000000,1.000000,1.000000,1.000000,1.000000,1.000000,1.000000,1.000000,1.000000,1.000000,1.000000,1.000000,1.000000,1.000000,1.000000,1.000000,1.000000,1.000000,1.000000,1.000000,1.000000,1.000000,1.000000,349.000000,349.000000,349.000000,349.000000,349.000000,349.000000,82.000000,82.000000,82.000000,148.000000,148.000000,148.000000,1.000000,1.000000,1.000000,56.000000,56.000000,56.000000,350.000000,350.000000,350.000000,350.000000,350.000000,350.000000,350.000000,350.000000,350.000000,164.000000,164.000000,164.000000,248.000000,248.000000,248.000000,180.000000,180.000000,180.000000,180.000000,180.000000,180.000000,1.000000,1.000000,1.000000,1.000000,1.000000,1.000000,1.000000,1.000000,1.000000,1.000000,1.000000,1.000000,1.000000,1.000000,1.000000,1.000000,1.000000,365.000000,365.000000,365.000000,1.000000,1.000000,1.000000,1.000000,1.000000,1.000000,1.000000,1.000000,1.000000,262.000000,262.000000,262.000000,262.000000,262.000000,262.000000,157.000000,157.000000,157.000000,180.000000,180.000000,180.000000,34.000000,34.000000,34.000000,82.000000,82.000000,82.000000,1.000000,1.000000,1.000000,1.000000,1.000000,1.000000,1.000000,1.000000,1.000000,247.000000,247.000000,247.000000,302.000000,302.000000,302.000000,247.000000,247.000000,247.000000,247.000000,247.000000,247.000000,1.000000,1.000000,1.000000,1.000000,1.000000,1.000000,1.000000,1.000000,1.000000,1.000000,1.000000,1.000000,1.000000,1.000000,1.000000,1.000000,1.000000,1.000000,1.000000,1.000000,1.000000,1.000000,1.000000,1.000000,1.000000,1.000000,1.000000,1.000000,1.000000,366.000000,366.000000,366.000000,1.000000,1.000000,1.000000,1.000000,1.000000,1.000000,366.000000,366.000000,366.000000,1.000000,1.000000,1.000000,323.000000,323.000000,323.000000,1.000000,1.000000,1.000000,1.000000,1.000000,1.000000,1.000000,1.000000,1.000000,179.000000,179.000000,179.000000,302.000000,302.000000,302.000000,179.000000,179.000000,179.000000,305.000000,305.000000,305.000000,1.000000,1.000000,1.000000,1.000000,1.000000,1.000000,1.000000,1.000000,1.000000,1.000000,1.000000,1.000000,1.000000,1.000000,1.000000,1.000000,1.000000,365.000000,365.000000,365.000000,1.000000,1.000000,1.000000,1.000000,1.000000,1.000000,1.000000,1.000000,1.000000,121.000000,121.000000,121.000000,262.000000,262.000000,262.000000,237.000000,237.000000,237.000000,262.000000,262.000000,262.000000,1.000000,1.000000,1.000000,1.000000,1.000000,1.000000,1.000000,1.000000,1.000000,1.000000,1.000000,1.000000,1.000000,1.000000,1.000000,179.000000,179.000000,179.000000,164.000000,164.000000,164.000000,164.000000,164.000000,164.000000,164.000000,164.000000,164.000000,1.000000,1.000000,1.000000,1.000000,1.000000,1.000000,1.000000,1.000000,1.000000,1.000000,1.000000,1.000000,1.000000,1.000000,1.000000,1.000000,1.000000,20.000000,20.000000,20.000000
1,1992,MAX_VALUE,1.161779,0.000000,0.000000,0.000000,37.110828,5.060508,1.851325,2.363364,1.332367,0.010217,0.009950,5.179279,0.286164,0.244067,0.070746,0.096290,9.715709,3.453150,25.557356,21.662596,15.670720,12.247698,10.453830,9.491022,0.006209,0.000000,0.000000,0.000000,17743.298828,14486.689453,3284.261230,322.151733,14170.330078,2894.655518,307.200745,60.197765,23.629190,0.000000,4867.520020,1320.152344,384.020386,4483.673828,717.484619,215.102722,94.099030,0.000000,214.676117,56.094120,28.887882,0.000000,18305.404297,12957.610352,2728.762451,1578.745605,1073.366821,15.316463,0.019153,1.979949,26.207184,0.000000,0.000000,0.024506,0.000368,0.024138,6.757531,0.092186,0.092186,0.628119,0.000000,0.001100,0.000000,0.000002,0.000000,0.000511,0.000000,0.016804,0.001102,0.000000,0.000000,6.402018,596800.000000,4.000000,0.203443,298400.000000,2.000000,0.101721,298400.000000,2.000000,0.101721,0.000000,0.000000,0.000000,0.000000,0.000000,0.000000,258832.156250,1.734800,0.088233,298400.000000,2.000000,0.101721,5912660.000000,39.629086,2.015565,5060.376953,0.033917,0.001725,281429.062500,1.886254,0.095936,-3974030.000000,-26.635590,-1.354706,0.000000,0.000000,0.000000,0.000000,0.000000,0.000000,0.000000,0.000000,0.000000,451.657593,0.003027,0.000154,0.909348,0.000006,0.000000,62.694103,0.000420,0.000021,754.636841,0.005058,0.000257,0.000000,0.000000,0.000000,0.000000,0.000000,0.000000,0.000000,0.000000,0.000000,0.000000,0.000000,0.000000,0.000000,0.000000,51604135936.000000,42284.609375,17591.320313,42491060224.000000,34817.320313,14484.765625,9113136128.000000,7467.335449,3106.574463,0.000000,0.000000,0.000000,0.000000,0.000000,0.000000,14089686016.000000,11545.137695,4803.029297,3522252800.000000,2886.146240,1200.699829,4127595.750000,3.382166,1.407055,12348.349609,0.010118,0.004209,2576803.000000,2.111441,0.878406,76222328.000000,62.456837,25.983408,5123401.500000,4.198133,1.746515,38970.050781,0.031932,0.013284,38970.082031,0.031932,0.013284,173.491043,0.000142,0.000059,0.484670,0.000000,0.000000,725.274475,0.000594,0.000247,33320.414063,0.027303,0.011359,0.000000,0.000000,0.000000,0.000000,0.000000,0.000000,0.000000,0.000000,0.000000,0.000000,0.000000,0.000000,0.000000,0.000000,101335816.000000,688.890686,34.544338,17384746.000000,118.183174,5.926281,83951048.000000,570.707336,28.618050,0.000000,0.000000,0.000000,0.000000,0.000000,0.000000,38311932.000000,260.448212,13.060143,53388032.000000,362.936981,18.199430,1182246.625000,8.037026,0.403016,2716.216064,0.018465,0.000926,372905.781250,2.535049,0.127120,7422763.500000,50.460663,2.530344,1787634.125000,12.152510,0.609386,25658.617188,0.174430,0.008747,25658.570313,0.174429,0.008747,40.299053,0.000274,0.000014,0.114833,0.000001,0.000000,79.587265,0.000541,0.000027,2167.701172,0.014736,0.000739,0.000000,0.000000,0.000000,0.000000,0.000000,0.000000,0.000000,0.000000,0.000000,0.000000,0.000000,0.000000,0.000000,0.000000,2806400.000000,4.000000,0.956673,1403200.000000,2.000000,0.478336,1403200.000000,2.000000,0.478336,0.000000,0.000000,0.000000,0.000000,0.000000,0.000000,1211949.500000,1.727408,0.413141,1403200.000000,2.000000,0.478336,29492924.000000,42.036667,10.053835,27408.111328,0.039065,0.009343,1353301.000000,1.928878,0.461326,-22739398.000000,-32.410774,-7.751627,0.000000,0.000000,0.000000,0.000000,0.000000,0.000000,0.000000,0.000000,0.000000,2267.280518,0.003232,0.000773,5.025129,0.000007,0.000002,283.417999,0.000404,0.000097,3144.409668,0.004482,0.001072,0.000000,0.000000,0.000000,0.000000,0.000000,0.000000,0.000000,0.000000,0.000000,0.000000,0.000000,0.000000,0.000000,0.000000,513834848.000000,718.449158,175.161026,56083900.000000,78.417084,19.118425,484464288.000000,677.382996,165.148895,0.000000,0.000000,0.000000,0.000000,0.000000,0.000000,155325728.000000,217.178024,52.948944,313546624.000000,438.404114,106.884819,5315940.000000,7.432802,1.812149,9255.383789,0.012941,0.003155,1224076.500000,1.711516,0.417275,27244238.000000,38.093174,9.287280,16078272.000000,22.480804,5.480917,230776.781250,0.322674,0.078669,230776.750000,0.322674,0.078669,307.010742,0.000429,0.000105,0.666052,0.000001,0.000000,351.991302,0.000492,0.000120,10719.956055,0.014989,0.003654,0.000000,0.000000,0.000000,0.000000,0.000000,0.000000,3492109.500000,4.882703,1.190424,7152.000000,57284.742188,0.080096,0.019528,7152.000000,51504594944.000000,18484.279297,17557.386719,2193911296.000000,14914.421875,747.881836
1,1992,MAX_VALUE_JDAY,345.000000,1.000000,1.000000,1.000000,345.000000,31.000000,345.000000,31.000000,33.000000,60.000000,65.000000,33.000000,31.000000,34.000000,58.000000,56.000000,226.000000,125.000000,226.000000,226.000000,227.000000,227.000000,227.000000,227.000000,345.000000,1.000000,1.000000,1.000000,258.000000,349.000000,262.000000,135.000000,349.000000,262.000000,262.000000,349.000000,349.000000,1.000000,1.000000,1.000000,1.000000,1.000000,1.000000,1.000000,366.000000,1.000000,366.000000,366.000000,366.000000,1.000000,366.000000,366.000000,1.000000,1.000000,1.000000,365.000000,1.000000,366.000000,143.000000,1.000000,1.000000,227.000000,227.000000,227.000000,120.000000,120.000000,120.000000,121.000000,1.000000,32.000000,1.000000,33.000000,1.000000,32.000000,1.000000,32.000000,32.000000,1.000000,1.000000,120.000000,1.000000,1.000000,1.000000,1.000000,1.000000,1.000000,1.000000,1.000000,1.000000,1.000000,1.000000,1.000000,1.000000,1.000000,1.000000,1.000000,1.000000,1.000000,1.000000,1.000000,1.000000,366.000000,366.000000,366.000000,1.000000,1.000000,1.000000,347.000000,347.000000,347.000000,56.000000,56.000000,56.000000,1.000000,1.000000,1.000000,1.000000,1.000000,1.000000,1.000000,1.000000,1.000000,32.000000,32.000000,32.000000,34.000000,34.000000,34.000000,32.000000,32.000000,32.000000,35.000000,35.000000,35.000000,1.000000,1.000000,1.000000,1.000000,1.000000,1.000000,1.000000,1.000000,1.000000,1.000000,1.000000,1.000000,1.000000,1.000000,349.000000,349.000000,349.000000,349.000000,349.000000,349.000000,349.000000,349.000000,349.000000,1.000000,1.000000,1.000000,1.000000,1.000000,1.000000,1.000000,1.000000,1.000000,1.000000,1.000000,1.000000,308.000000,308.000000,308.000000,1.000000,1.000000,1.000000,366.000000,366.000000,366.000000,344.000000,344.000000,344.000000,326.000000,326.000000,326.000000,326.000000,326.000000,326.000000,326.000000,326.000000,326.000000,32.000000,32.000000,32.000000,34.000000,34.000000,34.000000,32.000000,32.000000,32.000000,32.000000,32.000000,32.000000,1.000000,1.000000,1.000000,1.000000,1.000000,1.000000,1.000000,1.000000,1.000000,1.000000,1.000000,1.000000,1.000000,1.000000,262.000000,262.000000,262.000000,262.000000,262.000000,262.000000,262.000000,262.000000,262.000000,1.000000,1.000000,1.000000,1.000000,1.000000,1.000000,1.000000,1.000000,1.000000,365.000000,365.000000,365.000000,115.000000,115.000000,115.000000,115.000000,115.000000,115.000000,344.000000,344.000000,344.000000,344.000000,344.000000,344.000000,126.000000,126.000000,126.000000,126.000000,126.000000,126.000000,126.000000,126.000000,126.000000,31.000000,31.000000,31.000000,32.000000,32.000000,32.000000,31.000000,31.000000,31.000000,31.000000,31.000000,31.000000,1.000000,1.000000,1.000000,1.000000,1.000000,1.000000,1.000000,1.000000,1.000000,1.000000,1.000000,1.000000,1.000000,1.000000,1.000000,1.000000,1.000000,1.000000,1.000000,1.000000,1.000000,1.000000,1.000000,1.000000,1.000000,1.000000,1.000000,1.000000,1.000000,1.000000,1.000000,1.000000,1.000000,1.000000,1.000000,366.000000,366.000000,366.000000,1.000000,1.000000,1.000000,366.000000,366.000000,366.000000,56.000000,56.000000,56.000000,1.000000,1.000000,1.000000,1.000000,1.000000,1.000000,1.000000,1.000000,1.000000,32.000000,32.000000,32.000000,33.000000,33.000000,33.000000,32.000000,32.000000,32.000000,34.000000,34.000000,34.000000,1.000000,1.000000,1.000000,1.000000,1.000000,1.000000,1.000000,1.000000,1.000000,1.000000,1.000000,1.000000,1.000000,1.000000,258.000000,258.000000,258.000000,135.000000,135.000000,135.000000,262.000000,262.000000,262.000000,1.000000,1.000000,1.000000,1.000000,1.000000,1.000000,197.000000,197.000000,197.000000,365.000000,365.000000,365.000000,114.000000,114.000000,114.000000,114.000000,114.000000,114.000000,366.000000,366.000000,366.000000,366.000000,366.000000,366.000000,120.000000,120.000000,120.000000,120.000000,120.000000,120.000000,120.000000,120.000000,120.000000,31.000000,31.000000,31.000000,31.000000,31.000000,31.000000,32.000000,32.000000,32.000000,32.000000,32.000000,32.000000,1.000000,1.000000,1.000000,1.000000,1.000000,1.000000,122.000000,122.000000,122.000000,122.000000,136.000000,136.000000,136.000000,61.000000,366.000000,366.000000,366.000000,227.000000,227.000000,227.000000
1,1992,ANNUAL_SUM,20.396588,0.000000,0.000000,0.000000,826.626964,220.451468,42.770149,86.114025,66.782619,1.541833,2.846253,446.263296,56.705403,50.644031,20.150406,32.660639,1627.144567,720.890698,4454.763040,4130.451605,3799.224998,3431.759674,3239.844008,3137.363261,0.205682,0.000000,0.000000,0.000000,6466484.427734,5282312.005859,1184213.117432,112274.835754,5170056.453125,1053660.670654,101528.213623,20914.834782,8094.595627,0.000000,1737518.317383,462205.247314,131653.415100,1605907.504395,255696.671326,77671.546188,34115.629539,0.000000,66955.074921,18257.611000,9506.075144,0.000000,6611875.638672,4648768.118164,994996.643066,576709.139038,391314.258911,5019.972016,6.750507,708.483207,9463.602619,0.000000,0.000000,5.874107,0.088112,5.785997,321.377067,3.300212,3.300209,17.013094,0.000000,0.098575,0.000000,0.000289,0.000000,0.031812,0.000000,0.901448,0.098864,0.000000,0.000000,303.462524,218428800.000000,1464.000000,74.460135,109214400.000000,732.000000,37.230067,109214400.000000,732.000000,37.230067,0.000000,0.000000,0.000000,0.000000,0.000000,0.000000,93509389.562500,626.738535,31.876390,109214400.000000,732.000000,37.230067,1954485977.000000,13099.771965,666.264181,1738792.989746,11.654109,0.592737,100726949.843750,675.113605,34.336782,-1711797360.250000,-11473.172632,-583.534126,0.000000,0.000000,0.000000,0.000000,0.000000,0.000000,0.000000,0.000000,0.000000,38810.245419,0.260122,0.013230,88.372237,0.000592,0.000030,5273.336028,0.035344,0.001798,58700.257553,0.393433,0.020010,0.000000,0.000000,0.000000,0.000000,0.000000,0.000000,0.000000,0.000000,0.000000,0.000000,0.000000,0.000000,0.000000,0.000000,18795410567168.000000,15401024.707031,6407162.281250,15486160461824.000000,12689413.703125,5279072.948242,3309155640320.000000,2711533.627930,1128057.147217,0.000000,0.000000,0.000000,0.000000,0.000000,0.000000,5032147129344.000000,4123358.843750,1715407.237793,1251674174464.000000,1025626.166504,426682.861938,1244063152.250000,1019.389668,424.088342,4466438.648438,3.659815,1.522563,920027674.750000,753.873874,313.627979,26700263544.000000,21878.288704,9101.845423,570708237.171875,467.640313,194.548572,4340976.629272,3.557011,1.479794,4340975.976318,3.557011,1.479794,10457.383293,0.008569,0.003565,115.839858,0.000095,0.000039,31393.385963,0.025724,0.010702,1400332.231262,1.147437,0.477359,0.000000,0.000000,0.000000,0.000000,0.000000,0.000000,0.000000,0.000000,0.000000,0.000000,0.000000,0.000000,0.000000,0.000000,29953094404.000000,203624.028168,10210.702017,3213108969.187500,21843.024974,1095.315828,26739978752.000000,181780.957977,9115.384010,0.000000,0.000000,0.000000,0.000000,0.000000,0.000000,11449462794.000000,77834.553314,3903.004185,16368732604.000000,111276.224060,5579.932707,352045068.125000,2393.236354,120.008546,914854.632080,6.219270,0.311865,132206474.718750,898.752376,45.067828,2613808296.500000,17768.921112,891.020383,38771178.017578,263.570211,13.216696,556497.476022,3.783124,0.189704,556497.475275,3.783124,0.189704,2121.882568,0.014425,0.000723,8.428709,0.000057,0.000003,3401.299037,0.023122,0.001159,95082.509261,0.646380,0.032413,0.000000,0.000000,0.000000,0.000000,0.000000,0.000000,0.000000,0.000000,0.000000,0.000000,0.000000,0.000000,0.000000,0.000000,1027142400.000000,1464.000000,350.142284,513571200.000000,732.000000,175.071142,513571200.000000,732.000000,175.071142,0.000000,0.000000,0.000000,0.000000,0.000000,0.000000,437688894.500000,623.843921,149.203646,513571200.000000,732.000000,175.071142,9736712458.000000,13877.868317,3319.145191,9508765.484375,13.552973,3.241440,483987272.500000,689.833629,164.986287,-9560388128.000000,-13626.550949,-3259.038058,0.000000,0.000000,0.000000,0.000000,0.000000,0.000000,0.000000,0.000000,0.000000,216748.101746,0.308934,0.073887,552.556595,0.000788,0.000188,26047.709030,0.037126,0.008879,270377.613373,0.385373,0.092169,0.000000,0.000000,0.000000,0.000000,0.000000,0.000000,0.000000,0.000000,0.000000,0.000000,0.000000,0.000000,0.000000,0.000000,143735592352.000000,200972.584961,48997.986015,6231701381.919132,8713.228972,2124.322950,137503869408.000000,192259.324280,46873.655952,0.000000,0.000000,0.000000,0.000000,0.000000,0.000000,53188670432.000000,74368.946289,18131.471069,87208787440.000000,121936.223877,29728.579372,1438997172.500000,2012.020662,490.539348,3174738.915039,4.438953,1.082236,441392089.750000,617.158964,150.466027,9719633528.000000,13590.091633,3313.323173,333280269.381517,465.995901,113.611818,4783698.470569,6.688616,1.630714,4783699.805530,6.688618,1.630714,21031.662165,0.029407,0.007169,82.316919,0.000115,0.000028,27203.706999,0.038037,0.009273,819907.790588,1.146404,0.279498,0.000000,0.000000,0.000000,0.000000,0.000000,0.000000,13968438.000000,19.530813,4.761697,28608.000000,410815.210938,0.574406,0.140043,100128.000000,18593144332288.000000,6672819.527344,6338211.810547,802817190912.000000,5457628.771484,273672.129517
1,1992,ANNUAL_AVERAGE,0.055728,0.000000,0.000000,0.000000,2.258544,0.602326,0.116858,0.235284,0.182466,0.004213,0.007777,1.219299,0.154933,0.138372,0.055056,0.089237,4.445750,1.969647,12.171484,11.285387,10.380396,9.376393,8.852033,8.572031,0.000562,0.000000,0.000000,0.000000,17667.990240,14432.546464,3235.554966,306.761846,14125.837304,2878.854291,277.399491,57.144357,22.116381,0.000000,4747.317807,1262.855867,359.708784,4387.725422,698.624785,212.217339,93.212103,0.000000,182.937363,49.884183,25.972883,0.000000,18065.233985,12701.552235,2718.570063,1575.708030,1069.164642,13.715771,0.018444,1.935746,25.856838,0.000000,0.000000,0.016049,0.000241,0.015809,0.878079,0.009017,0.009017,0.046484,0.000000,0.000269,0.000000,0.000001,0.000000,0.000087,0.000000,0.002463,0.000270,0.000000,0.000000,0.829133,596800.000000,4.000000,0.203443,298400.000000,2.000000,0.101721,298400.000000,2.000000,0.101721,0.000000,0.000000,0.000000,0.000000,0.000000,0.000000,255490.135417,1.712400,0.087094,298400.000000,2.000000,0.101721,5340125.620219,35.791727,1.820394,4750.800518,0.031842,0.001619,275210.245475,1.844573,0.093816,-4677041.967896,-31.347466,-1.594356,0.000000,0.000000,0.000000,0.000000,0.000000,0.000000,0.000000,0.000000,0.000000,106.038922,0.000711,0.000036,0.241454,0.000002,0.000000,14.408022,0.000097,0.000005,160.383217,0.001075,0.000055,0.000000,0.000000,0.000000,0.000000,0.000000,0.000000,0.000000,0.000000,0.000000,0.000000,0.000000,0.000000,0.000000,0.000000,51353580784.612020,42079.302478,17505.907872,42311913830.120220,34670.529244,14423.696580,9041408853.333334,7408.561825,3082.123353,0.000000,0.000000,0.000000,0.000000,0.000000,0.000000,13749035872.524590,11266.007770,4686.905021,3419874793.617487,2802.257286,1165.800169,3399079.650956,2.785218,1.158711,12203.384285,0.009999,0.004160,2513736.816257,2.059765,0.856907,72951539.737705,59.776745,24.868430,1559312.123420,1.277706,0.531553,11860.591883,0.009719,0.004043,11860.590099,0.009719,0.004043,28.572086,0.000023,0.000010,0.316502,0.000000,0.000000,85.774279,0.000070,0.000029,3826.044348,0.003135,0.001304,0.000000,0.000000,0.000000,0.000000,0.000000,0.000000,0.000000,0.000000,0.000000,0.000000,0.000000,0.000000,0.000000,0.000000,81839055.748634,556.349804,27.898093,8778986.254611,59.680396,2.992666,73060051.234973,496.669284,24.905421,0.000000,0.000000,0.000000,0.000000,0.000000,0.000000,31282685.229508,212.662714,10.663946,44723313.125683,304.033399,15.245718,961871.770833,6.538897,0.327892,2499.602820,0.016993,0.000852,361219.876281,2.455608,0.123136,7141552.722678,48.548965,2.434482,105932.180376,0.720137,0.036111,1520.484907,0.010336,0.000518,1520.484905,0.010336,0.000518,5.797493,0.000039,0.000002,0.023029,0.000000,0.000000,9.293167,0.000063,0.000003,259.788277,0.001766,0.000089,0.000000,0.000000,0.000000,0.000000,0.000000,0.000000,0.000000,0.000000,0.000000,0.000000,0.000000,0.000000,0.000000,0.000000,2806400.000000,4.000000,0.956673,1403200.000000,2.000000,0.478336,1403200.000000,2.000000,0.478336,0.000000,0.000000,0.000000,0.000000,0.000000,0.000000,1195871.296448,1.704492,0.407660,1403200.000000,2.000000,0.478336,26603039.502732,37.917673,9.068703,25980.233564,0.037030,0.008856,1322369.596995,1.884791,0.450782,-26121279.038251,-37.231014,-8.904476,0.000000,0.000000,0.000000,0.000000,0.000000,0.000000,0.000000,0.000000,0.000000,592.207928,0.000844,0.000202,1.509717,0.000002,0.000001,71.168604,0.000101,0.000024,738.736649,0.001053,0.000252,0.000000,0.000000,0.000000,0.000000,0.000000,0.000000,0.000000,0.000000,0.000000,0.000000,0.000000,0.000000,0.000000,0.000000,392720197.683060,549.105423,133.874279,17026506.507976,23.806637,5.804161,375693632.262295,525.298700,128.070098,0.000000,0.000000,0.000000,0.000000,0.000000,0.000000,145324236.153005,203.193842,49.539538,238275375.519126,333.159082,81.225627,3931686.263661,5.497324,1.340271,8674.150041,0.012128,0.002957,1205989.316257,1.686227,0.411109,26556375.759563,37.131398,9.052796,910601.828911,1.273213,0.310415,13070.214400,0.018275,0.004456,13070.218048,0.018275,0.004456,57.463558,0.000080,0.000020,0.224910,0.000000,0.000000,74.327068,0.000104,0.000025,2240.185220,0.003132,0.000764,0.000000,0.000000,0.000000,0.000000,0.000000,0.000000,38165.131148,0.053363,0.013010,78.163934,1122.445932,0.001569,0.000383,273.573770,50800940798.601090,18231.747342,17317.518608,2193489592.655738,14911.554020,747.738059
1,1992,DAY_COUNT,366,366,366,366,366,366,366,366,366,366,366,366,366,366,366,366,366,366,366,366,366,366,366,366,366,366,366,366,366,366,366,366,366,366,366,366,366,366,366,366,366,366,366,366,366,366,366,366,366,366,366,366,366,366,366,366,366,366,366,366,366,366,366,366,366,366,366,366,366,366,366,366,366,366,366,366,366,366,366,366,366,366,366,366,366,366,366,366,366,366,366,366,366,366,366,366,366,366,366,366,366,366,366,366,366,366,366,366,366,366,366,366,366,366,366,366,366,366,366,366,366,366,366,366,366,366,366,366,366,366,366,366,366,366,366,366,366,366,366,366,366,366,366,366,366,366,366,366,366,366,366,366,366,366,366,366,366,366,366,366,366,366,366,366,366,366,366,366,366,366,366,366,366,366,366,366,366,366,366,366,366,366,366,366,366,366,366,366,366,366,366,366,366,366,366,366,366,366,366,366,366,366,366,366,366,366,366,366,366,366,366,366,366,366,366,366,366,366,366,366,366,366,366,366,366,366,366,366,366,366,366,366,366,366,366,366,366,366,366,366,366,366,366,366,366,366,366,366,366,366,366,366,366,366,366,366,366,366,366,366,366,366,366,366,366,366,366,366,366,366,366,366,366,366,366,366,366,366,366,366,366,366,366,366,366,366,366,366,366,366,366,366,366,366,366,366,366,366,366,366,366,366,366,366,366,366,366,366,366,366,366,366,366,366,366,366,366,366,366,366,366,366,366,366,366,366,366,366,366,366,366,366,366,366,366,366,366,366,366,366,366,366,366,366,366,366,366,366,366,366,366,366,366,366,366,366,366,366,366,366,366,366,366,366,366,366,366,366,366,366,366,366,366,366,366,366,366,366,366,366,366,366,366,366,366,366,366,366,366,366,366,366,366,366,366,366,366,366,366,366,366,366,366,366,366,366,366,366,366,366,366,366,366,366,366,366,366,366,366,366,366,366,366,366,366,366
1,1993,INITIAL_VALUE,0.000000,0.000000,0.000000,0.000000,0.000000,0.568599,0.001055,0.285313,0.272419,0.003152,0.006660,1.750474,0.198596,0.187974,0.051682,0.086582,1.601180,1.065966,-1.649682,0.367458,3.698759,5.453322,6.580132,7.240459,0.000000,0.000000,0.000000,0.000000,17527.660156,14350.691406,3177.315918,277.847473,14073.362305,2861.963867,243.643448,51.524361,20.094622,0.000000,4779.535645,1314.079590,382.591858,4397.086426,706.756836,213.721146,94.097572,0.000000,214.543030,56.065407,28.885021,0.000000,18305.460938,12957.732422,2708.611328,1572.772949,1064.984375,15.321426,0.018027,1.980069,25.836630,0.000000,0.000000,0.008162,0.000122,0.008040,0.000000,0.000000,0.000000,0.397543,0.000000,0.000378,0.000000,0.000001,0.000000,0.000123,0.000000,0.003723,0.000379,0.000000,0.000000,-0.401266,596800.000000,4.000000,0.203443,298400.000000,2.000000,0.101721,298400.000000,2.000000,0.101721,0.000000,0.000000,0.000000,0.000000,0.000000,0.000000,252122.625000,1.689830,0.085946,298400.000000,2.000000,0.101721,5912651.500000,39.629032,2.015562,4539.479004,0.030425,0.001547,281246.031250,1.885027,0.095874,-5331545.000000,-35.734215,-1.817469,0.000000,0.000000,0.000000,0.000000,0.000000,0.000000,0.000000,0.000000,0.000000,159.342361,0.001068,0.000054,0.281024,0.000002,0.000000,20.302917,0.000136,0.000007,232.685898,0.001560,0.000079,0.000000,0.000000,0.000000,0.000000,0.000000,0.000000,0.000000,0.000000,0.000000,0.000000,0.000000,0.000000,0.000000,0.000000,51051515904.000000,41831.789063,17402.937500,42096824320.000000,34494.285156,14350.375000,8954924032.000000,7337.695801,3052.641602,0.000000,0.000000,0.000000,0.000000,0.000000,0.000000,13829578752.000000,11332.004883,4714.361328,3486856448.000000,2857.142334,1188.633545,3899679.750000,3.195411,1.329361,12280.881836,0.010063,0.004186,2576928.250000,2.111544,0.878448,76005640.000000,62.279289,25.909542,0.000000,0.000000,0.000000,0.000000,0.000000,0.000000,0.000000,0.000000,0.000000,49.801998,0.000041,0.000017,0.335667,0.000000,0.000000,141.547791,0.000116,0.000048,6466.413086,0.005299,0.002204,0.000000,0.000000,0.000000,0.000000,0.000000,0.000000,0.000000,0.000000,0.000000,0.000000,0.000000,0.000000,0.000000,0.000000,64079248.000000,435.616913,21.843958,763197.500000,5.188290,0.260166,63316108.000000,430.429016,21.583811,0.000000,0.000000,0.000000,0.000000,0.000000,0.000000,37887516.000000,257.562988,12.915464,53284820.000000,362.235352,18.164248,1108136.375000,7.533218,0.377752,2519.406006,0.017127,0.000859,372795.343750,2.534299,0.127082,7407422.000000,50.356369,2.525114,0.000000,0.000000,0.000000,0.000000,0.000000,0.000000,0.000000,0.000000,0.000000,9.728767,0.000066,0.000003,0.023284,0.000000,0.000000,15.875223,0.000108,0.000005,454.144226,0.003087,0.000155,0.000000,0.000000,0.000000,0.000000,0.000000,0.000000,0.000000,0.000000,0.000000,0.000000,0.000000,0.000000,0.000000,0.000000,2806400.000000,4.000000,0.956673,1403200.000000,2.000000,0.478336,1403200.000000,2.000000,0.478336,0.000000,0.000000,0.000000,0.000000,0.000000,0.000000,1179391.625000,1.681003,0.402042,1403200.000000,2.000000,0.478336,29494004.000000,42.038204,10.054202,24951.349609,0.035563,0.008506,1353333.500000,1.928925,0.461337,-29539266.000000,-42.102715,-10.069632,0.000000,0.000000,0.000000,0.000000,0.000000,0.000000,0.000000,0.000000,0.000000,811.002991,0.001156,0.000276,1.682328,0.000002,0.000001,93.022850,0.000133,0.000032,1017.366394,0.001450,0.000347,0.000000,0.000000,0.000000,0.000000,0.000000,0.000000,0.000000,0.000000,0.000000,0.000000,0.000000,0.000000,0.000000,0.000000,301879936.000000,422.091644,102.907776,828200.687500,1.157999,0.282325,301051840.000000,420.933746,102.625473,0.000000,0.000000,0.000000,0.000000,0.000000,0.000000,152712944.000000,213.524796,52.058270,313010816.000000,437.654968,106.702171,4531085.000000,6.335409,1.544600,8592.900391,0.012015,0.002929,1224278.375000,1.711799,0.417344,27249946.000000,38.101154,9.289227,0.000000,0.000000,0.000000,0.000000,0.000000,0.000000,0.000000,0.000000,0.000000,78.649017,0.000110,0.000027,0.218084,0.000000,0.000000,89.241997,0.000125,0.000030,2750.514893,0.003846,0.000938,0.000000,0.000000,0.000000,0.000000,0.000000,0.000000,0.000000,0.000000,0.000000,0.000000,0.000000,0.000000,0.000000,0.000000,51504762880.000000,18484.337891,17557.443359,2193579520.000000,14912.164063,747.768677
1,1993,FINAL_VALUE,0.255324,0.000000,0.000000,0.000000,10.200380,1.383038,0.508887,0.360572,0.249393,0.003214,0.005649,1.656122,0.215667,0.186200,0.049306,0.081729,3.188262,2.141183,8.047895,5.634887,4.798562,6.122149,6.975574,7.475718,0.002584,0.000000,0.000000,0.000000,17533.906250,14354.825195,3179.515869,277.580109,14077.479492,2863.643799,244.138779,51.550663,20.096403,0.000000,4690.620605,1310.378906,382.963928,4307.792480,697.125916,212.227844,94.630768,0.000000,218.195724,57.060104,31.117411,0.000000,18731.945313,13417.967773,2689.046387,1567.498047,1057.120239,17.986870,0.017202,2.069266,26.445789,0.000000,0.000000,0.009556,0.000143,0.009413,0.000000,0.000000,0.000000,0.371859,0.000000,0.000449,0.000000,0.000001,0.000000,0.000130,0.000000,0.004103,0.000450,0.000000,0.000000,-0.375962,596800.000000,4.000000,0.203443,298400.000000,2.000000,0.101721,298400.000000,2.000000,0.101721,0.000000,0.000000,0.000000,0.000000,0.000000,0.000000,245914.328125,1.648219,0.083830,298400.000000,2.000000,0.101721,7003237.500000,46.938591,2.387332,4160.983398,0.027889,0.001418,291214.656250,1.951841,0.099272,-6414340.000000,-42.991554,-2.186583,0.000000,0.000000,0.000000,0.000000,0.000000,0.000000,0.000000,0.000000,0.000000,165.932541,0.001112,0.000057,0.217260,0.000001,0.000000,18.953072,0.000127,0.000006,223.349594,0.001497,0.000076,0.000000,0.000000,0.000000,0.000000,0.000000,0.000000,0.000000,0.000000,0.000000,0.000000,0.000000,0.000000,0.000000,0.000000,51068866560.000000,41846.007813,17408.851563,42109050880.000000,34504.304688,14354.542969,8959807488.000000,7341.697266,3054.306152,0.000000,0.000000,0.000000,0.000000,0.000000,0.000000,13556024320.000000,11107.853516,4621.109375,3448521728.000000,2825.730469,1175.565552,4720279.500000,3.867813,1.609095,12232.666016,0.010023,0.004170,2704314.250000,2.215925,0.921873,82355040.000000,67.482002,28.073986,0.000000,0.000000,0.000000,0.000000,0.000000,0.000000,0.000000,0.000000,0.000000,77.191277,0.000063,0.000026,0.332226,0.000000,0.000000,154.523361,0.000127,0.000053,7397.354980,0.006061,0.002522,0.000000,0.000000,0.000000,0.000000,0.000000,0.000000,0.000000,0.000000,0.000000,0.000000,0.000000,0.000000,0.000000,0.000000,64495044.000000,438.443542,21.985697,763197.937500,5.188293,0.260166,63731800.000000,433.254944,21.725515,0.000000,0.000000,0.000000,0.000000,0.000000,0.000000,42871780.000000,291.446472,14.614549,60606336.000000,412.007721,20.660078,1152572.375000,7.835298,0.392900,2525.639893,0.017170,0.000861,391124.500000,2.658902,0.133330,7811691.500000,53.104633,2.662925,0.000000,0.000000,0.000000,0.000000,0.000000,0.000000,0.000000,0.000000,0.000000,8.568190,0.000058,0.000003,0.019742,0.000000,0.000000,17.023500,0.000116,0.000006,461.044586,0.003134,0.000157,0.000000,0.000000,0.000000,0.000000,0.000000,0.000000,0.000000,0.000000,0.000000,0.000000,0.000000,0.000000,0.000000,0.000000,2806400.000000,4.000000,0.956673,1403200.000000,2.000000,0.478336,1403200.000000,2.000000,0.478336,0.000000,0.000000,0.000000,0.000000,0.000000,0.000000,1149543.625000,1.638460,0.391868,1403200.000000,2.000000,0.478336,34990780.000000,49.872829,11.927997,23151.197266,0.032998,0.007892,1412824.500000,2.013718,0.481617,-35079272.000000,-49.998962,-11.958163,0.000000,0.000000,0.000000,0.000000,0.000000,0.000000,0.000000,0.000000,0.000000,972.336182,0.001386,0.000331,1.357384,0.000002,0.000000,94.852486,0.000135,0.000032,992.244263,0.001414,0.000338,0.000000,0.000000,0.000000,0.000000,0.000000,0.000000,0.000000,0.000000,0.000000,0.000000,0.000000,0.000000,0.000000,0.000000,302174528.000000,422.503540,103.008186,4155.506836,0.005810,0.001417,302170720.000000,422.498230,103.006897,0.000000,0.000000,0.000000,0.000000,0.000000,0.000000,160419008.000000,224.299515,54.685192,333102144.000000,465.746857,113.551102,4897672.500000,6.847976,1.669566,8393.423828,0.011736,0.002861,1270754.375000,1.776782,0.433187,28905872.000000,40.416489,9.853715,0.000000,0.000000,0.000000,0.000000,0.000000,0.000000,0.000000,0.000000,0.000000,93.630142,0.000131,0.000032,0.218021,0.000000,0.000000,95.938309,0.000134,0.000033,2962.289551,0.004142,0.001010,0.000000,0.000000,0.000000,0.000000,0.000000,0.000000,0.000000,0.000000,0.000000,0.000000,0.000000,0.000000,0.000000,0.000000,52757028864.000000,18933.759766,17984.328125,2194518016.000000,14918.544922,748.088623
1,1993,ANNUAL_DELTA,0.255324,0.000000,0.000000,0.000000,10.200380,0.814439,0.507831,0.075258,-0.023026,0.000062,-0.001011,-0.094352,0.017071,-0.001774,-0.002375,-0.004853,1.587082,1.075217,9.697577,5.267429,1.099803,0.668827,0.395442,0.235260,0.002584,0.000000,0.000000,0.000000,6.246094,4.133789,2.199951,-0.267365,4.117188,1.679932,0.495331,0.026302,0.001781,0.000000,-88.915039,-3.700684,0.372070,-89.293945,-9.630920,-1.493301,0.533195,0.000000,3.652695,0.994698,2.232389,0.000000,426.484375,460.235352,-19.564941,-5.274902,-7.864136,2.665443,-0.000825,0.089197,0.609159,0.000000,0.000000,0.001394,0.000021,0.001373,0.000000,0.000000,0.000000,-0.025684,0.000000,0.000071,0.000000,-0.000000,0.000000,0.000007,0.000000,0.000380,0.000071,0.000000,0.000000,0.025304,0.000000,0.000000,0.000000,0.000000,0.000000,0.000000,0.000000,0.000000,0.000000,0.000000,0.000000,0.000000,0.000000,0.000000,0.000000,-6208.296875,-0.041611,-0.002116,0.000000,0.000000,0.000000,1090586.000000,7.309559,0.371770,-378.495605,-0.002537,-0.000129,9968.625000,0.066814,0.003398,-1082795.000000,-7.257339,-0.369114,0.000000,0.000000,0.000000,0.000000,0.000000,0.000000,0.000000,0.000000,0.000000,6.590179,0.000044,0.000002,-0.063764,-0.000000,-0.000000,-1.349846,-0.000009,-0.000000,-9.336304,-0.000063,-0.000003,0.000000,0.000000,0.000000,0.000000,0.000000,0.000000,0.000000,0.000000,0.000000,0.000000,0.000000,0.000000,0.000000,0.000000,17350656.000000,14.218750,5.914063,12226560.000000,10.019531,4.167969,4883456.000000,4.001465,1.664551,0.000000,0.000000,0.000000,0.000000,0.000000,0.000000,-273554432.000000,-224.151367,-93.251953,-38334720.000000,-31.411865,-13.067993,820599.750000,0.672402,0.279734,-48.215820,-0.000040,-0.000016,127386.000000,0.104380,0.043425,6349400.000000,5.202713,2.164444,0.000000,0.000000,0.000000,0.000000,0.000000,0.000000,0.000000,0.000000,0.000000,27.389278,0.000022,0.000009,-0.003441,-0.000000,-0.000000,12.975571,0.000011,0.000004,930.941895,0.000763,0.000317,0.000000,0.000000,0.000000,0.000000,0.000000,0.000000,0.000000,0.000000,0.000000,0.000000,0.000000,0.000000,0.000000,0.000000,415796.000000,2.826630,0.141739,0.437500,0.000003,0.000000,415692.000000,2.825928,0.141705,0.000000,0.000000,0.000000,0.000000,0.000000,0.000000,4984264.000000,33.883484,1.699084,7321516.000000,49.772369,2.495831,44436.000000,0.302080,0.015148,6.233887,0.000042,0.000002,18329.156250,0.124604,0.006248,404269.500000,2.748264,0.137811,0.000000,0.000000,0.000000,0.000000,0.000000,0.000000,0.000000,0.000000,0.000000,-1.160578,-0.000008,-0.000000,-0.003542,-0.000000,-0.000000,1.148277,0.000008,0.000000,6.900360,0.000047,0.000002,0.000000,0.000000,0.000000,0.000000,0.000000,0.000000,0.000000,0.000000,0.000000,0.000000,0.000000,0.000000,0.000000,0.000000,0.000000,0.000000,0.000000,0.000000,0.000000,0.000000,0.000000,0.000000,0.000000,0.000000,0.000000,0.000000,0.000000,0.000000,0.000000,-29848.000000,-0.042543,-0.010175,0.000000,0.000000,0.000000,5496776.000000,7.834625,1.873795,-1800.152344,-0.002566,-0.000614,59491.000000,0.084793,0.020280,-5540006.000000,-7.896248,-1.888532,0.000000,0.000000,0.000000,0.000000,0.000000,0.000000,0.000000,0.000000,0.000000,161.333191,0.000230,0.000055,-0.324944,-0.000000,-0.000000,1.829636,0.000003,0.000001,-25.122131,-0.000036,-0.000009,0.000000,0.000000,0.000000,0.000000,0.000000,0.000000,0.000000,0.000000,0.000000,0.000000,0.000000,0.000000,0.000000,0.000000,294592.000000,0.411896,0.100410,-824045.180664,-1.152188,-0.280909,1118880.000000,1.564484,0.381424,0.000000,0.000000,0.000000,0.000000,0.000000,0.000000,7706064.000000,10.774719,2.626923,20091328.000000,28.091888,6.848930,366587.500000,0.512567,0.124966,-199.476563,-0.000279,-0.000068,46476.000000,0.064983,0.015843,1655926.000000,2.315334,0.564488,0.000000,0.000000,0.000000,0.000000,0.000000,0.000000,0.000000,0.000000,0.000000,14.981125,0.000021,0.000005,-0.000063,-0.000000,-0.000000,6.696312,0.000009,0.000002,211.774658,0.000296,0.000072,0.000000,0.000000,0.000000,0.000000,0.000000,0.000000,0.000000,0.000000,0.000000,0.000000,0.000000,0.000000,0.000000,0.000000,1252265984.000000,449.421875,426.884766,938496.000000,6.380859,0.319946
1,1993,MIN_VALUE,0.000000,0.000000,0.000000,0.000000,0.000000,0.069929,0.000031,0.032186,0.029522,0.001659,0.005396,0.178740,0.076102,0.078935,0.039011,0.078466,1.531774,0.511166,-2.250000,-0.081017,2.671549,4.845737,6.228061,7.034341,0.000000,0.000000,0.000000,0.000000,17527.660156,14350.691406,3177.315918,277.580109,14073.362305,2861.963867,243.643448,51.524361,20.094622,0.000000,4562.722656,1209.107056,344.534332,4217.209961,672.666382,209.085754,93.427856,0.000000,157.972076,48.076637,27.695791,0.000000,18305.460938,12957.732422,2689.046387,1567.498047,1057.120239,15.321426,0.017202,1.980069,25.836630,0.000000,0.000000,0.007214,0.000108,0.007106,0.000000,0.000000,0.000000,-1.155522,0.000000,0.000139,0.000000,0.000000,0.000000,0.000026,0.000000,0.000630,0.000139,0.000000,0.000000,-0.494632,596800.000000,4.000000,0.203443,298400.000000,2.000000,0.101721,298400.000000,2.000000,0.101721,0.000000,0.000000,0.000000,0.000000,0.000000,0.000000,245914.328125,1.648219,0.083830,298400.000000,2.000000,0.101721,5912607.000000,39.628735,2.015547,4160.983398,0.027889,0.001418,280706.406250,1.881410,0.095690,-6530256.000000,-43.768471,-2.226097,0.000000,0.000000,0.000000,0.000000,0.000000,0.000000,0.000000,0.000000,0.000000,51.942356,0.000348,0.000018,0.085823,0.000001,0.000000,5.421162,0.000036,0.000002,56.383877,0.000378,0.000019,0.000000,0.000000,0.000000,0.000000,0.000000,0.000000,0.000000,0.000000,0.000000,0.000000,0.000000,0.000000,0.000000,0.000000,51051515904.000000,41831.789063,17402.937500,42096824320.000000,34494.285156,14350.375000,8954924032.000000,7337.695801,3052.641602,0.000000,0.000000,0.000000,0.000000,0.000000,0.000000,13185883136.000000,10804.558594,4494.932129,3301427456.000000,2705.201172,1125.422729,3530568.750000,2.892960,1.203535,12077.566406,0.009896,0.004117,2576928.250000,2.111544,0.878448,75967328.000000,62.247890,25.896481,0.000000,0.000000,0.000000,0.000000,0.000000,0.000000,0.000000,0.000000,0.000000,14.994653,0.000012,0.000005,0.245410,0.000000,0.000000,15.598202,0.000013,0.000005,721.826477,0.000591,0.000246,0.000000,0.000000,0.000000,0.000000,0.000000,0.000000,0.000000,0.000000,0.000000,0.000000,0.000000,0.000000,0.000000,0.000000,64079248.000000,435.616913,21.843958,763197.500000,5.188290,0.260166,63316108.000000,430.429016,21.583811,0.000000,0.000000,0.000000,0.000000,0.000000,0.000000,24094698.000000,163.798080,8.213635,37742952.000000,256.580231,12.866183,908772.562500,6.177924,0.309791,2415.578613,0.016421,0.000823,372346.031250,2.531244,0.126929,7337344.000000,49.879971,2.501225,0.000000,0.000000,0.000000,0.000000,0.000000,0.000000,0.000000,0.000000,0.000000,0.309370,0.000002,0.000000,0.005298,0.000000,0.000000,0.112608,0.000001,0.000000,3.938374,0.000027,0.000001,0.000000,0.000000,0.000000,0.000000,0.000000,0.000000,0.000000,0.000000,0.000000,0.000000,0.000000,0.000000,0.000000,0.000000,2806400.000000,4.000000,0.956673,1403200.000000,2.000000,0.478336,1403200.000000,2.000000,0.478336,0.000000,0.000000,0.000000,0.000000,0.000000,0.000000,1149543.625000,1.638460,0.391868,1403200.000000,2.000000,0.478336,29494004.000000,42.038204,10.054202,23151.197266,0.032998,0.007892,1353333.500000,1.928925,0.461337,-35466724.000000,-50.551205,-12.090242,0.000000,0.000000,0.000000,0.000000,0.000000,0.000000,0.000000,0.000000,0.000000,316.396393,0.000451,0.000108,0.589706,0.000001,0.000000,29.998386,0.000043,0.000010,288.078644,0.000411,0.000098,0.000000,0.000000,0.000000,0.000000,0.000000,0.000000,0.000000,0.000000,0.000000,0.000000,0.000000,0.000000,0.000000,0.000000,301782240.000000,421.955048,102.874466,4155.506836,0.005810,0.001417,301051840.000000,420.933746,102.625473,0.000000,0.000000,0.000000,0.000000,0.000000,0.000000,127591448.000000,178.399673,43.494614,179384704.000000,250.817535,61.150402,3552773.000000,4.967524,1.211104,8251.144531,0.011537,0.002813,1224278.375000,1.711799,0.417344,27249946.000000,38.101154,9.289227,0.000000,0.000000,0.000000,0.000000,0.000000,0.000000,0.000000,0.000000,0.000000,16.219248,0.000023,0.000006,0.124353,0.000000,0.000000,22.764618,0.000032,0.000008,703.105347,0.000983,0.000240,0.000000,0.000000,0.000000,0.000000,0.000000,0.000000,0.000000,0.000000,0.000000,0.000000,0.000000,0.000000,0.000000,0.000000,51504762880.000000,18484.337891,17557.443359,2193423104.000000,14911.101563,747.715332
1,1993,MIN_VALUE_JDAY,1.000000,1.000000,1.000000,1.000000,1.000000,318.000000,323.000000,318.000000,324.000000,333.000000,344.000000,318.000000,278.000000,324.000000,324.000000,332.000000,328.000000,318.000000,328.000000,6.000000,11.000000,11.000000,11.000000,11.000000,1.000000,1.000000,1.000000,1.000000,1.000000,1.000000,1.000000,365.000000,1.000000,1.000000,1.000000,1.000000,1.000000,1.000000,349.000000,262.000000,304.000000,349.000000,262.000000,262.000000,349.000000,1.000000,262.000000,262.000000,349.000000,1.000000,1.000000,1.000000,365.000000,365.000000,365.000000,1.000000,361.000000,1.000000,1.000000,1.000000,1.000000,11.000000,11.000000,11.000000,1.000000,1.000000,1.000000,250.000000,1.000000,319.000000,1.000000,319.000000,1.000000,319.000000,1.000000,319.000000,319.000000,1.000000,1.000000,351.000000,1.000000,1.000000,1.000000,1.000000,1.000000,1.000000,1.000000,1.000000,1.000000,1.000000,1.000000,1.000000,1.000000,1.000000,1.000000,365.000000,365.000000,365.000000,1.000000,1.000000,1.000000,2.000000,2.000000,2.000000,365.000000,365.000000,365.000000,61.000000,61.000000,61.000000,334.000000,334.000000,334.000000,1.000000,1.000000,1.000000,1.000000,1.000000,1.000000,1.000000,1.000000,1.000000,324.000000,324.000000,324.000000,325.000000,325.000000,325.000000,324.000000,324.000000,324.000000,327.000000,327.000000,327.000000,1.000000,1.000000,1.000000,1.000000,1.000000,1.000000,1.000000,1.000000,1.000000,1.000000,1.000000,1.000000,1.000000,1.000000,1.000000,1.000000,1.000000,1.000000,1.000000,1.000000,1.000000,1.000000,1.000000,1.000000,1.000000,1.000000,1.000000,1.000000,1.000000,349.000000,349.000000,349.000000,349.000000,349.000000,349.000000,137.000000,137.000000,137.000000,169.000000,169.000000,169.000000,1.000000,1.000000,1.000000,12.000000,12.000000,12.000000,1.000000,1.000000,1.000000,1.000000,1.000000,1.000000,1.000000,1.000000,1.000000,279.000000,279.000000,279.000000,280.000000,280.000000,280.000000,279.000000,279.000000,279.000000,279.000000,279.000000,279.000000,1.000000,1.000000,1.000000,1.000000,1.000000,1.000000,1.000000,1.000000,1.000000,1.000000,1.000000,1.000000,1.000000,1.000000,1.000000,1.000000,1.000000,1.000000,1.000000,1.000000,1.000000,1.000000,1.000000,1.000000,1.000000,1.000000,1.000000,1.000000,1.000000,262.000000,262.000000,262.000000,262.000000,262.000000,262.000000,179.000000,179.000000,179.000000,183.000000,183.000000,183.000000,130.000000,130.000000,130.000000,135.000000,135.000000,135.000000,1.000000,1.000000,1.000000,1.000000,1.000000,1.000000,1.000000,1.000000,1.000000,279.000000,279.000000,279.000000,324.000000,324.000000,324.000000,279.000000,279.000000,279.000000,279.000000,279.000000,279.000000,1.000000,1.000000,1.000000,1.000000,1.000000,1.000000,1.000000,1.000000,1.000000,1.000000,1.000000,1.000000,1.000000,1.000000,1.000000,1.000000,1.000000,1.000000,1.000000,1.000000,1.000000,1.000000,1.000000,1.000000,1.000000,1.000000,1.000000,1.000000,1.000000,365.000000,365.000000,365.000000,1.000000,1.000000,1.000000,1.000000,1.000000,1.000000,365.000000,365.000000,365.000000,1.000000,1.000000,1.000000,338.000000,338.000000,338.000000,1.000000,1.000000,1.000000,1.000000,1.000000,1.000000,1.000000,1.000000,1.000000,318.000000,318.000000,318.000000,319.000000,319.000000,319.000000,319.000000,319.000000,319.000000,325.000000,325.000000,325.000000,1.000000,1.000000,1.000000,1.000000,1.000000,1.000000,1.000000,1.000000,1.000000,1.000000,1.000000,1.000000,1.000000,1.000000,75.000000,75.000000,75.000000,365.000000,365.000000,365.000000,1.000000,1.000000,1.000000,1.000000,1.000000,1.000000,1.000000,1.000000,1.000000,135.000000,135.000000,135.000000,262.000000,262.000000,262.000000,239.000000,239.000000,239.000000,262.000000,262.000000,262.000000,1.000000,1.000000,1.000000,1.000000,1.000000,1.000000,1.000000,1.000000,1.000000,1.000000,1.000000,1.000000,1.000000,1.000000,1.000000,262.000000,262.000000,262.000000,278.000000,278.000000,278.000000,318.000000,318.000000,318.000000,318.000000,318.000000,318.000000,1.000000,1.000000,1.000000,1.000000,1.000000,1.000000,1.000000,1.000000,1.000000,1.000000,1.000000,1.000000,1.000000,1.000000,1.000000,1.000000,1.000000,58.000000,58.000000,58.000000
1,1993,MAX_VALUE,1.056652,3.600992,3.600992,2.500000,36.610638,3.573432,1.824165,1.659408,0.570413,0.007020,0.007256,2.915749,0.266650,0.212364,0.062307,0.087539,9.571764,4.798095,25.307306,21.565372,15.869189,12.422591,10.574879,9.568573,0.006348,0.000000,0.000000,0.000000,17781.914063,14488.672852,3299.181885,328.709290,14172.615234,2900.185547,314.884918,60.939342,23.557917,0.000000,4779.535645,1314.079590,382.963928,4397.086426,706.756836,213.721146,94.630768,0.000000,218.195724,57.060104,31.117411,0.000000,18731.945313,13417.967773,2708.611328,1572.772949,1064.984375,17.986870,0.018027,2.069266,26.607336,0.000000,0.000000,0.026960,0.000404,0.026556,8.752094,0.117718,0.117719,0.762324,0.000000,0.001112,0.000000,0.000001,0.000000,0.000346,0.000000,0.012217,0.001113,0.000000,0.000000,8.209048,596800.000000,4.000000,0.203443,298400.000000,2.000000,0.101721,298400.000000,2.000000,0.101721,0.000000,0.000000,0.000000,0.000000,0.000000,0.000000,252122.625000,1.689830,0.085946,298400.000000,2.000000,0.101721,7010735.000000,46.988842,2.389888,4539.479004,0.030425,0.001547,291592.031250,1.954370,0.099401,-5307834.000000,-35.575294,-1.809386,0.000000,0.000000,0.000000,0.000000,0.000000,0.000000,0.000000,0.000000,0.000000,446.313995,0.002991,0.000152,0.396289,0.000003,0.000000,41.449635,0.000278,0.000014,381.265503,0.002555,0.000130,0.000000,0.000000,0.000000,0.000000,0.000000,0.000000,0.000000,0.000000,0.000000,0.000000,0.000000,0.000000,0.000000,0.000000,51609944064.000000,42289.367188,17593.298828,42495467520.000000,34820.933594,14486.268555,9114673152.000000,7468.595215,3107.098633,0.000000,0.000000,0.000000,0.000000,0.000000,0.000000,13829578752.000000,11332.004883,4714.361328,3486856448.000000,2857.142334,1188.633545,4720279.500000,3.867813,1.609095,12334.979492,0.010107,0.004205,2704314.250000,2.215925,0.921873,82754208.000000,67.809082,28.210058,6025029.000000,4.936930,2.053870,45828.312500,0.037552,0.015622,45828.410156,0.037552,0.015622,261.878113,0.000215,0.000089,0.345371,0.000000,0.000000,502.733948,0.000412,0.000171,26183.685547,0.021455,0.008926,0.000000,0.000000,0.000000,0.000000,0.000000,0.000000,0.000000,0.000000,0.000000,0.000000,0.000000,0.000000,0.000000,0.000000,113231504.000000,769.758667,38.599453,22369576.000000,152.070541,7.625559,90861904.000000,617.687988,30.973890,0.000000,0.000000,0.000000,0.000000,0.000000,0.000000,42871780.000000,291.446472,14.614549,60606336.000000,412.007721,20.660078,1398675.125000,9.508328,0.476794,2660.923096,0.018089,0.000907,391132.468750,2.658956,0.133333,7811946.000000,53.106365,2.663012,2328313.250000,15.828098,0.793698,33419.175781,0.227187,0.011392,33419.136719,0.227187,0.011392,39.021938,0.000265,0.000013,0.069034,0.000000,0.000000,48.550919,0.000330,0.000017,1239.430298,0.008426,0.000423,0.000000,0.000000,0.000000,0.000000,0.000000,0.000000,0.000000,0.000000,0.000000,0.000000,0.000000,0.000000,0.000000,0.000000,2806400.000000,4.000000,0.956673,1403200.000000,2.000000,0.478336,1403200.000000,2.000000,0.478336,0.000000,0.000000,0.000000,0.000000,0.000000,0.000000,1179391.625000,1.681003,0.402042,1403200.000000,2.000000,0.478336,35002472.000000,49.889500,11.931983,24951.349609,0.035563,0.008506,1412824.500000,2.013718,0.481617,-29444146.000000,-41.967140,-10.037207,0.000000,0.000000,0.000000,0.000000,0.000000,0.000000,0.000000,0.000000,0.000000,2379.407227,0.003391,0.000811,2.348228,0.000003,0.000001,198.870682,0.000283,0.000068,1622.307373,0.002312,0.000553,0.000000,0.000000,0.000000,0.000000,0.000000,0.000000,0.000000,0.000000,0.000000,0.000000,0.000000,0.000000,0.000000,0.000000,528464000.000000,738.903809,180.147949,64441924.000000,90.103363,21.967590,496580000.000000,694.323242,169.279022,0.000000,0.000000,0.000000,0.000000,0.000000,0.000000,163260112.000000,228.271973,55.653694,333102144.000000,465.746857,113.551102,5946787.500000,8.314859,2.027199,8864.820313,0.012395,0.003022,1270754.375000,1.776782,0.433187,28905872.000000,40.416489,9.853715,20297408.000000,28.380045,6.919178,291336.218750,0.407349,0.099314,291337.312500,0.407351,0.099314,269.891205,0.000377,0.000092,0.456207,0.000001,0.000000,238.505005,0.000333,0.000081,7324.104492,0.010241,0.002497,0.000000,0.000000,0.000000,0.000000,0.000000,0.000000,3492109.500000,4.882703,1.190424,7152.000000,66107.640625,0.092432,0.022535,7152.000000,52757028864.000000,18933.759766,17984.328125,2194518016.000000,14918.544922,748.088623
1,1993,MAX_VALUE_JDAY,81.000000,326.000000,326.000000,330.000000,81.000000,343.000000,81.000000,345.000000,349.000000,131.000000,136.000000,105.000000,347.000000,122.000000,130.000000,126.000000,217.000000,130.000000,217.000000,217.000000,217.000000,217.000000,217.000000,217.000000,81.000000,1.000000,1.000000,1.000000,258.000000,349.000000,262.000000,152.000000,349.000000,262.000000,262.000000,262.000000,349.000000,1.000000,1.000000,1.000000,365.000000,1.000000,1.000000,1.000000,365.000000,1.000000,365.000000,365.000000,365.000000,1.000000,365.000000,365.000000,1.000000,1.000000,1.000000,365.000000,12.000000,365.000000,205.000000,1.000000,1.000000,217.000000,217.000000,217.000000,133.000000,134.000000,134.000000,151.000000,1.000000,346.000000,1.000000,121.000000,1.000000,346.000000,1.000000,346.000000,346.000000,1.000000,1.000000,133.000000,1.000000,1.000000,1.000000,1.000000,1.000000,1.000000,1.000000,1.000000,1.000000,1.000000,1.000000,1.000000,1.000000,1.000000,1.000000,1.000000,1.000000,1.000000,1.000000,1.000000,1.000000,345.000000,345.000000,345.000000,1.000000,1.000000,1.000000,348.000000,348.000000,348.000000,32.000000,32.000000,32.000000,1.000000,1.000000,1.000000,1.000000,1.000000,1.000000,1.000000,1.000000,1.000000,348.000000,348.000000,348.000000,106.000000,106.000000,106.000000,348.000000,348.000000,348.000000,124.000000,124.000000,124.000000,1.000000,1.000000,1.000000,1.000000,1.000000,1.000000,1.000000,1.000000,1.000000,1.000000,1.000000,1.000000,1.000000,1.000000,349.000000,349.000000,349.000000,349.000000,349.000000,349.000000,349.000000,349.000000,349.000000,1.000000,1.000000,1.000000,1.000000,1.000000,1.000000,1.000000,1.000000,1.000000,1.000000,1.000000,1.000000,365.000000,365.000000,365.000000,14.000000,14.000000,14.000000,365.000000,365.000000,365.000000,342.000000,342.000000,342.000000,345.000000,345.000000,345.000000,345.000000,345.000000,345.000000,345.000000,345.000000,345.000000,346.000000,346.000000,346.000000,349.000000,349.000000,349.000000,346.000000,346.000000,346.000000,346.000000,346.000000,346.000000,1.000000,1.000000,1.000000,1.000000,1.000000,1.000000,1.000000,1.000000,1.000000,1.000000,1.000000,1.000000,1.000000,1.000000,262.000000,262.000000,262.000000,262.000000,262.000000,262.000000,262.000000,262.000000,262.000000,1.000000,1.000000,1.000000,1.000000,1.000000,1.000000,365.000000,365.000000,365.000000,365.000000,365.000000,365.000000,129.000000,129.000000,129.000000,129.000000,129.000000,129.000000,364.000000,364.000000,364.000000,364.000000,364.000000,364.000000,139.000000,139.000000,139.000000,139.000000,139.000000,139.000000,139.000000,139.000000,139.000000,102.000000,102.000000,102.000000,120.000000,120.000000,120.000000,346.000000,346.000000,346.000000,347.000000,347.000000,347.000000,1.000000,1.000000,1.000000,1.000000,1.000000,1.000000,1.000000,1.000000,1.000000,1.000000,1.000000,1.000000,1.000000,1.000000,1.000000,1.000000,1.000000,1.000000,1.000000,1.000000,1.000000,1.000000,1.000000,1.000000,1.000000,1.000000,1.000000,1.000000,1.000000,1.000000,1.000000,1.000000,1.000000,1.000000,1.000000,343.000000,343.000000,343.000000,1.000000,1.000000,1.000000,365.000000,365.000000,365.000000,23.000000,23.000000,23.000000,1.000000,1.000000,1.000000,1.000000,1.000000,1.000000,1.000000,1.000000,1.000000,346.000000,346.000000,346.000000,107.000000,107.000000,107.000000,348.000000,348.000000,348.000000,108.000000,108.000000,108.000000,1.000000,1.000000,1.000000,1.000000,1.000000,1.000000,1.000000,1.000000,1.000000,1.000000,1.000000,1.000000,1.000000,1.000000,258.000000,258.000000,258.000000,152.000000,152.000000,152.000000,262.000000,262.000000,262.000000,1.000000,1.000000,1.000000,1.000000,1.000000,1.000000,228.000000,228.000000,228.000000,365.000000,365.000000,365.000000,129.000000,129.000000,129.000000,129.000000,129.000000,129.000000,365.000000,365.000000,365.000000,365.000000,365.000000,365.000000,134.000000,134.000000,134.000000,134.000000,134.000000,134.000000,134.000000,134.000000,134.000000,104.000000,104.000000,104.000000,104.000000,104.000000,104.000000,346.000000,346.000000,346.000000,348.000000,348.000000,348.000000,1.000000,1.000000,1.000000,1.000000,1.000000,1.000000,122.000000,122.000000,122.000000,122.000000,153.000000,153.000000,153.000000,61.000000,365.000000,365.000000,365.000000,365.000000,365.000000,365.000000
1,1993,ANNUAL_SUM,18.885157,3.600992,15.503694,3.599726,786.330577,198.874714,40.816432,79.435969,56.220835,1.211959,2.304363,407.151555,55.691882,50.064720,18.560583,30.454249,1593.616524,729.450363,4280.663246,3988.671488,3688.292960,3370.618895,3203.910839,3114.030437,0.199195,0.000000,0.000000,0.000000,6452736.474609,5270294.765625,1182502.745361,112458.886383,5157874.157227,1051621.960205,101864.908966,20912.818165,8085.560381,0.000000,1700424.182617,458666.714478,130964.559967,1569504.090820,251074.925415,76929.415588,34217.463036,0.000000,67473.147675,18647.762005,10317.587276,0.000000,6755004.019531,4809087.965820,985082.643799,573109.985840,387287.052368,5965.322759,6.397845,738.635604,9602.066605,0.000000,0.000000,5.958991,0.089385,5.869606,326.125825,3.396128,3.396130,61.129224,0.000000,0.112567,0.000000,0.000234,0.000000,0.029658,0.000000,0.843209,0.112801,0.000000,0.000000,264.153391,217832000.000000,1460.000000,74.256692,108916000.000000,730.000000,37.128346,108916000.000000,730.000000,37.128346,0.000000,0.000000,0.000000,0.000000,0.000000,0.000000,90936703.015625,609.495328,30.999388,108916000.000000,730.000000,37.128346,2338422883.000000,15673.075649,797.144327,1578614.283203,10.580525,0.538133,103976894.000000,696.896071,35.444654,-2127052450.000000,-14256.383713,-725.090319,0.000000,0.000000,0.000000,0.000000,0.000000,0.000000,0.000000,0.000000,0.000000,44448.207783,0.297910,0.015152,67.359129,0.000451,0.000023,5092.388456,0.034131,0.001736,53703.360214,0.359942,0.018307,0.000000,0.000000,0.000000,0.000000,0.000000,0.000000,0.000000,0.000000,0.000000,0.000000,0.000000,0.000000,0.000000,0.000000,18752387309568.000000,15365771.300781,6392496.103516,15449898160128.000000,12659700.195313,5266711.481445,3302480670720.000000,2706064.128906,1125781.718018,0.000000,0.000000,0.000000,0.000000,0.000000,0.000000,4921496714240.000000,4032691.493164,1677687.639648,1234758716416.000000,1011765.582031,420916.555542,1483575265.000000,1215.646725,505.735559,4441707.881836,3.639551,1.514133,964697236.000000,790.476267,328.855373,28984552976.000000,23750.043480,9880.536228,558640440.101563,457.751918,190.434784,4249186.596863,3.481798,1.448504,4249186.825623,3.481798,1.448504,12736.898675,0.010437,0.004342,107.274404,0.000088,0.000037,28256.631178,0.023154,0.009632,1311254.522156,1.074447,0.446993,0.000000,0.000000,0.000000,0.000000,0.000000,0.000000,0.000000,0.000000,0.000000,0.000000,0.000000,0.000000,0.000000,0.000000,31475285476.000000,213972.028503,10729.601429,3823669523.562500,25993.674599,1303.449652,27651621408.000000,187978.393005,9426.153620,0.000000,0.000000,0.000000,0.000000,0.000000,0.000000,11669345360.000000,79329.336090,3977.959902,16908839804.000000,114947.925171,5764.049687,397561550.187500,2702.661789,135.524646,913614.630615,6.210840,0.311442,138420947.687500,940.998964,47.186278,2745033143.500000,18661.000301,935.753584,49152252.566895,334.141757,16.755498,705501.028816,4.796064,0.240498,705500.911774,4.796063,0.240498,2272.949079,0.015452,0.000775,6.238586,0.000042,0.000002,3094.801866,0.021039,0.001055,85131.227134,0.578730,0.029020,0.000000,0.000000,0.000000,0.000000,0.000000,0.000000,0.000000,0.000000,0.000000,0.000000,0.000000,0.000000,0.000000,0.000000,1024336000.000000,1460.000000,349.185611,512168000.000000,730.000000,174.592806,512168000.000000,730.000000,174.592806,0.000000,0.000000,0.000000,0.000000,0.000000,0.000000,425292461.250000,606.175114,144.977829,512168000.000000,730.000000,174.592806,11679016328.000000,16646.260422,3981.256623,8741210.154297,12.458965,2.979789,503665747.750000,717.881624,171.694477,-11689284470.000000,-16660.895794,-3984.756945,0.000000,0.000000,0.000000,0.000000,0.000000,0.000000,0.000000,0.000000,0.000000,248694.260193,0.354467,0.084777,433.419635,0.000618,0.000148,25257.192215,0.035999,0.008610,249718.223511,0.355927,0.085126,0.000000,0.000000,0.000000,0.000000,0.000000,0.000000,0.000000,0.000000,0.000000,0.000000,0.000000,0.000000,0.000000,0.000000,144960728608.000000,202685.584106,49415.623169,6714779685.538086,9388.674067,2288.999383,138245934784.000000,193296.884155,47126.617630,0.000000,0.000000,0.000000,0.000000,0.000000,0.000000,54798316736.000000,76619.570404,18680.182991,93193315120.000000,130303.851929,31768.643299,1600925399.750000,2238.430366,545.739015,3093775.796875,4.325749,1.054636,456034116.500000,637.631593,155.457343,10254421556.000000,14337.837742,3495.626917,348897074.674744,487.831482,118.935426,5007856.053981,7.002036,1.707127,5007855.907496,7.002036,1.707127,22063.052362,0.030849,0.007521,72.261530,0.000101,0.000025,25299.475307,0.035374,0.008624,773749.696106,1.081865,0.263763,0.000000,0.000000,0.000000,0.000000,0.000000,0.000000,13968438.000000,19.530813,4.761697,28608.000000,431275.400659,0.603014,0.147017,100128.000000,19014965141504.000000,6824205.119141,6482006.177734,800814654976.000000,5444015.316406,272989.484436
1,1993,ANNUAL_AVERAGE,0.051740,0.009866,0.042476,0.009862,2.154330,0.544862,0.111826,0.217633,0.154030,0.003320,0.006313,1.115484,0.152580,0.137164,0.050851,0.083436,4.366073,1.998494,11.727845,10.927867,10.104912,9.234572,8.777838,8.531590,0.000546,0.000000,0.000000,0.000000,17678.730067,14439.163741,3239.733549,308.106538,14131.162075,2881.156055,279.081942,57.295392,22.152220,0.000000,4658.696391,1256.621136,358.807014,4300.011208,687.876508,210.765522,93.746474,0.000000,184.857939,51.089759,28.267362,0.000000,18506.860327,13175.583468,2698.856558,1570.164345,1061.060417,16.343350,0.017528,2.023659,26.307032,0.000000,0.000000,0.016326,0.000245,0.016081,0.893495,0.009304,0.009304,0.167477,0.000000,0.000308,0.000000,0.000001,0.000000,0.000081,0.000000,0.002310,0.000309,0.000000,0.000000,0.723708,596800.000000,4.000000,0.203443,298400.000000,2.000000,0.101721,298400.000000,2.000000,0.101721,0.000000,0.000000,0.000000,0.000000,0.000000,0.000000,249141.652098,1.669850,0.084930,298400.000000,2.000000,0.101721,6406638.035616,42.939933,2.183957,4324.970639,0.028988,0.001474,284868.202740,1.909304,0.097109,-5827540.958904,-39.058586,-1.986549,0.000000,0.000000,0.000000,0.000000,0.000000,0.000000,0.000000,0.000000,0.000000,121.775912,0.000816,0.000042,0.184546,0.000001,0.000000,13.951749,0.000094,0.000005,147.132494,0.000986,0.000050,0.000000,0.000000,0.000000,0.000000,0.000000,0.000000,0.000000,0.000000,0.000000,0.000000,0.000000,0.000000,0.000000,0.000000,51376403587.857540,42098.003564,17513.687955,42328488109.939730,34684.110124,14429.346525,9047892248.547945,7413.874326,3084.333474,0.000000,0.000000,0.000000,0.000000,0.000000,0.000000,13483552641.753426,11048.469844,4596.404492,3382900592.920548,2771.960499,1153.196043,4064589.767123,3.330539,1.385577,12169.062690,0.009971,0.004148,2643006.126027,2.165688,0.900974,79409734.180822,65.068612,27.069962,1530521.753703,1.254115,0.521739,11641.607115,0.009539,0.003969,11641.607741,0.009539,0.003969,34.895613,0.000029,0.000012,0.293902,0.000000,0.000000,77.415428,0.000063,0.000026,3592.478143,0.002944,0.001225,0.000000,0.000000,0.000000,0.000000,0.000000,0.000000,0.000000,0.000000,0.000000,0.000000,0.000000,0.000000,0.000000,0.000000,86233658.838356,586.224736,29.396168,10475806.913870,71.215547,3.571095,75757866.871233,515.009296,25.825078,0.000000,0.000000,0.000000,0.000000,0.000000,0.000000,31970809.205479,217.340647,10.898520,46325588.504110,314.925822,15.791917,1089209.726541,7.404553,0.371300,2503.053783,0.017016,0.000853,379235.473116,2.578079,0.129277,7520638.749315,51.126028,2.563708,134663.705663,0.915457,0.045905,1932.879531,0.013140,0.000659,1932.879210,0.013140,0.000659,6.227258,0.000042,0.000002,0.017092,0.000000,0.000000,8.478909,0.000058,0.000003,233.236239,0.001586,0.000080,0.000000,0.000000,0.000000,0.000000,0.000000,0.000000,0.000000,0.000000,0.000000,0.000000,0.000000,0.000000,0.000000,0.000000,2806400.000000,4.000000,0.956673,1403200.000000,2.000000,0.478336,1403200.000000,2.000000,0.478336,0.000000,0.000000,0.000000,0.000000,0.000000,0.000000,1165184.825342,1.660754,0.397200,1403200.000000,2.000000,0.478336,31997305.008219,45.606193,10.907552,23948.520971,0.034134,0.008164,1379906.158219,1.966799,0.470396,-32025436.904110,-45.646290,-10.917142,0.000000,0.000000,0.000000,0.000000,0.000000,0.000000,0.000000,0.000000,0.000000,681.354138,0.000971,0.000232,1.187451,0.000002,0.000000,69.197787,0.000099,0.000024,684.159516,0.000975,0.000233,0.000000,0.000000,0.000000,0.000000,0.000000,0.000000,0.000000,0.000000,0.000000,0.000000,0.000000,0.000000,0.000000,0.000000,397152681.117808,555.302970,135.385269,18396656.672707,25.722395,6.271231,378755985.709589,529.580505,129.114021,0.000000,0.000000,0.000000,0.000000,0.000000,0.000000,150132374.619178,209.916631,51.178584,255324151.013699,356.996855,87.037379,4386096.985616,6.132686,1.495175,8476.098074,0.011851,0.002889,1249408.538356,1.746936,0.425911,28094305.632877,39.281747,9.577060,955882.396369,1.336525,0.325850,13720.153573,0.019184,0.004677,13720.153171,0.019184,0.004677,60.446719,0.000085,0.000021,0.197977,0.000000,0.000000,69.313631,0.000097,0.000024,2119.862181,0.002964,0.000723,0.000000,0.000000,0.000000,0.000000,0.000000,0.000000,38269.693151,0.053509,0.013046,78.378082,1181.576440,0.001652,0.000403,274.323288,52095794908.230140,18696.452381,17758.921035,2194012753.358904,14915.110456,747.916396
1,1993,DAY_COUNT,365,365,365,365,365,365,365,365,365,365,365,365,365,365,365,365,365,365,365,365,365,365,365,365,365,365,365,365,365,365,365,365,365,365,365,365,365,365,365,365,365,365,365,365,365,365,365,365,365,365,365,365,365,365,365,365,365,365,365,365,365,365,365,365,365,365,365,365,365,365,365,365,365,365,365,365,365,365,365,365,365,365,365,365,365,365,365,365,365,365,365,365,365,365,365,365,365,365,365,365,365,365,365,365,365,365,365,365,365,365,365,365,365,365,365,365,365,365,365,365,365,365,365,365,365,365,365,365,365,365,365,365,365,365,365,365,365,365,365,365,365,365,365,365,365,365,365,365,365,365,365,365,365,365,365,365,365,365,365,365,365,365,365,365,365,365,365,365,365,365,365,365,365,365,365,365,365,365,365,365,365,365,365,365,365,365,365,365,365,365,365,365,365,365,365,365,365,365,365,365,365,365,365,365,365,365,365,365,365,365,365,365,365,365,365,365,365,365,365,365,365,365,365,365,365,365,365,365,365,365,365,365,365,365,365,365,365,365,365,365,365,365,365,365,365,365,365,365,365,365,365,365,365,365,365,365,365,365,365,365,365,365,365,365,365,365,365,365,365,365,365,365,365,365,365,365,365,365,365,365,365,365,365,365,365,365,365,365,365,365,365,365,365,365,365,365,365,365,365,365,365,365,365,365,365,365,365,365,365,365,365,365,365,365,365,365,365,365,365,365,365,365,365,365,365,365,365,365,365,365,365,365,365,365,365,365,365,365,365,365,365,365,365,365,365,365,365,365,365,365,365,365,365,365,365,365,365,365,365,365,365,365,365,365,365,365,365,365,365,365,365,365,365,365,365,365,365,365,365,365,365,365,365,365,365,365,365,365,365,365,365,365,365,365,365,365,365,365,365,365,365,365,365,365,365,365,365,365,365,365,365,365,365,365,365,365,365,365,365,365,365,365,365,365,365,365
1,1994,INITIAL_VALUE,0.055474,0.000000,0.000000,0.000000,2.500000,0.862585,0.125274,0.420097,0.252914,0.003180,0.005647,1.702621,0.213713,0.187188,0.049403,0.081741,3.322108,2.239924,8.652452,6.037982,5.138536,6.329424,7.097541,7.547720,0.000736,0.000000,0.000000,0.000000,17535.064453,14355.649414,3179.852295,277.803284,14078.073242,2863.740723,244.316025,51.601631,20.118811,0.000000,4689.864258,1310.065552,382.754852,4307.247559,697.027466,212.208572,94.629272,0.000000,218.039200,57.026493,31.114511,0.000000,18732.603516,13418.706055,2689.010742,1567.488037,1057.102051,17.988461,0.017200,2.069416,26.449726,0.000000,0.000000,0.009970,0.000150,0.009820,1.179917,0.008975,0.008975,0.383512,0.000000,0.000488,0.000000,0.000001,0.000000,0.000142,0.000000,0.004544,0.000489,0.000000,0.000000,0.791860,596800.000000,4.000000,0.203443,298400.000000,2.000000,0.101721,298400.000000,2.000000,0.101721,0.000000,0.000000,0.000000,0.000000,0.000000,0.000000,245903.468750,1.648147,0.083826,298400.000000,2.000000,0.101721,7003872.500000,46.942844,2.387548,4159.827637,0.027881,0.001418,291266.468750,1.952188,0.099290,-6412716.000000,-42.980671,-2.186029,0.000000,0.000000,0.000000,0.000000,0.000000,0.000000,0.000000,0.000000,0.000000,175.479782,0.001176,0.000060,0.218888,0.000001,0.000000,19.548946,0.000131,0.000007,221.034866,0.001481,0.000075,0.000000,0.000000,0.000000,0.000000,0.000000,0.000000,0.000000,0.000000,0.000000,0.000000,0.000000,0.000000,0.000000,0.000000,51072274432.000000,41848.800781,17410.013672,42111471616.000000,34506.285156,14355.368164,8960783360.000000,7342.497070,3054.638916,0.000000,0.000000,0.000000,0.000000,0.000000,0.000000,13554097152.000000,11106.274414,4620.452637,3447984896.000000,2825.290771,1175.382568,4709340.000000,3.858850,1.605366,12230.066406,0.010021,0.004169,2704426.250000,2.216016,0.921911,82354456.000000,67.481529,28.073788,3461285.250000,2.836189,1.179917,26327.447266,0.021573,0.008975,26327.396484,0.021573,0.008975,87.783394,0.000072,0.000030,0.334423,0.000000,0.000000,173.765488,0.000142,0.000059,8356.526367,0.006847,0.002849,0.000000,0.000000,0.000000,0.000000,0.000000,0.000000,0.000000,0.000000,0.000000,0.000000,0.000000,0.000000,0.000000,0.000000,64495036.000000,438.443481,21.985695,763197.937500,5.188293,0.260166,63731792.000000,433.254883,21.725513,0.000000,0.000000,0.000000,0.000000,0.000000,0.000000,42816420.000000,291.070160,14.595677,60543680.000000,411.581787,20.638720,1154950.125000,7.851462,0.393711,2526.820068,0.017178,0.000861,391108.062500,2.658790,0.133325,7811309.500000,53.102036,2.662795,0.000000,0.000000,0.000000,0.000000,0.000000,0.000000,0.000000,0.000000,0.000000,9.809937,0.000067,0.000003,0.022274,0.000000,0.000000,19.796682,0.000135,0.000007,527.483826,0.003586,0.000180,0.000000,0.000000,0.000000,0.000000,0.000000,0.000000,0.000000,0.000000,0.000000,0.000000,0.000000,0.000000,0.000000,0.000000,2806400.000000,4.000000,0.956673,1403200.000000,2.000000,0.478336,1403200.000000,2.000000,0.478336,0.000000,0.000000,0.000000,0.000000,0.000000,0.000000,1149494.875000,1.638391,0.391851,1403200.000000,2.000000,0.478336,34992900.000000,49.875854,11.928720,23145.251953,0.032989,0.007890,1412935.375000,2.013876,0.481655,-35075504.000000,-49.993591,-11.956879,0.000000,0.000000,0.000000,0.000000,0.000000,0.000000,0.000000,0.000000,0.000000,1054.617065,0.001503,0.000360,1.384922,0.000002,0.000000,99.734764,0.000142,0.000034,991.517517,0.001413,0.000338,0.000000,0.000000,0.000000,0.000000,0.000000,0.000000,0.000000,0.000000,0.000000,0.000000,0.000000,0.000000,0.000000,0.000000,302174528.000000,422.503540,103.008186,4155.506836,0.005810,0.001417,302170720.000000,422.498230,103.006897,0.000000,0.000000,0.000000,0.000000,0.000000,0.000000,160198208.000000,223.990784,54.609924,332777696.000000,465.293213,113.440498,4908169.000000,6.862652,1.673144,8395.615234,0.011739,0.002862,1270932.750000,1.777031,0.433248,28912456.000000,40.425694,9.855959,0.000000,0.000000,0.000000,0.000000,0.000000,0.000000,0.000000,0.000000,0.000000,103.942337,0.000145,0.000035,0.231962,0.000000,0.000000,105.088982,0.000147,0.000036,3233.385742,0.004521,0.001102,0.000000,0.000000,0.000000,0.000000,0.000000,0.000000,0.000000,0.000000,0.000000,0.000000,0.000000,0.000000,0.000000,0.000000,52758933504.000000,18934.443359,17984.978516,2194535680.000000,14918.665039,748.094604
1,1994,FINAL_VALUE,0.000000,0.000000,0.000000,0.000000,0.000000,2.431032,0.013746,0.742007,1.653960,0.013753,0.007566,5.655740,0.238551,0.269394,0.068504,0.085687,2.485579,1.777122,4.451279,4.123554,5.389009,6.444014,7.146074,7.567604,0.000000,0.000000,0.000000,0.000000,17523.679688,14344.926758,3179.086670,277.284760,14067.900391,2862.875488,244.495209,51.530293,20.077888,0.000000,4653.571289,1316.123413,388.999542,4264.734375,690.934631,211.795715,95.632668,0.000000,224.679169,59.159050,33.905731,0.000000,19125.041016,13844.009766,2670.126221,1562.673706,1049.625854,20.555145,0.016514,2.159434,27.180946,0.000000,0.000000,0.010368,0.000156,0.010213,0.000000,0.000000,0.000000,0.502887,0.000000,0.001310,0.000000,0.000002,0.000000,0.000438,0.000000,0.015579,0.001311,0.000000,0.000000,-0.518466,596800.000000,4.000000,0.203443,298400.000000,2.000000,0.101721,298400.000000,2.000000,0.101721,0.000000,0.000000,0.000000,0.000000,0.000000,0.000000,240133.546875,1.609474,0.081859,298400.000000,2.000000,0.101721,8027783.500000,53.805519,2.736589,3834.755615,0.025702,0.001307,302987.531250,2.030747,0.103285,-7084640.000000,-47.484180,-2.415081,0.000000,0.000000,0.000000,0.000000,0.000000,0.000000,0.000000,0.000000,0.000000,582.351135,0.003903,0.000199,0.629797,0.000004,0.000000,71.438080,0.000479,0.000024,1181.220215,0.007917,0.000403,0.000000,0.000000,0.000000,0.000000,0.000000,0.000000,0.000000,0.000000,0.000000,0.000000,0.000000,0.000000,0.000000,0.000000,51037036544.000000,41819.925781,17398.001953,42080014336.000000,34480.511719,14344.644531,8956914688.000000,7339.326660,3053.320068,0.000000,0.000000,0.000000,0.000000,0.000000,0.000000,13443742720.000000,11015.849609,4582.833496,3452208128.000000,2828.751221,1176.822266,5088035.000000,4.169154,1.734459,12200.198242,0.009997,0.004159,2810344.250000,2.302806,0.958017,86408712.000000,70.803596,29.455841,0.000000,0.000000,0.000000,0.000000,0.000000,0.000000,0.000000,0.000000,0.000000,240.187546,0.000197,0.000082,0.551394,0.000000,0.000000,586.510681,0.000481,0.000200,29028.134766,0.023786,0.009895,0.000000,0.000000,0.000000,0.000000,0.000000,0.000000,0.000000,0.000000,0.000000,0.000000,0.000000,0.000000,0.000000,0.000000,65004520.000000,441.906982,22.159372,763197.000000,5.188287,0.260166,64241312.000000,436.718658,21.899202,0.000000,0.000000,0.000000,0.000000,0.000000,0.000000,42329144.000000,287.757599,14.429570,60787648.000000,413.240326,20.721886,1385193.000000,9.416676,0.472198,2563.438721,0.017427,0.000874,405755.718750,2.758367,0.138318,8132490.500000,55.285458,2.772282,0.000000,0.000000,0.000000,0.000000,0.000000,0.000000,0.000000,0.000000,0.000000,44.239082,0.000301,0.000015,0.053923,0.000000,0.000000,56.091892,0.000381,0.000019,1846.981079,0.012556,0.000630,0.000000,0.000000,0.000000,0.000000,0.000000,0.000000,0.000000,0.000000,0.000000,0.000000,0.000000,0.000000,0.000000,0.000000,2806400.000000,4.000000,0.956673,1403200.000000,2.000000,0.478336,1403200.000000,2.000000,0.478336,0.000000,0.000000,0.000000,0.000000,0.000000,0.000000,1121652.125000,1.598706,0.382360,1403200.000000,2.000000,0.478336,40263720.000000,57.388424,13.725488,21603.943359,0.030792,0.007365,1482232.500000,2.112646,0.505278,-38802184.000000,-55.305279,-13.227266,0.000000,0.000000,0.000000,0.000000,0.000000,0.000000,0.000000,0.000000,0.000000,2699.001709,0.003847,0.000920,3.362547,0.000005,0.000001,293.295380,0.000418,0.000100,4329.205078,0.006170,0.001476,0.000000,0.000000,0.000000,0.000000,0.000000,0.000000,0.000000,0.000000,0.000000,0.000000,0.000000,0.000000,0.000000,0.000000,303265600.000000,424.029083,103.380127,138.049789,0.000193,0.000047,303265504.000000,424.028931,103.380089,0.000000,0.000000,0.000000,0.000000,0.000000,0.000000,164561696.000000,230.091858,56.097393,346124640.000000,483.955017,117.990326,5533295.500000,7.736711,1.886244,8244.500977,0.011528,0.002810,1333409.625000,1.864387,0.454546,31081454.000000,43.458408,10.595348,0.000000,0.000000,0.000000,0.000000,0.000000,0.000000,0.000000,0.000000,0.000000,275.937408,0.000386,0.000094,0.334189,0.000000,0.000000,276.353302,0.000386,0.000094,9315.390625,0.013025,0.003176,0.000000,0.000000,0.000000,0.000000,0.000000,0.000000,0.000000,0.000000,0.000000,0.000000,0.000000,0.000000,0.000000,0.000000,53907685376.000000,19346.714844,18376.576172,2197693440.000000,14940.131836,749.171082
1,1994,ANNUAL_DELTA,-0.055474,0.000000,0.000000,0.000000,-2.500000,1.568447,-0.111527,0.321909,1.401046,0.010573,0.001919,3.953118,0.024839,0.082206,0.019101,0.003946,-0.836529,-0.462802,-4.201173,-1.914428,0.250473,0.114590,0.048532,0.019884,-0.000736,0.000000,0.000000,0.000000,-11.384766,-10.722656,-0.765625,-0.518524,-10.172852,-0.865234,0.179184,-0.071339,-0.040922,0.000000,-36.292969,6.057861,6.244690,-42.513184,-6.092834,-0.412857,1.003395,0.000000,6.639969,2.132557,2.791220,0.000000,392.437500,425.303711,-18.884521,-4.814331,-7.476196,2.566685,-0.000685,0.090018,0.731220,0.000000,0.000000,0.000398,0.000006,0.000392,-1.179917,-0.008975,-0.008975,0.119374,0.000000,0.000822,0.000000,0.000001,0.000000,0.000295,0.000000,0.011035,0.000823,0.000000,0.000000,-1.310326,0.000000,0.000000,0.000000,0.000000,0.000000,0.000000,0.000000,0.000000,0.000000,0.000000,0.000000,0.000000,0.000000,0.000000,0.000000,-5769.921875,-0.038672,-0.001967,0.000000,0.000000,0.000000,1023911.000000,6.862675,0.349041,-325.072021,-0.002179,-0.000111,11721.062500,0.078559,0.003996,-671924.000000,-4.503510,-0.229052,0.000000,0.000000,0.000000,0.000000,0.000000,0.000000,0.000000,0.000000,0.000000,406.871353,0.002727,0.000139,0.410909,0.000003,0.000000,51.889133,0.000348,0.000018,960.185349,0.006436,0.000327,0.000000,0.000000,0.000000,0.000000,0.000000,0.000000,0.000000,0.000000,0.000000,0.000000,0.000000,0.000000,0.000000,0.000000,-35237888.000000,-28.875000,-12.011719,-31457280.000000,-25.773438,-10.723633,-3868672.000000,-3.170410,-1.318848,0.000000,0.000000,0.000000,0.000000,0.000000,0.000000,-110354432.000000,-90.424805,-37.619141,4223232.000000,3.460449,1.439697,378695.000000,0.310304,0.129093,-29.868164,-0.000024,-0.000010,105918.000000,0.086789,0.036106,4054256.000000,3.322067,1.382053,-3461285.250000,-2.836189,-1.179917,-26327.447266,-0.021573,-0.008975,-26327.396484,-0.021573,-0.008975,152.404152,0.000125,0.000052,0.216971,0.000000,0.000000,412.745193,0.000338,0.000141,20671.608398,0.016938,0.007047,0.000000,0.000000,0.000000,0.000000,0.000000,0.000000,0.000000,0.000000,0.000000,0.000000,0.000000,0.000000,0.000000,0.000000,509484.000000,3.463501,0.173677,-0.937500,-0.000007,-0.000000,509520.000000,3.463776,0.173689,0.000000,0.000000,0.000000,0.000000,0.000000,0.000000,-487276.000000,-3.312561,-0.166107,243968.000000,1.658539,0.083166,230242.875000,1.565213,0.078487,36.618652,0.000249,0.000012,14647.656250,0.099576,0.004993,321181.000000,2.183422,0.109487,0.000000,0.000000,0.000000,0.000000,0.000000,0.000000,0.000000,0.000000,0.000000,34.429145,0.000234,0.000012,0.031649,0.000000,0.000000,36.295210,0.000247,0.000012,1319.497253,0.008970,0.000450,0.000000,0.000000,0.000000,0.000000,0.000000,0.000000,0.000000,0.000000,0.000000,0.000000,0.000000,0.000000,0.000000,0.000000,0.000000,0.000000,0.000000,0.000000,0.000000,0.000000,0.000000,0.000000,0.000000,0.000000,0.000000,0.000000,0.000000,0.000000,0.000000,-27842.750000,-0.039685,-0.009491,0.000000,0.000000,0.000000,5270820.000000,7.512569,1.796768,-1541.308594,-0.002197,-0.000525,69297.125000,0.098770,0.023623,-3726680.000000,-5.311687,-1.270388,0.000000,0.000000,0.000000,0.000000,0.000000,0.000000,0.000000,0.000000,0.000000,1644.384644,0.002344,0.000561,1.977625,0.000003,0.000001,193.560616,0.000276,0.000066,3337.687561,0.004757,0.001138,0.000000,0.000000,0.000000,0.000000,0.000000,0.000000,0.000000,0.000000,0.000000,0.000000,0.000000,0.000000,0.000000,0.000000,1091072.000000,1.525543,0.371941,-4017.457047,-0.005617,-0.001370,1094784.000000,1.530701,0.373192,0.000000,0.000000,0.000000,0.000000,0.000000,0.000000,4363488.000000,6.101074,1.487469,13346944.000000,18.661804,4.549828,625126.500000,0.874059,0.213099,-151.114258,-0.000211,-0.000052,62476.875000,0.087356,0.021298,2168998.000000,3.032715,0.739389,0.000000,0.000000,0.000000,0.000000,0.000000,0.000000,0.000000,0.000000,0.000000,171.995071,0.000240,0.000059,0.102227,0.000000,0.000000,171.264320,0.000239,0.000058,6082.004883,0.008504,0.002073,0.000000,0.000000,0.000000,0.000000,0.000000,0.000000,0.000000,0.000000,0.000000,0.000000,0.000000,0.000000,0.000000,0.000000,1148751872.000000,412.271484,391.597656,3157760.000000,21.466797,1.076477
1,1994,MIN_VALUE,0.000000,0.000000,0.000000,0.000000,0.000000,0.073007,0.000032,0.030078,0.031015,0.001522,0.004720,0.148836,0.074425,0.077709,0.036200,0.074970,1.631032,0.571002,-1.399904,0.760719,4.180516,5.761415,6.771793,7.359148,0.000000,0.000000,0.000000,0.000000,17523.679688,14344.926758,3179.086670,277.284760,14067.900391,2862.875488,244.316025,51.530293,20.077888,0.000000,4495.817383,1208.022583,346.318176,4148.728516,664.344421,207.926651,94.029465,0.000000,162.169144,49.416061,29.994432,0.000000,18732.603516,13418.706055,2670.126221,1562.673706,1049.625854,17.988461,0.016514,2.069416,26.449726,0.000000,0.000000,0.008669,0.000130,0.008539,0.000000,0.000000,0.000000,-1.066980,0.000000,0.000162,0.000000,0.000000,0.000000,0.000027,0.000000,0.000657,0.000163,0.000000,0.000000,-0.533054,596800.000000,4.000000,0.203443,298400.000000,2.000000,0.101721,298400.000000,2.000000,0.101721,0.000000,0.000000,0.000000,0.000000,0.000000,0.000000,240133.546875,1.609474,0.081859,298400.000000,2.000000,0.101721,7003872.500000,46.942844,2.387548,3834.755615,0.025702,0.001307,291005.968750,1.950442,0.099201,-7398319.000000,-49.586586,-2.522011,0.000000,0.000000,0.000000,0.000000,0.000000,0.000000,0.000000,0.000000,0.000000,60.503155,0.000406,0.000021,0.074926,0.000001,0.000000,5.728135,0.000038,0.000002,59.984936,0.000402,0.000020,0.000000,0.000000,0.000000,0.000000,0.000000,0.000000,0.000000,0.000000,0.000000,0.000000,0.000000,0.000000,0.000000,0.000000,51037036544.000000,41819.925781,17398.001953,42080014336.000000,34480.511719,14344.644531,8956914688.000000,7339.326660,3053.320068,0.000000,0.000000,0.000000,0.000000,0.000000,0.000000,12984570880.000000,10639.602539,4426.306641,3275589376.000000,2684.029297,1116.614746,4041443.750000,3.311573,1.377687,12049.480469,0.009873,0.004108,2704426.250000,2.216016,0.921911,82343144.000000,67.472260,28.069931,0.000000,0.000000,0.000000,0.000000,0.000000,0.000000,0.000000,0.000000,0.000000,16.443403,0.000013,0.000006,0.232705,0.000000,0.000000,15.985616,0.000013,0.000005,752.023254,0.000616,0.000256,0.000000,0.000000,0.000000,0.000000,0.000000,0.000000,0.000000,0.000000,0.000000,0.000000,0.000000,0.000000,0.000000,0.000000,64495036.000000,438.443481,21.985695,763197.000000,5.188287,0.260166,63731792.000000,433.254883,21.725513,0.000000,0.000000,0.000000,0.000000,0.000000,0.000000,27431718.000000,186.483475,9.351191,43350340.000000,294.699799,14.777685,1058942.000000,7.198790,0.360982,2443.512207,0.016611,0.000833,389789.343750,2.649826,0.132875,7726441.500000,52.525093,2.633864,0.000000,0.000000,0.000000,0.000000,0.000000,0.000000,0.000000,0.000000,0.000000,0.317247,0.000002,0.000000,0.004854,0.000000,0.000000,0.113847,0.000001,0.000000,3.987161,0.000027,0.000001,0.000000,0.000000,0.000000,0.000000,0.000000,0.000000,0.000000,0.000000,0.000000,0.000000,0.000000,0.000000,0.000000,0.000000,2806400.000000,4.000000,0.956673,1403200.000000,2.000000,0.478336,1403200.000000,2.000000,0.478336,0.000000,0.000000,0.000000,0.000000,0.000000,0.000000,1121652.125000,1.598706,0.382360,1403200.000000,2.000000,0.478336,34992900.000000,49.875854,11.928720,21603.943359,0.030792,0.007365,1412935.375000,2.013876,0.481655,-39962420.000000,-56.958977,-13.622778,0.000000,0.000000,0.000000,0.000000,0.000000,0.000000,0.000000,0.000000,0.000000,372.408478,0.000531,0.000127,0.522386,0.000001,0.000000,32.010765,0.000046,0.000011,305.761169,0.000436,0.000104,0.000000,0.000000,0.000000,0.000000,0.000000,0.000000,0.000000,0.000000,0.000000,0.000000,0.000000,0.000000,0.000000,0.000000,302174528.000000,422.503540,103.008186,138.049789,0.000193,0.000047,302170720.000000,422.498230,103.006897,0.000000,0.000000,0.000000,0.000000,0.000000,0.000000,133156328.000000,186.180542,45.391624,190041504.000000,265.717987,64.783195,4006619.500000,5.602097,1.365815,8055.880859,0.011264,0.002746,1270932.750000,1.777031,0.433248,28912456.000000,40.425694,9.855959,0.000000,0.000000,0.000000,0.000000,0.000000,0.000000,0.000000,0.000000,0.000000,17.544491,0.000025,0.000006,0.110113,0.000000,0.000000,24.075144,0.000034,0.000008,757.022461,0.001058,0.000258,0.000000,0.000000,0.000000,0.000000,0.000000,0.000000,0.000000,0.000000,0.000000,0.000000,0.000000,0.000000,0.000000,0.000000,52758933504.000000,18934.443359,17984.978516,2194535680.000000,14918.665039,748.094604
1,1994,MIN_VALUE_JDAY,6.000000,1.000000,1.000000,1.000000,6.000000,285.000000,297.000000,285.000000,298.000000,298.000000,321.000000,285.000000,285.000000,297.000000,297.000000,298.000000,39.000000,283.000000,39.000000,39.000000,341.000000,341.000000,341.000000,341.000000,6.000000,1.000000,1.000000,1.000000,365.000000,365.000000,365.000000,365.000000,365.000000,365.000000,1.000000,365.000000,365.000000,1.000000,349.000000,262.000000,319.000000,349.000000,262.000000,262.000000,349.000000,1.000000,262.000000,262.000000,349.000000,1.000000,1.000000,1.000000,365.000000,365.000000,365.000000,1.000000,363.000000,1.000000,1.000000,1.000000,1.000000,39.000000,39.000000,39.000000,350.000000,350.000000,350.000000,201.000000,1.000000,286.000000,1.000000,298.000000,1.000000,286.000000,1.000000,286.000000,286.000000,1.000000,1.000000,362.000000,1.000000,1.000000,1.000000,1.000000,1.000000,1.000000,1.000000,1.000000,1.000000,1.000000,1.000000,1.000000,1.000000,1.000000,1.000000,365.000000,365.000000,365.000000,1.000000,1.000000,1.000000,1.000000,1.000000,1.000000,365.000000,365.000000,365.000000,43.000000,43.000000,43.000000,304.000000,304.000000,304.000000,1.000000,1.000000,1.000000,1.000000,1.000000,1.000000,1.000000,1.000000,1.000000,298.000000,298.000000,298.000000,299.000000,299.000000,299.000000,298.000000,298.000000,298.000000,300.000000,300.000000,300.000000,1.000000,1.000000,1.000000,1.000000,1.000000,1.000000,1.000000,1.000000,1.000000,1.000000,1.000000,1.000000,1.000000,1.000000,365.000000,365.000000,365.000000,365.000000,365.000000,365.000000,365.000000,365.000000,365.000000,1.000000,1.000000,1.000000,1.000000,1.000000,1.000000,349.000000,349.000000,349.000000,349.000000,349.000000,349.000000,112.000000,112.000000,112.000000,146.000000,146.000000,146.000000,1.000000,1.000000,1.000000,7.000000,7.000000,7.000000,350.000000,350.000000,350.000000,350.000000,350.000000,350.000000,350.000000,350.000000,350.000000,245.000000,245.000000,245.000000,247.000000,247.000000,247.000000,286.000000,286.000000,286.000000,286.000000,286.000000,286.000000,1.000000,1.000000,1.000000,1.000000,1.000000,1.000000,1.000000,1.000000,1.000000,1.000000,1.000000,1.000000,1.000000,1.000000,1.000000,1.000000,1.000000,365.000000,365.000000,365.000000,1.000000,1.000000,1.000000,1.000000,1.000000,1.000000,1.000000,1.000000,1.000000,262.000000,262.000000,262.000000,262.000000,262.000000,262.000000,174.000000,174.000000,174.000000,180.000000,180.000000,180.000000,106.000000,106.000000,106.000000,109.000000,109.000000,109.000000,1.000000,1.000000,1.000000,1.000000,1.000000,1.000000,1.000000,1.000000,1.000000,286.000000,286.000000,286.000000,298.000000,298.000000,298.000000,286.000000,286.000000,286.000000,286.000000,286.000000,286.000000,1.000000,1.000000,1.000000,1.000000,1.000000,1.000000,1.000000,1.000000,1.000000,1.000000,1.000000,1.000000,1.000000,1.000000,1.000000,1.000000,1.000000,1.000000,1.000000,1.000000,1.000000,1.000000,1.000000,1.000000,1.000000,1.000000,1.000000,1.000000,1.000000,365.000000,365.000000,365.000000,1.000000,1.000000,1.000000,1.000000,1.000000,1.000000,365.000000,365.000000,365.000000,1.000000,1.000000,1.000000,305.000000,305.000000,305.000000,1.000000,1.000000,1.000000,1.000000,1.000000,1.000000,1.000000,1.000000,1.000000,285.000000,285.000000,285.000000,297.000000,297.000000,297.000000,293.000000,293.000000,293.000000,298.000000,298.000000,298.000000,1.000000,1.000000,1.000000,1.000000,1.000000,1.000000,1.000000,1.000000,1.000000,1.000000,1.000000,1.000000,1.000000,1.000000,1.000000,1.000000,1.000000,365.000000,365.000000,365.000000,1.000000,1.000000,1.000000,1.000000,1.000000,1.000000,1.000000,1.000000,1.000000,135.000000,135.000000,135.000000,262.000000,262.000000,262.000000,238.000000,238.000000,238.000000,262.000000,262.000000,262.000000,1.000000,1.000000,1.000000,1.000000,1.000000,1.000000,1.000000,1.000000,1.000000,1.000000,1.000000,1.000000,1.000000,1.000000,1.000000,244.000000,244.000000,244.000000,285.000000,285.000000,285.000000,163.000000,163.000000,163.000000,163.000000,163.000000,163.000000,1.000000,1.000000,1.000000,1.000000,1.000000,1.000000,1.000000,1.000000,1.000000,1.000000,1.000000,1.000000,1.000000,1.000000,1.000000,1.000000,1.000000,1.000000,1.000000,1.000000
1,1994,MAX_VALUE,1.514349,0.000000,0.000000,0.000000,38.888512,7.125057,1.945735,3.613690,1.959917,0.013753,0.007566,6.552280,0.300329,0.276003,0.068504,0.085687,10.065562,3.522356,26.145098,21.922049,16.040905,12.424425,10.552948,9.547151,0.006117,0.000000,0.000000,0.000000,17780.779297,14511.496094,3298.944580,327.986572,14190.427734,2901.133057,314.050079,61.241028,24.033779,0.000000,4689.864258,1316.123413,388.999542,4307.247559,697.027466,212.208572,95.632668,0.000000,224.679169,59.159050,33.905731,0.000000,19125.041016,13844.009766,2689.010742,1567.488037,1057.102051,20.555145,0.017200,2.159434,27.199417,0.000000,0.000000,0.027569,0.000414,0.027156,5.971586,0.081243,0.081243,0.668665,0.000000,0.002211,0.000000,0.000002,0.000000,0.000709,0.000000,0.026531,0.002213,0.000000,0.000000,5.577306,596800.000000,4.000000,0.203443,298400.000000,2.000000,0.101721,298400.000000,2.000000,0.101721,0.000000,0.000000,0.000000,0.000000,0.000000,0.000000,245903.468750,1.648147,0.083826,298400.000000,2.000000,0.101721,8074739.000000,54.120235,2.752596,4159.827637,0.027881,0.001418,303146.937500,2.031816,0.103340,-6290552.000000,-42.161877,-2.144385,0.000000,0.000000,0.000000,0.000000,0.000000,0.000000,0.000000,0.000000,0.000000,964.107788,0.006462,0.000329,0.675236,0.000005,0.000000,87.683357,0.000588,0.000030,1278.678467,0.008570,0.000436,0.000000,0.000000,0.000000,0.000000,0.000000,0.000000,0.000000,0.000000,0.000000,0.000000,0.000000,0.000000,0.000000,0.000000,51704582144.000000,42366.914063,17625.560547,42562859008.000000,34876.152344,14509.240234,9141655552.000000,7490.704590,3116.296631,0.000000,0.000000,0.000000,0.000000,0.000000,0.000000,13554097152.000000,11106.274414,4620.452637,3452208128.000000,2828.751221,1176.822266,5161463.000000,4.229321,1.759490,12230.066406,0.010021,0.004169,2819897.750000,2.310634,0.961274,87719592.000000,71.877739,29.902708,5477211.500000,4.488046,1.867125,41661.312500,0.034137,0.014202,41661.378906,0.034137,0.014202,472.866669,0.000387,0.000161,0.561584,0.000000,0.000000,1105.052979,0.000905,0.000377,57570.792969,0.047174,0.019625,0.000000,0.000000,0.000000,0.000000,0.000000,0.000000,0.000000,0.000000,0.000000,0.000000,0.000000,0.000000,0.000000,0.000000,105437184.000000,716.772156,35.942455,18760632.000000,127.536591,6.395307,86676600.000000,589.235901,29.547163,0.000000,0.000000,0.000000,0.000000,0.000000,0.000000,42816420.000000,291.070160,14.595677,60787648.000000,413.240326,20.721886,1455337.750000,9.893526,0.496110,2649.971680,0.018015,0.000903,407131.875000,2.767722,0.138787,8183169.500000,55.629978,2.789558,1612148.625000,10.959542,0.549565,23139.791016,0.157307,0.007888,23139.787109,0.157307,0.007888,59.794426,0.000406,0.000020,0.065726,0.000000,0.000000,113.293060,0.000770,0.000039,3126.560303,0.021255,0.001066,0.000000,0.000000,0.000000,0.000000,0.000000,0.000000,0.000000,0.000000,0.000000,0.000000,0.000000,0.000000,0.000000,0.000000,2806400.000000,4.000000,0.956673,1403200.000000,2.000000,0.478336,1403200.000000,2.000000,0.478336,0.000000,0.000000,0.000000,0.000000,0.000000,0.000000,1149494.875000,1.638391,0.391851,1403200.000000,2.000000,0.478336,40446636.000000,57.649136,13.787842,23145.251953,0.032989,0.007890,1482232.500000,2.112646,0.505278,-34606972.000000,-49.325787,-11.797161,0.000000,0.000000,0.000000,0.000000,0.000000,0.000000,0.000000,0.000000,0.000000,4647.108887,0.006624,0.001584,3.530339,0.000005,0.000001,384.145325,0.000548,0.000131,4650.417480,0.006628,0.001585,0.000000,0.000000,0.000000,0.000000,0.000000,0.000000,0.000000,0.000000,0.000000,0.000000,0.000000,0.000000,0.000000,0.000000,532437888.000000,744.460144,181.502609,61332356.000000,85.755531,20.907570,499848640.000000,698.893555,170.393265,0.000000,0.000000,0.000000,0.000000,0.000000,0.000000,167145568.000000,233.704666,56.978210,346124640.000000,483.955017,117.990326,6332230.500000,8.853789,2.158592,8619.565430,0.012052,0.002938,1333409.625000,1.864387,0.454546,31081454.000000,43.458408,10.595348,14134028.000000,19.762344,4.818145,202871.281250,0.283657,0.069157,202871.500000,0.283657,0.069157,407.997711,0.000570,0.000139,0.407179,0.000001,0.000000,459.262848,0.000642,0.000157,14995.432617,0.020967,0.005112,0.000000,0.000000,0.000000,0.000000,0.000000,0.000000,3492109.500000,4.882703,1.190424,7152.000000,63937.199219,0.089398,0.021796,7152.000000,53907685376.000000,19346.714844,18376.576172,2197695744.000000,14940.148438,749.171936
1,1994,MAX_VALUE_JDAY,353.000000,1.000000,1.000000,1.000000,353.000000,354.000000,353.000000,354.000000,363.000000,365.000000,365.000000,362.000000,353.000000,362.000000,365.000000,365.000000,201.000000,187.000000,201.000000,201.000000,204.000000,204.000000,204.000000,204.000000,353.000000,1.000000,1.000000,1.000000,258.000000,349.000000,262.000000,152.000000,349.000000,262.000000,262.000000,349.000000,349.000000,1.000000,1.000000,365.000000,365.000000,1.000000,1.000000,1.000000,365.000000,1.000000,365.000000,365.000000,365.000000,1.000000,365.000000,365.000000,1.000000,1.000000,1.000000,365.000000,1.000000,365.000000,190.000000,1.000000,1.000000,204.000000,204.000000,204.000000,128.000000,128.000000,128.000000,103.000000,1.000000,355.000000,1.000000,363.000000,1.000000,355.000000,1.000000,354.000000,355.000000,1.000000,1.000000,128.000000,1.000000,1.000000,1.000000,1.000000,1.000000,1.000000,1.000000,1.000000,1.000000,1.000000,1.000000,1.000000,1.000000,1.000000,1.000000,1.000000,1.000000,1.000000,1.000000,1.000000,1.000000,335.000000,335.000000,335.000000,1.000000,1.000000,1.000000,362.000000,362.000000,362.000000,84.000000,84.000000,84.000000,1.000000,1.000000,1.000000,1.000000,1.000000,1.000000,1.000000,1.000000,1.000000,355.000000,355.000000,355.000000,363.000000,363.000000,363.000000,355.000000,355.000000,355.000000,363.000000,363.000000,363.000000,1.000000,1.000000,1.000000,1.000000,1.000000,1.000000,1.000000,1.000000,1.000000,1.000000,1.000000,1.000000,1.000000,1.000000,349.000000,349.000000,349.000000,349.000000,349.000000,349.000000,349.000000,349.000000,349.000000,1.000000,1.000000,1.000000,1.000000,1.000000,1.000000,1.000000,1.000000,1.000000,365.000000,365.000000,365.000000,299.000000,299.000000,299.000000,1.000000,1.000000,1.000000,350.000000,350.000000,350.000000,334.000000,334.000000,334.000000,312.000000,312.000000,312.000000,312.000000,312.000000,312.000000,312.000000,312.000000,312.000000,354.000000,354.000000,354.000000,363.000000,363.000000,363.000000,354.000000,354.000000,354.000000,354.000000,354.000000,354.000000,1.000000,1.000000,1.000000,1.000000,1.000000,1.000000,1.000000,1.000000,1.000000,1.000000,1.000000,1.000000,1.000000,1.000000,262.000000,262.000000,262.000000,262.000000,262.000000,262.000000,262.000000,262.000000,262.000000,1.000000,1.000000,1.000000,1.000000,1.000000,1.000000,1.000000,1.000000,1.000000,365.000000,365.000000,365.000000,121.000000,121.000000,121.000000,120.000000,120.000000,120.000000,348.000000,348.000000,348.000000,348.000000,348.000000,348.000000,130.000000,130.000000,130.000000,130.000000,130.000000,130.000000,130.000000,130.000000,130.000000,362.000000,362.000000,362.000000,362.000000,362.000000,362.000000,354.000000,354.000000,354.000000,354.000000,354.000000,354.000000,1.000000,1.000000,1.000000,1.000000,1.000000,1.000000,1.000000,1.000000,1.000000,1.000000,1.000000,1.000000,1.000000,1.000000,1.000000,1.000000,1.000000,1.000000,1.000000,1.000000,1.000000,1.000000,1.000000,1.000000,1.000000,1.000000,1.000000,1.000000,1.000000,1.000000,1.000000,1.000000,1.000000,1.000000,1.000000,351.000000,351.000000,351.000000,1.000000,1.000000,1.000000,365.000000,365.000000,365.000000,84.000000,84.000000,84.000000,1.000000,1.000000,1.000000,1.000000,1.000000,1.000000,1.000000,1.000000,1.000000,355.000000,355.000000,355.000000,363.000000,363.000000,363.000000,355.000000,355.000000,355.000000,363.000000,363.000000,363.000000,1.000000,1.000000,1.000000,1.000000,1.000000,1.000000,1.000000,1.000000,1.000000,1.000000,1.000000,1.000000,1.000000,1.000000,258.000000,258.000000,258.000000,135.000000,135.000000,135.000000,262.000000,262.000000,262.000000,1.000000,1.000000,1.000000,1.000000,1.000000,1.000000,197.000000,197.000000,197.000000,365.000000,365.000000,365.000000,119.000000,119.000000,119.000000,117.000000,117.000000,117.000000,365.000000,365.000000,365.000000,365.000000,365.000000,365.000000,128.000000,128.000000,128.000000,128.000000,128.000000,128.000000,128.000000,128.000000,128.000000,354.000000,354.000000,354.000000,362.000000,362.000000,362.000000,355.000000,355.000000,355.000000,355.000000,355.000000,355.000000,1.000000,1.000000,1.000000,1.000000,1.000000,1.000000,122.000000,122.000000,122.000000,122.000000,136.000000,136.000000,136.000000,61.000000,365.000000,365.000000,365.000000,363.000000,363.000000,363.000000
1,1994,ANNUAL_SUM,22.023761,0.000000,0.000000,0.000000,849.780961,236.122097,43.984187,95.651107,71.297824,1.177283,1.987933,436.577085,57.261773,51.115501,17.669495,28.937805,1600.878991,692.809377,4331.167045,3997.039937,3667.426423,3342.240693,3182.785257,3099.894864,0.215124,0.000000,0.000000,0.000000,6459553.767578,5275011.171875,1184612.335205,113238.073181,5161765.993164,1052589.925537,102711.446274,21124.983627,8172.064816,0.000000,1672081.668457,457316.963501,131226.414551,1540904.820801,247662.860352,76412.812332,34424.001579,0.000000,68662.765198,19004.626339,11141.883570,0.000000,6905507.876953,4972073.855469,978022.408203,571251.337646,384475.417725,6918.264990,6.120542,771.450809,9833.961420,0.000000,0.000000,6.017277,0.090259,5.927017,350.936312,3.574785,3.574783,73.294051,0.000000,0.143893,0.000000,0.000210,0.000000,0.035636,0.000000,1.086118,0.144103,0.000000,0.000000,276.556144,217832000.000000,1460.000000,74.256692,108916000.000000,730.000000,37.128346,108916000.000000,730.000000,37.128346,0.000000,0.000000,0.000000,0.000000,0.000000,0.000000,88731615.500000,594.715922,30.247696,108916000.000000,730.000000,37.128346,2733763620.000000,18322.812473,931.911919,1454554.490479,9.749025,0.495843,107836126.812500,722.762246,36.760227,-2477979034.000000,-16608.438587,-844.717585,0.000000,0.000000,0.000000,0.000000,0.000000,0.000000,0.000000,0.000000,0.000000,57924.760551,0.388236,0.019746,59.390642,0.000398,0.000020,5878.153051,0.039398,0.002004,63592.088284,0.426220,0.021678,0.000000,0.000000,0.000000,0.000000,0.000000,0.000000,0.000000,0.000000,0.000000,0.000000,0.000000,0.000000,0.000000,0.000000,18772309377024.000000,15382095.535156,6399287.341797,15464059428864.000000,12671304.042969,5271538.933594,3308205580288.000000,2710755.135742,1127733.280029,0.000000,0.000000,0.000000,0.000000,0.000000,0.000000,4835503680512.000000,3962228.521484,1648373.508789,1223727762944.000000,1002726.778076,417156.216064,1658936483.500000,1359.338319,565.514398,4418012.556641,3.620135,1.506055,1008511023.750000,826.377436,343.791042,31013098472.000000,25412.240532,10572.046516,635795927.726563,520.973394,216.736297,4836053.034058,3.962679,1.648561,4836052.470215,3.962678,1.648561,17518.284262,0.014355,0.005972,104.724165,0.000086,0.000036,37643.255950,0.030845,0.012832,1821739.533875,1.492740,0.621012,0.000000,0.000000,0.000000,0.000000,0.000000,0.000000,0.000000,0.000000,0.000000,0.000000,0.000000,0.000000,0.000000,0.000000,30476173300.000000,207179.968964,10389.014145,3315632716.875000,22539.991394,1130.265126,27160536136.000000,184639.948303,9258.747608,0.000000,0.000000,0.000000,0.000000,0.000000,0.000000,12844039576.000000,87315.020905,4378.401088,18811463888.000000,127882.147125,6412.634696,444624520.000000,3022.600398,151.567929,919794.666992,6.252853,0.313549,144674508.375000,983.511273,49.318053,2887000549.000000,19626.108410,984.148814,40942228.835968,278.329224,13.956785,587659.379004,3.994965,0.200327,587659.370292,3.994965,0.200327,2723.325761,0.018513,0.000928,5.733120,0.000039,0.000002,4064.714392,0.027632,0.001386,115005.598621,0.781819,0.039204,0.000000,0.000000,0.000000,0.000000,0.000000,0.000000,0.000000,0.000000,0.000000,0.000000,0.000000,0.000000,0.000000,0.000000,1024336000.000000,1460.000000,349.185611,512168000.000000,730.000000,174.592806,512168000.000000,730.000000,174.592806,0.000000,0.000000,0.000000,0.000000,0.000000,0.000000,414666820.625000,591.030246,141.355657,512168000.000000,730.000000,174.592806,13689334740.000000,19511.594482,4666.553511,8151697.263672,11.618725,2.778830,526853227.875000,750.931056,179.598850,-13510415072.000000,-19256.577873,-4605.561634,0.000000,0.000000,0.000000,0.000000,0.000000,0.000000,0.000000,0.000000,0.000000,317946.489899,0.453173,0.108385,382.237254,0.000545,0.000130,28472.155762,0.040582,0.009706,283871.987518,0.404607,0.096769,0.000000,0.000000,0.000000,0.000000,0.000000,0.000000,0.000000,0.000000,0.000000,0.000000,0.000000,0.000000,0.000000,0.000000,146010121280.000000,204152.854797,49773.349106,6811723848.243637,9524.222359,2322.046651,139198428096.000000,194628.676941,47451.313942,0.000000,0.000000,0.000000,0.000000,0.000000,0.000000,56472324056.000000,78960.184616,19250.834858,98357112592.000000,137523.927063,33528.928833,1768185983.750000,2472.295831,602.756427,3011439.333984,4.210625,1.026569,475184832.625000,664.408323,161.985626,10936204734.000000,15291.113991,3728.039792,352733455.715675,493.195548,120.243210,5062916.884472,7.079022,1.725896,5062916.872509,7.079023,1.725896,25999.577101,0.036353,0.008863,62.852845,0.000088,0.000021,28478.794781,0.039819,0.009708,901920.628235,1.261075,0.307455,0.000000,0.000000,0.000000,0.000000,0.000000,0.000000,13968438.000000,19.530813,4.761697,28608.000000,430711.004883,0.602225,0.146825,100128.000000,19456265449472.000000,6982581.634766,6632440.910156,801690951168.000000,5449972.468750,273288.205139
1,1994,ANNUAL_AVERAGE,0.060339,0.000000,0.000000,0.000000,2.328167,0.646910,0.120505,0.262058,0.195337,0.003225,0.005446,1.196102,0.156882,0.140042,0.048410,0.079282,4.385970,1.898108,11.866211,10.950794,10.047744,9.156824,8.719960,8.492863,0.000589,0.000000,0.000000,0.000000,17697.407582,14452.085402,3245.513247,310.241296,14141.824639,2883.808015,281.401223,57.876667,22.389219,0.000000,4581.045667,1252.923188,359.524423,4221.657043,678.528385,209.350171,94.312333,0.000000,188.117165,52.067469,30.525708,0.000000,18919.199663,13622.120152,2679.513447,1565.072158,1053.357309,18.954151,0.016769,2.113564,26.942360,0.000000,0.000000,0.016486,0.000247,0.016238,0.961469,0.009794,0.009794,0.200806,0.000000,0.000394,0.000000,0.000001,0.000000,0.000098,0.000000,0.002976,0.000395,0.000000,0.000000,0.757688,596800.000000,4.000000,0.203443,298400.000000,2.000000,0.101721,298400.000000,2.000000,0.101721,0.000000,0.000000,0.000000,0.000000,0.000000,0.000000,243100.316438,1.629359,0.082870,298400.000000,2.000000,0.101721,7489763.342466,50.199486,2.553183,3985.080796,0.026710,0.001358,295441.443322,1.980171,0.100713,-6788983.654795,-45.502571,-2.314295,0.000000,0.000000,0.000000,0.000000,0.000000,0.000000,0.000000,0.000000,0.000000,158.697974,0.001064,0.000054,0.162714,0.000001,0.000000,16.104529,0.000108,0.000005,174.224899,0.001168,0.000059,0.000000,0.000000,0.000000,0.000000,0.000000,0.000000,0.000000,0.000000,0.000000,0.000000,0.000000,0.000000,0.000000,0.000000,51430984594.586300,42142.727494,17532.294087,42367286106.476715,34715.901488,14442.572421,9063576932.295890,7426.726399,3089.680219,0.000000,0.000000,0.000000,0.000000,0.000000,0.000000,13247955289.073973,10855.420607,4516.091805,3352678802.586301,2747.196652,1142.893743,4545031.461644,3.724215,1.549355,12104.143991,0.009918,0.004126,2763043.900685,2.264048,0.941893,84967393.073973,69.622577,28.964511,1741906.651306,1.427324,0.593798,13249.460367,0.010857,0.004517,13249.458823,0.010857,0.004517,47.995299,0.000039,0.000016,0.286916,0.000000,0.000000,103.132208,0.000085,0.000035,4991.067216,0.004090,0.001701,0.000000,0.000000,0.000000,0.000000,0.000000,0.000000,0.000000,0.000000,0.000000,0.000000,0.000000,0.000000,0.000000,0.000000,83496365.205479,567.616353,28.463052,9083925.251712,61.753401,3.096617,74412427.769863,505.862872,25.366432,0.000000,0.000000,0.000000,0.000000,0.000000,0.000000,35189149.523288,239.219235,11.995619,51538257.227397,350.362047,17.568862,1218149.369863,8.281097,0.415255,2519.985389,0.017131,0.000859,396368.516096,2.694551,0.135118,7909590.545205,53.770160,2.696298,112170.489962,0.762546,0.038238,1610.025696,0.010945,0.000549,1610.025672,0.010945,0.000549,7.461166,0.000051,0.000003,0.015707,0.000000,0.000000,11.136204,0.000076,0.000004,315.083832,0.002142,0.000107,0.000000,0.000000,0.000000,0.000000,0.000000,0.000000,0.000000,0.000000,0.000000,0.000000,0.000000,0.000000,0.000000,0.000000,2806400.000000,4.000000,0.956673,1403200.000000,2.000000,0.478336,1403200.000000,2.000000,0.478336,0.000000,0.000000,0.000000,0.000000,0.000000,0.000000,1136073.481164,1.619261,0.387276,1403200.000000,2.000000,0.478336,37505026.684932,53.456423,12.785078,22333.417161,0.031832,0.007613,1443433.501027,2.057345,0.492052,-37014835.813699,-52.757748,-12.617977,0.000000,0.000000,0.000000,0.000000,0.000000,0.000000,0.000000,0.000000,0.000000,871.086274,0.001242,0.000297,1.047225,0.000001,0.000000,78.005906,0.000111,0.000027,777.731473,0.001109,0.000265,0.000000,0.000000,0.000000,0.000000,0.000000,0.000000,0.000000,0.000000,0.000000,0.000000,0.000000,0.000000,0.000000,0.000000,400027729.534247,559.322890,136.365340,18662257.118476,26.093760,6.361772,381365556.427397,533.229252,130.003600,0.000000,0.000000,0.000000,0.000000,0.000000,0.000000,154718696.043836,216.329273,52.742013,269471541.347945,376.777882,91.860079,4844345.160959,6.773413,1.651387,8250.518723,0.011536,0.002813,1301876.253767,1.820297,0.443796,29962204.750685,41.893463,10.213808,966393.029358,1.351221,0.329433,13871.005163,0.019395,0.004728,13871.005130,0.019395,0.004728,71.231718,0.000100,0.000024,0.172200,0.000000,0.000000,78.024095,0.000109,0.000027,2471.015420,0.003455,0.000842,0.000000,0.000000,0.000000,0.000000,0.000000,0.000000,38269.693151,0.053509,0.013046,78.378082,1180.030150,0.001650,0.000402,274.323288,53304836847.868490,19130.360643,18171.070987,2196413564.843836,14931.431421,748.734809
1,1994,DAY_COUNT,365,365,365,365,365,365,365,365,365,365,365,365,365,365,365,365,365,365,365,365,365,365,365,365,365,365,365,365,365,365,365,365,365,365,365,365,365,365,365,365,365,365,365,365,365,365,365,365,365,365,365,365,365,365,365,365,365,365,365,365,365,365,365,365,365,365,365,365,365,365,365,365,365,365,365,365,365,365,365,365,365,365,365,365,365,365,365,365,365,365,365,365,365,365,365,365,365,365,365,365,365,365,365,365,365,365,365,365,365,365,365,365,365,365,365,365,365,365,365,365,365,365,365,365,365,365,365,365,365,365,365,365,365,365,365,365,365,365,365,365,365,365,365,365,365,365,365,365,365,365,365,365,365,365,365,365,365,365,365,365,365,365,365,365,365,365,365,365,365,365,365,365,365,365,365,365,365,365,365,365,365,365,365,365,365,365,365,365,365,365,365,365,365,365,365,365,365,365,365,365,365,365,365,365,365,365,365,365,365,365,365,365,365,365,365,365,365,365,365,365,365,365,365,365,365,365,365,365,365,365,365,365,365,365,365,365,365,365,365,365,365,365,365,365,365,365,365,365,365,365,365,365,365,365,365,365,365,365,365,365,365,365,365,365,365,365,365,365,365,365,365,365,365,365,365,365,365,365,365,365,365,365,365,365,365,365,365,365,365,365,365,365,365,365,365,365,365,365,365,365,365,365,365,365,365,365,365,365,365,365,365,365,365,365,365,365,365,365,365,365,365,365,365,365,365,365,365,365,365,365,365,365,365,365,365,365,365,365,365,365,365,365,365,365,365,365,365,365,365,365,365,365,365,365,365,365,365,365,365,365,365,365,365,365,365,365,365,365,365,365,365,365,365,365,365,365,365,365,365,365,365,365,365,365,365,365,365,365,365,365,365,365,365,365,365,365,365,365,365,365,365,365,365,365,365,365,365,365,365,365,365,365,365,365,365,365,365,365,365,365,365,365,365,365,365,365
1,1995,INITIAL_VALUE,0.000000,0.000000,0.000000,0.000000,0.000000,2.148215,0.012290,0.618214,1.496065,0.013855,0.007792,5.247853,0.232252,0.266192,0.068777,0.085682,2.203984,1.574209,2.750000,3.236938,5.161078,6.301337,7.060277,7.516051,0.000000,0.000000,0.000000,0.000000,17523.679688,14344.926758,3179.086670,277.284760,14067.900391,2862.875488,244.495224,51.530293,20.077888,0.000000,4653.209961,1315.798828,388.897522,4264.483887,690.836182,211.775116,95.630913,0.000000,224.514114,59.121624,33.901966,0.000000,19125.205078,13844.247070,2670.089355,1562.664063,1049.609009,20.565159,0.016514,2.159570,27.186008,0.000000,0.000000,0.010134,0.000152,0.009982,0.000000,0.000000,0.000000,0.506470,0.000000,0.001183,0.000000,0.000002,0.000000,0.000393,0.000000,0.013914,0.001184,0.000000,0.000000,-0.520384,596800.000000,4.000000,0.203443,298400.000000,2.000000,0.101721,298400.000000,2.000000,0.101721,0.000000,0.000000,0.000000,0.000000,0.000000,0.000000,240128.984375,1.609444,0.081858,298400.000000,2.000000,0.101721,8025098.500000,53.787521,2.735674,3831.681152,0.025682,0.001306,302929.531250,2.030359,0.103266,-7076878.000000,-47.432159,-2.412435,0.000000,0.000000,0.000000,0.000000,0.000000,0.000000,0.000000,0.000000,0.000000,522.097473,0.003499,0.000178,0.591855,0.000004,0.000000,64.886635,0.000435,0.000022,1089.341797,0.007301,0.000371,0.000000,0.000000,0.000000,0.000000,0.000000,0.000000,0.000000,0.000000,0.000000,0.000000,0.000000,0.000000,0.000000,0.000000,51037036544.000000,41819.925781,17398.001953,42080014336.000000,34480.511719,14344.644531,8956914688.000000,7339.326660,3053.320068,0.000000,0.000000,0.000000,0.000000,0.000000,0.000000,13442813952.000000,11015.088867,4582.517090,3451650304.000000,2828.294434,1176.632202,5110551.500000,4.187603,1.742134,12208.047852,0.010003,0.004162,2809955.750000,2.302487,0.957885,86352816.000000,70.757797,29.436787,0.000000,0.000000,0.000000,0.000000,0.000000,0.000000,0.000000,0.000000,0.000000,214.862518,0.000176,0.000073,0.543151,0.000000,0.000000,520.730042,0.000427,0.000178,25642.968750,0.021012,0.008741,0.000000,0.000000,0.000000,0.000000,0.000000,0.000000,0.000000,0.000000,0.000000,0.000000,0.000000,0.000000,0.000000,0.000000,65004520.000000,441.906982,22.159372,763197.000000,5.188287,0.260166,64241312.000000,436.718658,21.899202,0.000000,0.000000,0.000000,0.000000,0.000000,0.000000,42303492.000000,287.583221,14.420825,60725920.000000,412.820648,20.700842,1388510.625000,9.439229,0.473329,2565.604492,0.017441,0.000875,405748.062500,2.758315,0.138315,8129683.500000,55.266373,2.771326,0.000000,0.000000,0.000000,0.000000,0.000000,0.000000,0.000000,0.000000,0.000000,41.532169,0.000282,0.000014,0.052127,0.000000,0.000000,50.836433,0.000346,0.000017,1690.792847,0.011494,0.000576,0.000000,0.000000,0.000000,0.000000,0.000000,0.000000,0.000000,0.000000,0.000000,0.000000,0.000000,0.000000,0.000000,0.000000,2806400.000000,4.000000,0.956673,1403200.000000,2.000000,0.478336,1403200.000000,2.000000,0.478336,0.000000,0.000000,0.000000,0.000000,0.000000,0.000000,1121631.500000,1.598677,0.382353,1403200.000000,2.000000,0.478336,40255152.000000,57.376213,13.722567,21591.011719,0.030774,0.007360,1482369.125000,2.112841,0.505324,-38762420.000000,-55.248600,-13.213710,0.000000,0.000000,0.000000,0.000000,0.000000,0.000000,0.000000,0.000000,0.000000,2437.671875,0.003474,0.000831,3.217896,0.000005,0.000001,268.579529,0.000383,0.000092,4032.131592,0.005747,0.001375,0.000000,0.000000,0.000000,0.000000,0.000000,0.000000,0.000000,0.000000,0.000000,0.000000,0.000000,0.000000,0.000000,0.000000,303265632.000000,424.029114,103.380135,138.049789,0.000193,0.000047,303265504.000000,424.028931,103.380089,0.000000,0.000000,0.000000,0.000000,0.000000,0.000000,164453296.000000,229.940292,56.060440,345781216.000000,483.474854,117.873268,5547982.000000,7.757246,1.891250,8250.500000,0.011536,0.002813,1334171.625000,1.865453,0.454805,31107096.000000,43.494263,10.604090,0.000000,0.000000,0.000000,0.000000,0.000000,0.000000,0.000000,0.000000,0.000000,253.010483,0.000354,0.000086,0.322528,0.000000,0.000000,248.395248,0.000347,0.000085,8362.536133,0.011693,0.002851,0.000000,0.000000,0.000000,0.000000,0.000000,0.000000,0.000000,0.000000,0.000000,0.000000,0.000000,0.000000,0.000000,0.000000,53908193280.000000,19346.896484,18376.748047,2197692928.000000,14940.127930,749.170898
1,1995,FINAL_VALUE,0.044657,0.000000,0.000000,0.000000,1.500000,1.516489,0.079912,0.582983,0.785688,0.014599,0.008650,3.484563,0.230070,0.246194,0.073846,0.085303,3.377979,2.401348,8.902557,6.391768,5.835433,6.727593,7.318723,7.672457,0.000325,0.000000,0.000000,0.000000,17533.369141,14351.422852,3182.123779,277.287994,14074.424805,2865.488525,244.952484,51.555103,20.079414,0.000000,4626.977051,1334.105957,405.553131,4221.595703,685.045349,211.327805,96.670334,0.000000,240.215546,63.289753,37.559978,0.000000,19503.855469,14253.382813,2650.793945,1557.360107,1042.364624,22.774961,0.015605,2.256886,28.633812,0.000000,0.000000,0.011349,0.000170,0.011179,0.000000,0.000000,0.000000,0.543439,0.000000,0.000967,0.000000,0.000001,0.000000,0.000272,0.000000,0.009227,0.000968,0.000000,0.000000,-0.552666,596800.000000,4.000000,0.203443,298400.000000,2.000000,0.101721,298400.000000,2.000000,0.101721,0.000000,0.000000,0.000000,0.000000,0.000000,0.000000,234503.000000,1.571736,0.079940,298400.000000,2.000000,0.101721,8932235.000000,59.867527,3.044907,3468.753906,0.023249,0.001182,312879.062500,2.097045,0.106657,-7451729.000000,-49.944565,-2.540218,0.000000,0.000000,0.000000,0.000000,0.000000,0.000000,0.000000,0.000000,0.000000,392.594666,0.002631,0.000134,0.282051,0.000002,0.000000,42.140320,0.000282,0.000014,692.693542,0.004643,0.000236,0.000000,0.000000,0.000000,0.000000,0.000000,0.000000,0.000000,0.000000,0.000000,0.000000,0.000000,0.000000,0.000000,0.000000,51063799808.000000,41841.855469,17407.125000,42099073024.000000,34496.125000,14351.140625,8964508672.000000,7345.549805,3055.908936,0.000000,0.000000,0.000000,0.000000,0.000000,0.000000,13357489152.000000,10945.173828,4553.431152,3483103488.000000,2854.067139,1187.354248,4926578.000000,4.036855,1.679420,11758.912109,0.009635,0.004008,2919537.000000,2.392279,0.995240,90223104.000000,73.929123,30.756128,0.000000,0.000000,0.000000,0.000000,0.000000,0.000000,0.000000,0.000000,0.000000,122.084984,0.000100,0.000042,0.376138,0.000000,0.000000,347.036469,0.000284,0.000118,16502.501953,0.013522,0.005626,0.000000,0.000000,0.000000,0.000000,0.000000,0.000000,0.000000,0.000000,0.000000,0.000000,0.000000,0.000000,0.000000,0.000000,65471868.000000,445.084076,22.318687,763196.875000,5.188286,0.260166,64708676.000000,439.895813,22.058523,0.000000,0.000000,0.000000,0.000000,0.000000,0.000000,42017600.000000,285.639709,14.323368,61514600.000000,418.182190,20.969694,1714931.250000,11.658268,0.584602,2546.647461,0.017312,0.000868,419856.531250,2.854225,0.143125,8328723.500000,56.619465,2.839176,0.000000,0.000000,0.000000,0.000000,0.000000,0.000000,0.000000,0.000000,0.000000,42.862846,0.000291,0.000015,0.040677,0.000000,0.000000,40.298702,0.000274,0.000014,1230.638306,0.008366,0.000420,0.000000,0.000000,0.000000,0.000000,0.000000,0.000000,0.000000,0.000000,0.000000,0.000000,0.000000,0.000000,0.000000,0.000000,2806400.000000,4.000000,0.956673,1403200.000000,2.000000,0.478336,1403200.000000,2.000000,0.478336,0.000000,0.000000,0.000000,0.000000,0.000000,0.000000,1094764.875000,1.560383,0.373194,1403200.000000,2.000000,0.478336,44991236.000000,64.126625,15.337050,19893.343750,0.028354,0.006781,1552222.250000,2.212404,0.529137,-40829708.000000,-58.195133,-13.918427,0.000000,0.000000,0.000000,0.000000,0.000000,0.000000,0.000000,0.000000,0.000000,2047.997314,0.002919,0.000698,1.830787,0.000003,0.000001,187.346924,0.000267,0.000064,2677.764404,0.003817,0.000913,0.000000,0.000000,0.000000,0.000000,0.000000,0.000000,0.000000,0.000000,0.000000,0.000000,0.000000,0.000000,0.000000,0.000000,304212672.000000,425.353302,103.702972,13.676211,0.000019,0.000005,304212672.000000,425.353302,103.702972,0.000000,0.000000,0.000000,0.000000,0.000000,0.000000,173132352.000000,242.075439,59.019039,367301632.000000,513.564941,125.209351,6245184.000000,8.732080,2.128919,8110.953613,0.011341,0.002765,1416113.125000,1.980024,0.482738,33726628.000000,47.156918,11.497061,0.000000,0.000000,0.000000,0.000000,0.000000,0.000000,0.000000,0.000000,0.000000,230.119370,0.000322,0.000078,0.280495,0.000000,0.000000,182.335999,0.000255,0.000062,5962.885742,0.008337,0.002033,0.000000,0.000000,0.000000,0.000000,0.000000,0.000000,0.000000,0.000000,0.000000,0.000000,0.000000,0.000000,0.000000,0.000000,55015153664.000000,19744.169922,18754.101563,2200935168.000000,14962.169922,750.276184
1,1995,ANNUAL_DELTA,0.044657,0.000000,0.000000,0.000000,1.500000,-0.631726,0.067622,-0.035231,-0.710377,0.000744,0.000857,-1.763290,-0.002182,-0.019998,0.005069,-0.000380,1.173995,0.827139,6.152557,3.154830,0.674356,0.426257,0.258446,0.156406,0.000325,0.000000,0.000000,0.000000,9.689453,6.496094,3.037109,0.003235,6.524414,2.613037,0.457260,0.024811,0.001526,0.000000,-26.232910,18.307129,16.655609,-42.888184,-5.790833,-0.447311,1.039421,0.000000,15.701431,4.168129,3.658012,0.000000,378.650391,409.135742,-19.295410,-5.303955,-7.244385,2.209803,-0.000910,0.097315,1.447803,0.000000,0.000000,0.001215,0.000018,0.001197,0.000000,0.000000,0.000000,0.036969,0.000000,-0.000216,0.000000,-0.000001,0.000000,-0.000121,0.000000,-0.004688,-0.000217,0.000000,0.000000,-0.032282,0.000000,0.000000,0.000000,0.000000,0.000000,0.000000,0.000000,0.000000,0.000000,0.000000,0.000000,0.000000,0.000000,0.000000,0.000000,-5625.984375,-0.037708,-0.001918,0.000000,0.000000,0.000000,907136.500000,6.080006,0.309233,-362.927246,-0.002432,-0.000124,9949.531250,0.066686,0.003392,-374851.000000,-2.512405,-0.127783,0.000000,0.000000,0.000000,0.000000,0.000000,0.000000,0.000000,0.000000,0.000000,-129.502808,-0.000868,-0.000044,-0.309804,-0.000002,-0.000000,-22.746315,-0.000152,-0.000008,-396.648254,-0.002658,-0.000135,0.000000,0.000000,0.000000,0.000000,0.000000,0.000000,0.000000,0.000000,0.000000,0.000000,0.000000,0.000000,0.000000,0.000000,26763264.000000,21.929688,9.123047,19058688.000000,15.613281,6.496094,7593984.000000,6.223145,2.588867,0.000000,0.000000,0.000000,0.000000,0.000000,0.000000,-85324800.000000,-69.915039,-29.085938,31453184.000000,25.772705,10.722046,-183973.500000,-0.150748,-0.062715,-449.135742,-0.000368,-0.000153,109581.250000,0.089791,0.037355,3870288.000000,3.171326,1.319342,0.000000,0.000000,0.000000,0.000000,0.000000,0.000000,0.000000,0.000000,0.000000,-92.777534,-0.000076,-0.000032,-0.167013,-0.000000,-0.000000,-173.693573,-0.000142,-0.000059,-9140.466797,-0.007490,-0.003116,0.000000,0.000000,0.000000,0.000000,0.000000,0.000000,0.000000,0.000000,0.000000,0.000000,0.000000,0.000000,0.000000,0.000000,467348.000000,3.177094,0.159315,-0.125000,-0.000001,-0.000000,467364.000000,3.177155,0.159321,0.000000,0.000000,0.000000,0.000000,0.000000,0.000000,-285892.000000,-1.943512,-0.097457,788680.000000,5.361542,0.268852,326420.625000,2.219039,0.111273,-18.957031,-0.000129,-0.000006,14108.468750,0.095911,0.004809,199040.000000,1.353092,0.067851,0.000000,0.000000,0.000000,0.000000,0.000000,0.000000,0.000000,0.000000,0.000000,1.330677,0.000009,0.000000,-0.011449,-0.000000,-0.000000,-10.537731,-0.000072,-0.000004,-460.154541,-0.003128,-0.000157,0.000000,0.000000,0.000000,0.000000,0.000000,0.000000,0.000000,0.000000,0.000000,0.000000,0.000000,0.000000,0.000000,0.000000,0.000000,0.000000,0.000000,0.000000,0.000000,0.000000,0.000000,0.000000,0.000000,0.000000,0.000000,0.000000,0.000000,0.000000,0.000000,-26866.625000,-0.038293,-0.009159,0.000000,0.000000,0.000000,4736084.000000,6.750412,1.614484,-1697.667969,-0.002420,-0.000579,69853.125000,0.099563,0.023812,-2067288.000000,-2.946533,-0.704718,0.000000,0.000000,0.000000,0.000000,0.000000,0.000000,0.000000,0.000000,0.000000,-389.674561,-0.000555,-0.000133,-1.387109,-0.000002,-0.000000,-81.232605,-0.000116,-0.000028,-1354.367188,-0.001930,-0.000462,0.000000,0.000000,0.000000,0.000000,0.000000,0.000000,0.000000,0.000000,0.000000,0.000000,0.000000,0.000000,0.000000,0.000000,947040.000000,1.324188,0.322838,-124.373578,-0.000174,-0.000042,947168.000000,1.324371,0.322884,0.000000,0.000000,0.000000,0.000000,0.000000,0.000000,8679056.000000,12.135147,2.958599,21520416.000000,30.090088,7.336082,697202.000000,0.974835,0.237669,-139.546387,-0.000195,-0.000048,81941.500000,0.114571,0.027933,2619532.000000,3.662655,0.892971,0.000000,0.000000,0.000000,0.000000,0.000000,0.000000,0.000000,0.000000,0.000000,-22.891113,-0.000032,-0.000008,-0.042033,-0.000000,-0.000000,-66.059250,-0.000092,-0.000023,-2399.650391,-0.003355,-0.000818,0.000000,0.000000,0.000000,0.000000,0.000000,0.000000,0.000000,0.000000,0.000000,0.000000,0.000000,0.000000,0.000000,0.000000,1106960384.000000,397.273438,377.353516,3242240.000000,22.041992,1.105286
1,1995,MIN_VALUE,0.000000,0.000000,0.000000,0.000000,0.000000,0.098017,0.000071,0.031497,0.038360,0.002445,0.004921,0.287841,0.091122,0.085033,0.043781,0.076121,1.807365,0.988532,0.000000,2.249441,4.564816,5.932525,6.840588,7.385241,0.000000,0.000000,0.000000,0.000000,17523.679688,14344.926758,3179.086670,277.284760,14067.900391,2862.875488,244.495224,51.530293,20.077888,0.000000,4423.906250,1205.787354,347.194031,4076.669189,656.318726,206.878906,94.760956,0.000000,164.971939,50.374962,32.149784,0.000000,19125.205078,13844.247070,2650.793945,1557.360107,1042.364624,20.393209,0.015605,2.159570,27.186008,0.000000,0.000000,0.009555,0.000143,0.009411,0.000000,0.000000,0.000000,-0.942311,0.000000,0.000208,0.000000,0.000000,0.000000,0.000033,0.000000,0.000789,0.000209,0.000000,0.000000,-0.569643,596800.000000,4.000000,0.203443,298400.000000,2.000000,0.101721,298400.000000,2.000000,0.101721,0.000000,0.000000,0.000000,0.000000,0.000000,0.000000,234503.000000,1.571736,0.079940,298400.000000,2.000000,0.101721,8004424.000000,53.648956,2.728626,3468.753906,0.023249,0.001182,302370.593750,2.026613,0.103075,-7737747.000000,-51.861576,-2.637718,0.000000,0.000000,0.000000,0.000000,0.000000,0.000000,0.000000,0.000000,0.000000,81.257713,0.000545,0.000028,0.074040,0.000000,0.000000,7.393853,0.000050,0.000003,77.254524,0.000518,0.000026,0.000000,0.000000,0.000000,0.000000,0.000000,0.000000,0.000000,0.000000,0.000000,0.000000,0.000000,0.000000,0.000000,0.000000,51037036544.000000,41819.925781,17398.001953,42080014336.000000,34480.511719,14344.644531,8956914688.000000,7339.326660,3053.320068,0.000000,0.000000,0.000000,0.000000,0.000000,0.000000,12766050304.000000,10460.545898,4351.815430,3246148864.000000,2659.905518,1106.578735,4139644.250000,3.392039,1.411162,11664.770508,0.009558,0.003976,2807947.000000,2.300841,0.957200,85387672.000000,69.966957,29.107780,0.000000,0.000000,0.000000,0.000000,0.000000,0.000000,0.000000,0.000000,0.000000,16.061531,0.000013,0.000005,0.219235,0.000000,0.000000,15.565479,0.000013,0.000005,720.422729,0.000590,0.000246,0.000000,0.000000,0.000000,0.000000,0.000000,0.000000,0.000000,0.000000,0.000000,0.000000,0.000000,0.000000,0.000000,0.000000,65004520.000000,441.906982,22.159372,763196.875000,5.188286,0.260166,64241312.000000,436.718658,21.899202,0.000000,0.000000,0.000000,0.000000,0.000000,0.000000,26817004.000000,182.304581,9.141641,43305452.000000,294.394653,14.762383,1305924.125000,8.877798,0.445176,2430.894287,0.016525,0.000829,402548.125000,2.736561,0.137225,7909756.000000,53.771286,2.696355,0.000000,0.000000,0.000000,0.000000,0.000000,0.000000,0.000000,0.000000,0.000000,0.364515,0.000002,0.000000,0.004814,0.000000,0.000000,0.125482,0.000001,0.000000,4.387572,0.000030,0.000001,0.000000,0.000000,0.000000,0.000000,0.000000,0.000000,0.000000,0.000000,0.000000,0.000000,0.000000,0.000000,0.000000,0.000000,2806400.000000,4.000000,0.956673,1403200.000000,2.000000,0.478336,1403200.000000,2.000000,0.478336,0.000000,0.000000,0.000000,0.000000,0.000000,0.000000,1094764.875000,1.560383,0.373194,1403200.000000,2.000000,0.478336,40200920.000000,57.298916,13.704080,19893.343750,0.028354,0.006781,1482369.125000,2.112841,0.505324,-41982604.000000,-59.838375,-14.311438,0.000000,0.000000,0.000000,0.000000,0.000000,0.000000,0.000000,0.000000,0.000000,490.016876,0.000698,0.000167,0.541592,0.000001,0.000000,39.135742,0.000056,0.000013,393.367004,0.000561,0.000134,0.000000,0.000000,0.000000,0.000000,0.000000,0.000000,0.000000,0.000000,0.000000,0.000000,0.000000,0.000000,0.000000,0.000000,303265632.000000,424.029114,103.380135,13.676211,0.000019,0.000005,303265504.000000,424.028931,103.380089,0.000000,0.000000,0.000000,0.000000,0.000000,0.000000,135238960.000000,189.092514,46.101574,198067456.000000,276.939972,67.519165,4486593.500000,6.273201,1.529434,7933.269531,0.011092,0.002704,1334171.625000,1.865453,0.454805,31107096.000000,43.494263,10.604090,0.000000,0.000000,0.000000,0.000000,0.000000,0.000000,0.000000,0.000000,0.000000,20.592545,0.000029,0.000007,0.115036,0.000000,0.000000,22.350098,0.000031,0.000008,725.113464,0.001014,0.000247,0.000000,0.000000,0.000000,0.000000,0.000000,0.000000,0.000000,0.000000,0.000000,0.000000,0.000000,0.000000,0.000000,0.000000,53908193280.000000,19346.896484,18376.748047,2197692928.000000,14940.127930,749.170898
1,1995,MIN_VALUE_JDAY,1.000000,1.000000,1.000000,1.000000,1.000000,160.000000,266.000000,154.000000,182.000000,283.000000,315.000000,216.000000,268.000000,217.000000,283.000000,310.000000,340.000000,217.000000,340.000000,6.000000,6.000000,6.000000,6.000000,6.000000,1.000000,1.000000,1.000000,1.000000,1.000000,1.000000,1.000000,1.000000,1.000000,1.000000,1.000000,1.000000,1.000000,1.000000,349.000000,262.000000,335.000000,349.000000,262.000000,349.000000,349.000000,1.000000,262.000000,262.000000,349.000000,1.000000,1.000000,1.000000,365.000000,365.000000,365.000000,146.000000,351.000000,1.000000,1.000000,1.000000,1.000000,6.000000,6.000000,6.000000,1.000000,1.000000,1.000000,201.000000,1.000000,182.000000,1.000000,218.000000,1.000000,161.000000,1.000000,161.000000,182.000000,1.000000,1.000000,357.000000,1.000000,1.000000,1.000000,1.000000,1.000000,1.000000,1.000000,1.000000,1.000000,1.000000,1.000000,1.000000,1.000000,1.000000,1.000000,365.000000,365.000000,365.000000,1.000000,1.000000,1.000000,88.000000,88.000000,88.000000,365.000000,365.000000,365.000000,28.000000,28.000000,28.000000,311.000000,311.000000,311.000000,1.000000,1.000000,1.000000,1.000000,1.000000,1.000000,1.000000,1.000000,1.000000,183.000000,183.000000,183.000000,219.000000,219.000000,219.000000,184.000000,184.000000,184.000000,220.000000,220.000000,220.000000,1.000000,1.000000,1.000000,1.000000,1.000000,1.000000,1.000000,1.000000,1.000000,1.000000,1.000000,1.000000,1.000000,1.000000,1.000000,1.000000,1.000000,1.000000,1.000000,1.000000,1.000000,1.000000,1.000000,1.000000,1.000000,1.000000,1.000000,1.000000,1.000000,349.000000,349.000000,349.000000,349.000000,349.000000,349.000000,128.000000,128.000000,128.000000,168.000000,168.000000,168.000000,19.000000,19.000000,19.000000,86.000000,86.000000,86.000000,1.000000,1.000000,1.000000,1.000000,1.000000,1.000000,1.000000,1.000000,1.000000,218.000000,218.000000,218.000000,219.000000,219.000000,219.000000,218.000000,218.000000,218.000000,218.000000,218.000000,218.000000,1.000000,1.000000,1.000000,1.000000,1.000000,1.000000,1.000000,1.000000,1.000000,1.000000,1.000000,1.000000,1.000000,1.000000,1.000000,1.000000,1.000000,365.000000,365.000000,365.000000,1.000000,1.000000,1.000000,1.000000,1.000000,1.000000,1.000000,1.000000,1.000000,262.000000,262.000000,262.000000,262.000000,262.000000,262.000000,172.000000,172.000000,172.000000,190.000000,190.000000,190.000000,113.000000,113.000000,113.000000,126.000000,126.000000,126.000000,1.000000,1.000000,1.000000,1.000000,1.000000,1.000000,1.000000,1.000000,1.000000,270.000000,270.000000,270.000000,273.000000,273.000000,273.000000,218.000000,218.000000,218.000000,270.000000,270.000000,270.000000,1.000000,1.000000,1.000000,1.000000,1.000000,1.000000,1.000000,1.000000,1.000000,1.000000,1.000000,1.000000,1.000000,1.000000,1.000000,1.000000,1.000000,1.000000,1.000000,1.000000,1.000000,1.000000,1.000000,1.000000,1.000000,1.000000,1.000000,1.000000,1.000000,365.000000,365.000000,365.000000,1.000000,1.000000,1.000000,20.000000,20.000000,20.000000,365.000000,365.000000,365.000000,1.000000,1.000000,1.000000,311.000000,311.000000,311.000000,1.000000,1.000000,1.000000,1.000000,1.000000,1.000000,1.000000,1.000000,1.000000,182.000000,182.000000,182.000000,217.000000,217.000000,217.000000,217.000000,217.000000,217.000000,218.000000,218.000000,218.000000,1.000000,1.000000,1.000000,1.000000,1.000000,1.000000,1.000000,1.000000,1.000000,1.000000,1.000000,1.000000,1.000000,1.000000,1.000000,1.000000,1.000000,365.000000,365.000000,365.000000,1.000000,1.000000,1.000000,1.000000,1.000000,1.000000,1.000000,1.000000,1.000000,135.000000,135.000000,135.000000,262.000000,262.000000,262.000000,262.000000,262.000000,262.000000,262.000000,262.000000,262.000000,1.000000,1.000000,1.000000,1.000000,1.000000,1.000000,1.000000,1.000000,1.000000,1.000000,1.000000,1.000000,1.000000,1.000000,1.000000,217.000000,217.000000,217.000000,269.000000,269.000000,269.000000,155.000000,155.000000,155.000000,155.000000,155.000000,155.000000,1.000000,1.000000,1.000000,1.000000,1.000000,1.000000,1.000000,1.000000,1.000000,1.000000,1.000000,1.000000,1.000000,1.000000,1.000000,1.000000,1.000000,1.000000,1.000000,1.000000
1,1995,MAX_VALUE,1.105675,0.000000,0.000000,0.000000,37.110828,6.399652,1.846307,2.304284,2.128097,0.017414,0.008974,7.178923,0.294219,0.276405,0.079684,0.086956,10.065562,3.831314,26.145098,21.912249,16.034445,12.426450,10.555879,9.548097,0.006170,0.000000,0.000000,0.000000,17841.980469,14562.744141,3321.029785,340.006500,14225.365234,2907.111328,326.678528,64.900841,25.556232,0.000000,4653.209961,1334.105957,405.553131,4264.483887,690.836182,211.775116,96.670334,0.000000,240.215546,63.289753,37.559978,0.000000,19503.855469,14253.382813,2670.089355,1562.664063,1049.609009,22.774961,0.016514,2.256886,28.633812,0.000000,0.000000,0.028069,0.000421,0.027648,5.757532,0.076785,0.076785,0.779371,0.000000,0.002254,0.000000,0.000002,0.000000,0.000705,0.000000,0.025405,0.002256,0.000000,0.000000,5.002019,596800.000000,4.000000,0.203443,298400.000000,2.000000,0.101721,298400.000000,2.000000,0.101721,0.000000,0.000000,0.000000,0.000000,0.000000,0.000000,240128.984375,1.609444,0.081858,298400.000000,2.000000,0.101721,9007145.000000,60.369606,3.070443,3831.681152,0.025682,0.001306,313534.531250,2.101438,0.106881,-6786533.000000,-45.486145,-2.313459,0.000000,0.000000,0.000000,0.000000,0.000000,0.000000,0.000000,0.000000,0.000000,953.246521,0.006389,0.000325,0.591855,0.000004,0.000000,96.022049,0.000644,0.000033,1549.343018,0.010384,0.000528,0.000000,0.000000,0.000000,0.000000,0.000000,0.000000,0.000000,0.000000,0.000000,0.000000,0.000000,0.000000,0.000000,0.000000,51922681856.000000,42545.625000,17699.908203,42712449024.000000,34998.726563,14560.234375,9210295296.000000,7546.947754,3139.695068,0.000000,0.000000,0.000000,0.000000,0.000000,0.000000,13442813952.000000,11015.088867,4582.517090,3483103488.000000,2854.067139,1187.354248,5110551.500000,4.187603,1.742134,12208.047852,0.010003,0.004162,2926392.500000,2.397896,0.997577,91528488.000000,74.998764,31.201120,5523013.500000,4.525577,1.882739,42009.621094,0.034423,0.014321,42009.660156,0.034423,0.014321,292.001709,0.000239,0.000100,0.543151,0.000000,0.000000,1008.055786,0.000826,0.000344,49941.949219,0.040923,0.017025,0.000000,0.000000,0.000000,0.000000,0.000000,0.000000,0.000000,0.000000,0.000000,0.000000,0.000000,0.000000,0.000000,0.000000,109992528.000000,747.739807,37.495323,20539054.000000,139.626465,7.001552,89453456.000000,608.113220,30.493763,0.000000,0.000000,0.000000,0.000000,0.000000,0.000000,42303492.000000,287.583221,14.420825,61514600.000000,418.182190,20.969694,1757338.125000,11.946554,0.599059,2703.767334,0.018380,0.000922,421507.718750,2.865450,0.143688,8411747.000000,57.183868,2.867478,1684776.000000,11.453270,0.574323,24182.222656,0.164393,0.008243,24182.216797,0.164393,0.008243,88.702194,0.000603,0.000030,0.074461,0.000001,0.000000,98.651634,0.000671,0.000034,2884.964111,0.019612,0.000983,0.000000,0.000000,0.000000,0.000000,0.000000,0.000000,0.000000,0.000000,0.000000,0.000000,0.000000,0.000000,0.000000,0.000000,2806400.000000,4.000000,0.956673,1403200.000000,2.000000,0.478336,1403200.000000,2.000000,0.478336,0.000000,0.000000,0.000000,0.000000,0.000000,0.000000,1121631.500000,1.598677,0.382353,1403200.000000,2.000000,0.478336,45273024.000000,64.528259,15.433109,21591.011719,0.030774,0.007360,1552222.250000,2.212404,0.529137,-37410132.000000,-53.321167,-12.752729,0.000000,0.000000,0.000000,0.000000,0.000000,0.000000,0.000000,0.000000,0.000000,4806.582031,0.006851,0.001639,3.217896,0.000005,0.000001,411.468231,0.000586,0.000140,5595.623047,0.007976,0.001907,0.000000,0.000000,0.000000,0.000000,0.000000,0.000000,0.000000,0.000000,0.000000,0.000000,0.000000,0.000000,0.000000,0.000000,554782080.000000,775.701965,189.119492,69630408.000000,97.357948,23.736290,519649408.000000,726.579163,177.143143,0.000000,0.000000,0.000000,0.000000,0.000000,0.000000,175314592.000000,245.126663,59.762939,367301632.000000,513.564941,125.209351,7275193.000000,10.172250,2.480038,8533.754883,0.011932,0.002909,1416113.125000,1.980024,0.482738,33726628.000000,47.156918,11.497061,13016935.000000,18.200413,4.437339,186837.109375,0.261238,0.063691,186837.312500,0.261238,0.063691,472.418884,0.000661,0.000161,0.450960,0.000001,0.000000,452.999390,0.000633,0.000154,14996.294922,0.020968,0.005112,0.000000,0.000000,0.000000,0.000000,0.000000,0.000000,3492109.500000,4.882703,1.190424,7152.000000,71222.312500,0.099584,0.024279,7152.000000,55015153664.000000,19744.169922,18754.101563,2200935168.000000,14962.169922,750.276184
1,1995,MAX_VALUE_JDAY,348.000000,1.000000,1.000000,1.000000,311.000000,348.000000,311.000000,345.000000,350.000000,355.000000,89.000000,349.000000,348.000000,349.000000,86.000000,86.000000,201.000000,134.000000,201.000000,201.000000,204.000000,204.000000,204.000000,204.000000,311.000000,1.000000,1.000000,1.000000,349.000000,349.000000,262.000000,152.000000,349.000000,262.000000,262.000000,349.000000,349.000000,1.000000,1.000000,365.000000,365.000000,1.000000,1.000000,1.000000,365.000000,1.000000,365.000000,365.000000,365.000000,1.000000,365.000000,365.000000,1.000000,1.000000,1.000000,365.000000,1.000000,365.000000,365.000000,1.000000,1.000000,204.000000,204.000000,204.000000,131.000000,131.000000,131.000000,290.000000,1.000000,349.000000,1.000000,1.000000,1.000000,349.000000,1.000000,349.000000,349.000000,1.000000,1.000000,129.000000,1.000000,1.000000,1.000000,1.000000,1.000000,1.000000,1.000000,1.000000,1.000000,1.000000,1.000000,1.000000,1.000000,1.000000,1.000000,1.000000,1.000000,1.000000,1.000000,1.000000,1.000000,332.000000,332.000000,332.000000,1.000000,1.000000,1.000000,349.000000,349.000000,349.000000,110.000000,110.000000,110.000000,1.000000,1.000000,1.000000,1.000000,1.000000,1.000000,1.000000,1.000000,1.000000,349.000000,349.000000,349.000000,1.000000,1.000000,1.000000,350.000000,350.000000,350.000000,350.000000,350.000000,350.000000,1.000000,1.000000,1.000000,1.000000,1.000000,1.000000,1.000000,1.000000,1.000000,1.000000,1.000000,1.000000,1.000000,1.000000,349.000000,349.000000,349.000000,349.000000,349.000000,349.000000,349.000000,349.000000,349.000000,1.000000,1.000000,1.000000,1.000000,1.000000,1.000000,1.000000,1.000000,1.000000,365.000000,365.000000,365.000000,1.000000,1.000000,1.000000,1.000000,1.000000,1.000000,343.000000,343.000000,343.000000,331.000000,331.000000,331.000000,333.000000,333.000000,333.000000,333.000000,333.000000,333.000000,333.000000,333.000000,333.000000,349.000000,349.000000,349.000000,1.000000,1.000000,1.000000,349.000000,349.000000,349.000000,349.000000,349.000000,349.000000,1.000000,1.000000,1.000000,1.000000,1.000000,1.000000,1.000000,1.000000,1.000000,1.000000,1.000000,1.000000,1.000000,1.000000,262.000000,262.000000,262.000000,262.000000,262.000000,262.000000,262.000000,262.000000,262.000000,1.000000,1.000000,1.000000,1.000000,1.000000,1.000000,1.000000,1.000000,1.000000,365.000000,365.000000,365.000000,124.000000,124.000000,124.000000,123.000000,123.000000,123.000000,330.000000,330.000000,330.000000,330.000000,330.000000,330.000000,135.000000,135.000000,135.000000,135.000000,135.000000,135.000000,135.000000,135.000000,135.000000,349.000000,349.000000,349.000000,83.000000,83.000000,83.000000,349.000000,349.000000,349.000000,349.000000,349.000000,349.000000,1.000000,1.000000,1.000000,1.000000,1.000000,1.000000,1.000000,1.000000,1.000000,1.000000,1.000000,1.000000,1.000000,1.000000,1.000000,1.000000,1.000000,1.000000,1.000000,1.000000,1.000000,1.000000,1.000000,1.000000,1.000000,1.000000,1.000000,1.000000,1.000000,1.000000,1.000000,1.000000,1.000000,1.000000,1.000000,332.000000,332.000000,332.000000,1.000000,1.000000,1.000000,365.000000,365.000000,365.000000,110.000000,110.000000,110.000000,1.000000,1.000000,1.000000,1.000000,1.000000,1.000000,1.000000,1.000000,1.000000,349.000000,349.000000,349.000000,1.000000,1.000000,1.000000,349.000000,349.000000,349.000000,350.000000,350.000000,350.000000,1.000000,1.000000,1.000000,1.000000,1.000000,1.000000,1.000000,1.000000,1.000000,1.000000,1.000000,1.000000,1.000000,1.000000,258.000000,258.000000,258.000000,152.000000,152.000000,152.000000,262.000000,262.000000,262.000000,1.000000,1.000000,1.000000,1.000000,1.000000,1.000000,259.000000,259.000000,259.000000,365.000000,365.000000,365.000000,123.000000,123.000000,123.000000,123.000000,123.000000,123.000000,365.000000,365.000000,365.000000,365.000000,365.000000,365.000000,131.000000,131.000000,131.000000,131.000000,131.000000,131.000000,131.000000,131.000000,131.000000,349.000000,349.000000,349.000000,74.000000,74.000000,74.000000,349.000000,349.000000,349.000000,349.000000,349.000000,349.000000,1.000000,1.000000,1.000000,1.000000,1.000000,1.000000,122.000000,122.000000,122.000000,122.000000,153.000000,153.000000,153.000000,61.000000,365.000000,365.000000,365.000000,365.000000,365.000000,365.000000
1,1995,ANNUAL_SUM,30.125579,0.000000,0.000000,0.000000,1054.627383,350.341255,54.807595,127.171942,132.987909,2.834732,2.413500,683.501921,63.025962,60.281719,22.619262,29.654130,1626.003505,822.919595,4472.242524,4115.027875,3775.718205,3415.752074,3227.082417,3126.164103,0.219738,0.000000,0.000000,0.000000,6472650.125000,5282871.054688,1189858.252686,116377.629456,5166481.870117,1053913.411865,105674.399963,21810.293758,8445.847532,0.000000,1654845.275391,457595.293579,132886.192108,1522012.706543,244957.908386,76106.977432,34735.447662,0.000000,70273.086517,19480.270676,12036.506489,0.000000,7046078.759766,5124049.769531,971074.922119,569402.862915,381791.119751,7774.507904,5.811436,805.474575,10208.979191,0.000000,0.000000,6.502868,0.097543,6.405326,448.899239,4.405992,4.405992,144.372820,0.000000,0.211504,0.000000,0.000242,0.000000,0.052570,0.000000,1.663454,0.211746,0.000000,0.000000,302.862963,217832000.000000,1460.000000,74.256692,108916000.000000,730.000000,37.128346,108916000.000000,730.000000,37.128346,0.000000,0.000000,0.000000,0.000000,0.000000,0.000000,86654444.281250,580.793862,29.539609,108916000.000000,730.000000,37.128346,3077197137.500000,20624.645695,1048.984877,1322319.960205,8.862734,0.450765,111821135.000000,749.471412,38.118676,-2641632972.500000,-17705.314846,-900.505530,0.000000,0.000000,0.000000,0.000000,0.000000,0.000000,0.000000,0.000000,0.000000,85845.467529,0.575372,0.029264,68.193604,0.000457,0.000023,8656.189719,0.058017,0.002951,118794.009628,0.796206,0.040496,0.000000,0.000000,0.000000,0.000000,0.000000,0.000000,0.000000,0.000000,0.000000,0.000000,0.000000,0.000000,0.000000,0.000000,18806457262080.000000,15410076.425781,6410927.994141,15486271926272.000000,12689505.015625,5279110.921875,3320183783424.000000,2720570.130371,1131816.526367,0.000000,0.000000,0.000000,0.000000,0.000000,0.000000,4782869700608.000000,3919100.039063,1630431.123535,1220415292672.000000,1000012.531738,416027.030518,1682989658.500000,1379.047571,573.713878,4289565.181641,3.514885,1.462269,1044248267.500000,855.660658,355.973501,32166520440.000000,26357.358711,10965.236231,885747861.218750,725.784875,301.942342,6737262.412354,5.520536,2.296664,6737263.396729,5.520537,2.296664,21667.710808,0.017755,0.007386,108.002613,0.000088,0.000037,58793.130798,0.048175,0.020042,2787923.168640,2.284434,0.950374,0.000000,0.000000,0.000000,0.000000,0.000000,0.000000,0.000000,0.000000,0.000000,0.000000,0.000000,0.000000,0.000000,0.000000,31192591244.000000,212050.244781,10633.233742,3549770728.625000,24131.684052,1210.080354,27642816336.000000,187918.535706,9423.151888,0.000000,0.000000,0.000000,0.000000,0.000000,0.000000,12656742542.000000,86041.757202,4314.553439,18882611416.000000,128365.815002,6436.888152,546522428.750000,3715.312224,186.303878,924268.164063,6.283264,0.315074,149555415.812500,1016.692151,50.981904,2964557121.500000,20153.345474,1010.587054,44987980.821564,305.832635,15.335940,645729.597625,4.389732,0.220123,645729.601974,4.389732,0.220123,6139.977847,0.041740,0.002093,9.219051,0.000063,0.000003,6441.333041,0.043789,0.002196,192390.126322,1.307887,0.065584,0.000000,0.000000,0.000000,0.000000,0.000000,0.000000,0.000000,0.000000,0.000000,0.000000,0.000000,0.000000,0.000000,0.000000,1024336000.000000,1460.000000,349.185611,512168000.000000,730.000000,174.592806,512168000.000000,730.000000,174.592806,0.000000,0.000000,0.000000,0.000000,0.000000,0.000000,404688995.875000,576.808717,137.954319,512168000.000000,730.000000,174.592806,15483021500.000000,22068.160511,5278.002894,7533537.144531,10.737653,2.568105,553164436.625000,788.432777,188.568071,-14441119372.000000,-20583.123386,-4922.829180,0.000000,0.000000,0.000000,0.000000,0.000000,0.000000,0.000000,0.000000,0.000000,463925.673676,0.661240,0.158147,446.527350,0.000636,0.000152,40539.884975,0.057782,0.013820,490772.276184,0.699504,0.167299,0.000000,0.000000,0.000000,0.000000,0.000000,0.000000,0.000000,0.000000,0.000000,0.000000,0.000000,0.000000,0.000000,0.000000,149541431136.000000,209090.365997,50977.136536,7415589443.997775,10368.553475,2527.898222,142125830464.000000,198721.796234,48449.234306,0.000000,0.000000,0.000000,0.000000,0.000000,0.000000,58726694720.000000,82112.269089,20019.326653,102424344240.000000,143210.772064,34915.406288,2016704983.500000,2819.777656,687.474000,2979035.408203,4.165318,1.015523,504085299.375000,704.817253,171.837498,11899717028.000000,16638.306774,4056.491235,386110198.462585,539.863255,131.620999,5541986.091889,7.748862,1.889206,5541985.398652,7.748861,1.889206,42868.942926,0.059940,0.014614,78.070331,0.000109,0.000027,39784.897335,0.055628,0.013562,1289866.802979,1.803505,0.439702,0.000000,0.000000,0.000000,0.000000,0.000000,0.000000,13968438.000000,19.530813,4.761697,28608.000000,472599.937356,0.660794,0.161104,100128.000000,19867580432384.000000,7130196.835938,6772653.978516,802790733312.000000,5457448.878906,273663.109741
1,1995,ANNUAL_AVERAGE,0.082536,0.000000,0.000000,0.000000,2.889390,0.959839,0.150158,0.348416,0.364350,0.007766,0.006612,1.872608,0.172674,0.165155,0.061971,0.081244,4.454804,2.254574,12.252719,11.274049,10.344433,9.358225,8.841322,8.564833,0.000602,0.000000,0.000000,0.000000,17733.288014,14473.619328,3259.885624,318.842820,14154.744850,2887.434005,289.518904,59.754229,23.139308,0.000000,4533.822672,1253.685736,364.071759,4169.897826,671.117557,208.512267,95.165610,0.000000,192.529004,53.370605,32.976730,0.000000,19304.325369,14038.492519,2660.479239,1560.007844,1046.003068,21.300022,0.015922,2.206780,27.969806,0.000000,0.000000,0.017816,0.000267,0.017549,1.229861,0.012071,0.012071,0.395542,0.000000,0.000579,0.000000,0.000001,0.000000,0.000144,0.000000,0.004557,0.000580,0.000000,0.000000,0.829762,596800.000000,4.000000,0.203443,298400.000000,2.000000,0.101721,298400.000000,2.000000,0.101721,0.000000,0.000000,0.000000,0.000000,0.000000,0.000000,237409.436387,1.591216,0.080930,298400.000000,2.000000,0.101721,8430677.089041,56.505879,2.873931,3622.794412,0.024281,0.001235,306359.273973,2.053346,0.104435,-7237350.609589,-48.507712,-2.467138,0.000000,0.000000,0.000000,0.000000,0.000000,0.000000,0.000000,0.000000,0.000000,235.193062,0.001576,0.000080,0.186832,0.000001,0.000000,23.715588,0.000159,0.000008,325.463040,0.002181,0.000111,0.000000,0.000000,0.000000,0.000000,0.000000,0.000000,0.000000,0.000000,0.000000,0.000000,0.000000,0.000000,0.000000,0.000000,51524540444.054794,42219.387468,17564.186285,42428142263.758900,34765.767166,14463.317594,9096393927.189041,7453.616796,3100.867196,0.000000,0.000000,0.000000,0.000000,0.000000,0.000000,13103752604.405480,10737.260381,4466.934585,3343603541.567123,2739.760361,1139.800084,4610930.571233,3.778213,1.571819,11752.233374,0.009630,0.004006,2860954.157534,2.344276,0.975270,88127453.260274,72.211942,30.041743,2426706.469092,1.988452,0.827239,18458.253185,0.015125,0.006292,18458.255881,0.015125,0.006292,59.363591,0.000049,0.000020,0.295898,0.000000,0.000000,161.077071,0.000132,0.000055,7638.145668,0.006259,0.002604,0.000000,0.000000,0.000000,0.000000,0.000000,0.000000,0.000000,0.000000,0.000000,0.000000,0.000000,0.000000,0.000000,0.000000,85459154.093151,580.959575,29.132147,9725399.256507,66.114203,3.315289,75733743.386301,514.845303,25.816854,0.000000,0.000000,0.000000,0.000000,0.000000,0.000000,34676006.964384,235.730842,11.820694,51733181.961644,351.687164,17.635310,1497321.722603,10.178938,0.510422,2532.241545,0.017214,0.000863,409740.865240,2.785458,0.139676,8122074.305479,55.214645,2.768732,123254.741977,0.837898,0.042016,1769.122185,0.012027,0.000603,1769.122197,0.012027,0.000603,16.821857,0.000114,0.000006,0.025258,0.000000,0.000000,17.647488,0.000120,0.000006,527.096236,0.003583,0.000180,0.000000,0.000000,0.000000,0.000000,0.000000,0.000000,0.000000,0.000000,0.000000,0.000000,0.000000,0.000000,0.000000,0.000000,2806400.000000,4.000000,0.956673,1403200.000000,2.000000,0.478336,1403200.000000,2.000000,0.478336,0.000000,0.000000,0.000000,0.000000,0.000000,0.000000,1108736.975000,1.580298,0.377957,1403200.000000,2.000000,0.478336,42419236.986301,60.460714,14.460282,20639.827793,0.029418,0.007036,1515519.004452,2.160090,0.516625,-39564710.608219,-56.392119,-13.487203,0.000000,0.000000,0.000000,0.000000,0.000000,0.000000,0.000000,0.000000,0.000000,1271.029243,0.001812,0.000433,1.223363,0.000002,0.000000,111.068178,0.000158,0.000038,1344.581579,0.001916,0.000458,0.000000,0.000000,0.000000,0.000000,0.000000,0.000000,0.000000,0.000000,0.000000,0.000000,0.000000,0.000000,0.000000,0.000000,409702551.057534,572.850318,139.663388,20316683.408213,28.406996,6.925749,389385836.887671,544.443277,132.737628,0.000000,0.000000,0.000000,0.000000,0.000000,0.000000,160895054.027397,224.965121,54.847470,280614641.753425,392.358280,95.658647,5525219.132877,7.725418,1.883490,8161.740844,0.011412,0.002782,1381055.614726,1.931006,0.470788,32601964.460274,45.584402,11.113675,1057836.160171,1.479077,0.360605,15183.523539,0.021230,0.005176,15183.521640,0.021230,0.005176,117.449159,0.000164,0.000040,0.213891,0.000000,0.000000,108.999719,0.000152,0.000037,3533.881652,0.004941,0.001205,0.000000,0.000000,0.000000,0.000000,0.000000,0.000000,38269.693151,0.053509,0.013046,78.378082,1294.794349,0.001810,0.000441,274.323288,54431727212.010956,19534.785852,18555.216379,2199426666.608219,14951.914737,749.761944
1,1995,DAY_COUNT,365,365,365,365,365,365,365,365,365,365,365,365,365,365,365,365,365,365,365,365,365,365,365,365,365,365,365,365,365,365,365,365,365,365,365,365,365,365,365,365,365,365,365,365,365,365,365,365,365,365,365,365,365,365,365,365,365,365,365,365,365,365,365,365,365,365,365,365,365,365,365,365,365,365,365,365,365,365,365,365,365,365,365,365,365,365,365,365,365,365,365,365,365,365,365,365,365,365,365,365,365,365,365,365,365,365,365,365,365,365,365,365,365,365,365,365,365,365,365,365,365,365,365,365,365,365,365,365,365,365,365,365,365,365,365,365,365,365,365,365,365,365,365,365,365,365,365,365,365,365,365,365,365,365,365,365,365,365,365,365,365,365,365,365,365,365,365,365,365,365,365,365,365,365,365,365,365,365,365,365,365,365,365,365,365,365,365,365,365,365,365,365,365,365,365,365,365,365,365,365,365,365,365,365,365,365,365,365,365,365,365,365,365,365,365,365,365,365,365,365,365,365,365,365,365,365,365,365,365,365,365,365,365,365,365,365,365,365,365,365,365,365,365,365,365,365,365,365,365,365,365,365,365,365,365,365,365,365,365,365,365,365,365,365,365,365,365,365,365,365,365,365,365,365,365,365,365,365,365,365,365,365,365,365,365,365,365,365,365,365,365,365,365,365,365,365,365,365,365,365,365,365,365,365,365,365,365,365,365,365,365,365,365,365,365,365,365,365,365,365,365,365,365,365,365,365,365,365,365,365,365,365,365,365,365,365,365,365,365,365,365,365,365,365,365,365,365,365,365,365,365,365,365,365,365,365,365,365,365,365,365,365,365,365,365,365,365,365,365,365,365,365,365,365,365,365,365,365,365,365,365,365,365,365,365,365,365,365,365,365,365,365,365,365,365,365,365,365,365,365,365,365,365,365,365,365,365,365,365,365,365,365,365,365,365,365,365,365,365,365,365,365,365,365,365,365
1,1996,INITIAL_VALUE,0.000000,0.000000,0.000000,0.000000,0.000000,1.294099,0.004562,0.503460,0.763033,0.014417,0.008627,3.369461,0.223567,0.244602,0.073866,0.085251,3.310129,2.348484,8.597569,6.313507,6.008657,6.835894,7.383784,7.711588,0.000000,0.000000,0.000000,0.000000,17534.669922,14352.376953,3182.485352,277.536255,14075.094727,2865.593994,245.150482,51.612026,20.103518,0.000000,4626.209473,1333.735718,405.331238,4221.073730,684.934326,211.306061,96.668076,0.000000,240.023453,63.246925,37.554630,0.000000,19504.380859,14253.988281,2650.755371,1557.348511,1042.347412,22.776524,0.015601,2.257055,28.639490,0.000000,0.000000,0.011621,0.000174,0.011446,1.283338,0.009761,0.009761,0.563427,0.000000,0.000931,0.000000,0.000001,0.000000,0.000258,0.000000,0.008674,0.000932,0.000000,0.000000,0.711237,596800.000000,4.000000,0.203443,298400.000000,2.000000,0.101721,298400.000000,2.000000,0.101721,0.000000,0.000000,0.000000,0.000000,0.000000,0.000000,234493.437500,1.571672,0.079936,298400.000000,2.000000,0.101721,8931168.000000,59.860374,3.044543,3467.248535,0.023239,0.001182,312853.562500,2.096874,0.106649,-7449261.500000,-49.928028,-2.539377,0.000000,0.000000,0.000000,0.000000,0.000000,0.000000,0.000000,0.000000,0.000000,393.778290,0.002639,0.000134,0.278884,0.000002,0.000000,41.990749,0.000281,0.000014,682.837219,0.004577,0.000233,0.000000,0.000000,0.000000,0.000000,0.000000,0.000000,0.000000,0.000000,0.000000,0.000000,0.000000,0.000000,0.000000,0.000000,51067604992.000000,41844.972656,17408.421875,42101870592.000000,34498.421875,14352.095703,8965593088.000000,7346.438477,3056.278809,0.000000,0.000000,0.000000,0.000000,0.000000,0.000000,13355525120.000000,10943.564453,4552.761230,3482470400.000000,2853.548340,1187.138428,4919072.000000,4.030704,1.676861,11753.825195,0.009631,0.004007,2919603.000000,2.392333,0.995263,90214136.000000,73.921776,30.753073,3764672.750000,3.084786,1.283338,28635.205078,0.023464,0.009761,28635.013672,0.023464,0.009761,111.565994,0.000091,0.000038,0.370163,0.000000,0.000000,322.706360,0.000264,0.000110,15298.390625,0.012536,0.005215,0.000000,0.000000,0.000000,0.000000,0.000000,0.000000,0.000000,0.000000,0.000000,0.000000,0.000000,0.000000,0.000000,0.000000,65471868.000000,445.084076,22.318687,763196.875000,5.188286,0.260166,64708676.000000,439.895813,22.058523,0.000000,0.000000,0.000000,0.000000,0.000000,0.000000,41964764.000000,285.280518,14.305357,61447468.000000,417.725830,20.946810,1717913.250000,11.678540,0.585619,2547.898926,0.017321,0.000869,419825.156250,2.854012,0.143114,8326597.500000,56.605015,2.838452,0.000000,0.000000,0.000000,0.000000,0.000000,0.000000,0.000000,0.000000,0.000000,39.889927,0.000271,0.000014,0.039086,0.000000,0.000000,37.445053,0.000255,0.000013,1157.955688,0.007872,0.000395,0.000000,0.000000,0.000000,0.000000,0.000000,0.000000,0.000000,0.000000,0.000000,0.000000,0.000000,0.000000,0.000000,0.000000,2806400.000000,4.000000,0.956673,1403200.000000,2.000000,0.478336,1403200.000000,2.000000,0.478336,0.000000,0.000000,0.000000,0.000000,0.000000,0.000000,1094723.875000,1.560325,0.373180,1403200.000000,2.000000,0.478336,44988360.000000,64.122520,15.336069,19886.722656,0.028345,0.006779,1552308.750000,2.212527,0.529166,-40816624.000000,-58.176491,-13.913968,0.000000,0.000000,0.000000,0.000000,0.000000,0.000000,0.000000,0.000000,0.000000,1971.164917,0.002810,0.000672,1.793787,0.000003,0.000001,182.351654,0.000260,0.000062,2627.762939,0.003745,0.000896,0.000000,0.000000,0.000000,0.000000,0.000000,0.000000,0.000000,0.000000,0.000000,0.000000,0.000000,0.000000,0.000000,0.000000,304212672.000000,425.353302,103.702972,13.676211,0.000019,0.000005,304212672.000000,425.353302,103.702972,0.000000,0.000000,0.000000,0.000000,0.000000,0.000000,172894480.000000,241.742828,58.937950,366900160.000000,513.003601,125.072502,6258683.000000,8.750956,2.133521,8113.506836,0.011344,0.002766,1416523.125000,1.980597,0.482878,33738968.000000,47.174171,11.501267,0.000000,0.000000,0.000000,0.000000,0.000000,0.000000,0.000000,0.000000,0.000000,215.229065,0.000301,0.000073,0.268936,0.000000,0.000000,172.817169,0.000242,0.000059,5678.212891,0.007939,0.001936,0.000000,0.000000,0.000000,0.000000,0.000000,0.000000,0.000000,0.000000,0.000000,0.000000,0.000000,0.000000,0.000000,0.000000,55016697856.000000,19744.722656,18754.626953,2200946688.000000,14962.249023,750.280151
1,1996,FINAL_VALUE,2.363142,0.000000,0.000000,0.000000,35.110023,14.941833,1.833326,3.652335,7.038843,0.044138,0.010050,14.394353,0.317844,0.332198,0.098242,0.093672,3.576981,2.595982,9.750000,6.421332,4.864053,6.132467,6.967732,7.465065,0.003987,0.000000,0.000000,0.000000,17544.115234,14358.220703,3185.874268,277.775757,14080.970703,2868.299072,245.772171,51.598789,20.081699,0.000000,4619.149414,1352.837280,427.408051,4191.903320,680.863586,210.730576,97.502373,0.000000,256.536377,66.624802,40.570988,0.000000,19830.636719,14611.823242,2632.568848,1551.793091,1035.356689,24.673813,0.014619,2.352271,30.527803,0.000000,0.000000,0.009328,0.000140,0.009188,1.149472,0.016499,0.016499,0.436872,0.000000,0.004743,0.000000,0.000002,0.000000,0.001543,0.000000,0.056321,0.004745,0.000000,0.000000,0.656279,596800.000000,4.000000,0.203443,298400.000000,2.000000,0.101721,298400.000000,2.000000,0.101721,0.000000,0.000000,0.000000,0.000000,0.000000,0.000000,229636.906250,1.539121,0.078281,298400.000000,2.000000,0.101721,9676493.000000,64.855850,3.298617,3160.245361,0.021181,0.001077,320813.687500,2.150226,0.109362,-7601594.500000,-50.949024,-2.591305,0.000000,0.000000,0.000000,0.000000,0.000000,0.000000,0.000000,0.000000,0.000000,2186.952881,0.014658,0.000746,0.697100,0.000005,0.000000,224.534439,0.001505,0.000077,4082.389893,0.027362,0.001392,0.000000,0.000000,0.000000,0.000000,0.000000,0.000000,0.000000,0.000000,0.000000,0.000000,0.000000,0.000000,0.000000,0.000000,51090812928.000000,41863.988281,17416.332031,42118504448.000000,34512.046875,14357.764648,8972305408.000000,7351.938477,3058.566650,0.000000,0.000000,0.000000,0.000000,0.000000,0.000000,13313416192.000000,10909.059570,4538.406738,3505026048.000000,2872.030518,1194.827393,5152420.500000,4.221911,1.756407,11102.002930,0.009097,0.003785,3036768.500000,2.488339,1.035203,94121712.000000,77.123657,32.085125,0.000000,0.000000,0.000000,0.000000,0.000000,0.000000,0.000000,0.000000,0.000000,688.420898,0.000564,0.000235,0.687647,0.000001,0.000000,2254.693115,0.001848,0.000769,107303.734375,0.087925,0.036579,0.000000,0.000000,0.000000,0.000000,0.000000,0.000000,0.000000,0.000000,0.000000,0.000000,0.000000,0.000000,0.000000,0.000000,66685412.000000,453.333862,22.732372,1119779.750000,7.612371,0.381721,65565644.000000,445.721588,22.350655,0.000000,0.000000,0.000000,0.000000,0.000000,0.000000,45507368.000000,309.363495,15.512995,65353676.000000,444.280579,22.278397,1994383.375000,13.558011,0.679865,2465.546143,0.016761,0.000840,430167.031250,2.924317,0.146640,8419638.000000,57.237514,2.870168,811189.312500,5.514543,0.276526,11643.307617,0.079152,0.003969,11643.306641,0.079152,0.003969,239.536499,0.001628,0.000082,0.097548,0.000001,0.000000,203.424118,0.001383,0.000069,6205.427246,0.042185,0.002115,0.000000,0.000000,0.000000,0.000000,0.000000,0.000000,0.000000,0.000000,0.000000,0.000000,0.000000,0.000000,0.000000,0.000000,2806400.000000,4.000000,0.956673,1403200.000000,2.000000,0.478336,1403200.000000,2.000000,0.478336,0.000000,0.000000,0.000000,0.000000,0.000000,0.000000,1071718.125000,1.527534,0.365338,1403200.000000,2.000000,0.478336,48913664.000000,69.717308,16.674166,18440.294922,0.026283,0.006286,1614149.500000,2.300669,0.550247,-41678004.000000,-59.404224,-14.207603,0.000000,0.000000,0.000000,0.000000,0.000000,0.000000,0.000000,0.000000,0.000000,9626.229492,0.013720,0.003281,3.840271,0.000005,0.000001,863.523987,0.001231,0.000294,14144.015625,0.020160,0.004822,0.000000,0.000000,0.000000,0.000000,0.000000,0.000000,0.000000,0.000000,0.000000,0.000000,0.000000,0.000000,0.000000,0.000000,307643232.000000,430.149933,104.872414,1125681.500000,1.573939,0.383733,306517696.000000,428.576202,104.488731,0.000000,0.000000,0.000000,0.000000,0.000000,0.000000,190701824.000000,266.641266,65.008293,396432448.000000,554.295959,135.139755,6643871.000000,9.289529,2.264827,7720.746582,0.010795,0.002632,1498503.375000,2.095223,0.510824,36291368.000000,50.742966,12.371355,2560782.500000,3.580512,0.872944,36755.878906,0.051392,0.012530,36755.886719,0.051392,0.012530,1171.479492,0.001638,0.000399,0.532131,0.000001,0.000000,979.064209,0.001369,0.000334,33481.117188,0.046814,0.011413,0.000000,0.000000,0.000000,0.000000,0.000000,0.000000,0.000000,0.000000,0.000000,0.000000,0.000000,0.000000,0.000000,0.000000,55970484224.000000,20087.023438,19079.761719,2203415040.000000,14979.028320,751.121521
1,1996,ANNUAL_DELTA,2.363142,0.000000,0.000000,0.000000,35.110023,13.647735,1.828764,3.148875,6.275810,0.029721,0.001423,11.024892,0.094278,0.087596,0.024376,0.008421,0.266851,0.247497,1.152431,0.107825,-1.144604,-0.703426,-0.416052,-0.246523,0.003987,0.000000,0.000000,0.000000,9.445313,5.843750,3.388916,0.239502,5.875977,2.705078,0.621689,-0.013237,-0.021818,0.000000,-7.060059,19.101563,22.076813,-29.170410,-4.070740,-0.575485,0.834297,0.000000,16.512924,3.377876,3.016357,0.000000,326.255859,357.834961,-18.186523,-5.555420,-6.990723,1.897289,-0.000982,0.095216,1.888313,0.000000,0.000000,-0.002293,-0.000034,-0.002259,-0.133866,0.006737,0.006737,-0.126555,0.000000,0.003811,0.000000,0.000001,0.000000,0.001284,0.000000,0.047647,0.003813,0.000000,0.000000,-0.054958,0.000000,0.000000,0.000000,0.000000,0.000000,0.000000,0.000000,0.000000,0.000000,0.000000,0.000000,0.000000,0.000000,0.000000,0.000000,-4856.531250,-0.032550,-0.001656,0.000000,0.000000,0.000000,745325.000000,4.995476,0.254074,-307.003174,-0.002058,-0.000105,7960.125000,0.053352,0.002714,-152333.000000,-1.020996,-0.051929,0.000000,0.000000,0.000000,0.000000,0.000000,0.000000,0.000000,0.000000,0.000000,1793.174591,0.012019,0.000611,0.418216,0.000003,0.000000,182.543690,0.001223,0.000062,3399.552673,0.022785,0.001159,0.000000,0.000000,0.000000,0.000000,0.000000,0.000000,0.000000,0.000000,0.000000,0.000000,0.000000,0.000000,0.000000,0.000000,23207936.000000,19.015625,7.910156,16633856.000000,13.625000,5.668945,6712320.000000,5.500000,2.287842,0.000000,0.000000,0.000000,0.000000,0.000000,0.000000,-42108928.000000,-34.504883,-14.354492,22555648.000000,18.482178,7.688965,233348.500000,0.191206,0.079546,-651.822266,-0.000534,-0.000222,117165.500000,0.096006,0.039941,3907576.000000,3.201881,1.332052,-3764672.750000,-3.084786,-1.283338,-28635.205078,-0.023464,-0.009761,-28635.013672,-0.023464,-0.009761,576.854904,0.000473,0.000197,0.317484,0.000000,0.000000,1931.986755,0.001583,0.000659,92005.343750,0.075389,0.031364,0.000000,0.000000,0.000000,0.000000,0.000000,0.000000,0.000000,0.000000,0.000000,0.000000,0.000000,0.000000,0.000000,0.000000,1213544.000000,8.249786,0.413685,356582.875000,2.424085,0.121555,856968.000000,5.825775,0.292131,0.000000,0.000000,0.000000,0.000000,0.000000,0.000000,3542604.000000,24.082977,1.207638,3906208.000000,26.554749,1.331587,276470.125000,1.879471,0.094246,-82.352783,-0.000560,-0.000028,10341.875000,0.070305,0.003525,93040.500000,0.632500,0.031717,811189.312500,5.514543,0.276526,11643.307617,0.079152,0.003969,11643.306641,0.079152,0.003969,199.646572,0.001357,0.000068,0.058462,0.000000,0.000000,165.979065,0.001128,0.000057,5047.471558,0.034313,0.001721,0.000000,0.000000,0.000000,0.000000,0.000000,0.000000,0.000000,0.000000,0.000000,0.000000,0.000000,0.000000,0.000000,0.000000,0.000000,0.000000,0.000000,0.000000,0.000000,0.000000,0.000000,0.000000,0.000000,0.000000,0.000000,0.000000,0.000000,0.000000,0.000000,-23005.750000,-0.032790,-0.007842,0.000000,0.000000,0.000000,3925304.000000,5.594788,1.338097,-1446.427734,-0.002062,-0.000493,61840.750000,0.088143,0.021081,-861380.000000,-1.227734,-0.293634,0.000000,0.000000,0.000000,0.000000,0.000000,0.000000,0.000000,0.000000,0.000000,7655.064575,0.010911,0.002610,2.046483,0.000003,0.000001,681.172333,0.000971,0.000232,11516.252686,0.016414,0.003926,0.000000,0.000000,0.000000,0.000000,0.000000,0.000000,0.000000,0.000000,0.000000,0.000000,0.000000,0.000000,0.000000,0.000000,3430560.000000,4.796631,1.169441,1125667.823789,1.573920,0.383729,2305024.000000,3.222900,0.785759,0.000000,0.000000,0.000000,0.000000,0.000000,0.000000,17807344.000000,24.898438,6.070343,29532288.000000,41.292358,10.067253,385188.000000,0.538573,0.131307,-392.760254,-0.000549,-0.000134,81980.250000,0.114626,0.027946,2552400.000000,3.568794,0.870088,2560782.500000,3.580512,0.872944,36755.878906,0.051392,0.012530,36755.886719,0.051392,0.012530,956.250427,0.001337,0.000326,0.263194,0.000000,0.000000,806.247040,0.001127,0.000275,27802.904297,0.038874,0.009478,0.000000,0.000000,0.000000,0.000000,0.000000,0.000000,0.000000,0.000000,0.000000,0.000000,0.000000,0.000000,0.000000,0.000000,953786368.000000,342.300781,325.134766,2468352.000000,16.779297,0.841370
1,1996,MIN_VALUE,0.000000,0.000000,0.000000,0.000000,0.000000,0.128287,0.000077,0.053300,0.051966,0.003190,0.005240,0.423234,0.096249,0.088644,0.049335,0.077062,1.245469,0.889018,-5.000000,-1.862434,2.451144,4.623594,6.062374,6.922264,0.000000,0.000000,0.000000,0.000000,17534.669922,14352.376953,3182.485352,277.536255,14075.094727,2865.593994,245.150482,51.598789,20.081699,0.000000,4409.530273,1217.887451,366.634125,4042.295898,649.882202,206.144608,95.554733,0.000000,177.534180,53.355820,35.055775,0.000000,19504.380859,14253.988281,2632.568848,1551.793091,1035.356689,22.515251,0.014619,2.257055,28.639490,0.000000,0.000000,0.007654,0.000115,0.007539,0.000000,0.000000,0.000000,-0.677324,0.000000,0.000249,0.000000,0.000000,0.000000,0.000037,0.000000,0.000904,0.000249,0.000000,0.000000,-0.574428,596800.000000,4.000000,0.203443,298400.000000,2.000000,0.101721,298400.000000,2.000000,0.101721,0.000000,0.000000,0.000000,0.000000,0.000000,0.000000,229636.906250,1.539121,0.078281,298400.000000,2.000000,0.101721,8818239.000000,59.103477,3.006047,3160.245361,0.021181,0.001077,311348.406250,2.086786,0.106135,-7886665.000000,-52.859684,-2.688483,0.000000,0.000000,0.000000,0.000000,0.000000,0.000000,0.000000,0.000000,0.000000,100.081017,0.000671,0.000034,0.060915,0.000000,0.000000,7.934357,0.000053,0.000003,89.683464,0.000601,0.000031,0.000000,0.000000,0.000000,0.000000,0.000000,0.000000,0.000000,0.000000,0.000000,0.000000,0.000000,0.000000,0.000000,0.000000,51067604992.000000,41844.972656,17408.421875,42101870592.000000,34498.421875,14352.095703,8965593088.000000,7346.438477,3056.278809,0.000000,0.000000,0.000000,0.000000,0.000000,0.000000,12703958016.000000,10409.667969,4330.648926,3262563328.000000,2673.355713,1112.174316,4321518.500000,3.541067,1.473161,11033.840820,0.009041,0.003761,2913593.750000,2.387409,0.993214,88582624.000000,72.584908,30.196907,0.000000,0.000000,0.000000,0.000000,0.000000,0.000000,0.000000,0.000000,0.000000,17.338394,0.000014,0.000006,0.233843,0.000000,0.000000,17.258219,0.000014,0.000006,793.600403,0.000650,0.000271,0.000000,0.000000,0.000000,0.000000,0.000000,0.000000,0.000000,0.000000,0.000000,0.000000,0.000000,0.000000,0.000000,0.000000,65471868.000000,445.084076,22.318687,763196.312500,5.188282,0.260166,64708676.000000,439.895813,22.058523,0.000000,0.000000,0.000000,0.000000,0.000000,0.000000,27907966.000000,189.721039,9.513538,44495804.000000,302.486755,15.168162,1623313.625000,11.035442,0.553371,2392.565918,0.016265,0.000816,414786.000000,2.819755,0.141396,8039193.000000,54.651211,2.740478,0.000000,0.000000,0.000000,0.000000,0.000000,0.000000,0.000000,0.000000,0.000000,0.430025,0.000003,0.000000,0.004772,0.000000,0.000000,0.129768,0.000001,0.000000,4.552174,0.000031,0.000002,0.000000,0.000000,0.000000,0.000000,0.000000,0.000000,0.000000,0.000000,0.000000,0.000000,0.000000,0.000000,0.000000,0.000000,2806400.000000,4.000000,0.956673,1403200.000000,2.000000,0.478336,1403200.000000,2.000000,0.478336,0.000000,0.000000,0.000000,0.000000,0.000000,0.000000,1071718.125000,1.527534,0.365338,1403200.000000,2.000000,0.478336,44573624.000000,63.531391,15.194691,18440.294922,0.026283,0.006286,1552308.750000,2.212527,0.529166,-42845120.000000,-61.067734,-14.605462,0.000000,0.000000,0.000000,0.000000,0.000000,0.000000,0.000000,0.000000,0.000000,586.135803,0.000835,0.000200,0.466632,0.000001,0.000000,42.463467,0.000061,0.000014,456.052582,0.000650,0.000155,0.000000,0.000000,0.000000,0.000000,0.000000,0.000000,0.000000,0.000000,0.000000,0.000000,0.000000,0.000000,0.000000,0.000000,304212672.000000,425.353302,103.702972,10.583433,0.000015,0.000004,304212672.000000,425.353302,103.702972,0.000000,0.000000,0.000000,0.000000,0.000000,0.000000,142026336.000000,198.582687,48.415318,216577104.000000,302.820343,73.828911,4984664.500000,6.969609,1.699221,7601.916504,0.010629,0.002591,1416523.125000,1.980597,0.482878,33738968.000000,47.174171,11.501267,0.000000,0.000000,0.000000,0.000000,0.000000,0.000000,0.000000,0.000000,0.000000,24.523918,0.000034,0.000008,0.105690,0.000000,0.000000,35.930771,0.000050,0.000012,1149.882813,0.001608,0.000392,0.000000,0.000000,0.000000,0.000000,0.000000,0.000000,0.000000,0.000000,0.000000,0.000000,0.000000,0.000000,0.000000,0.000000,55016697856.000000,19744.722656,18754.626953,2200946688.000000,14962.249023,750.280151
1,1996,MIN_VALUE_JDAY,1.000000,1.000000,1.000000,1.000000,1.000000,275.000000,284.000000,167.000000,214.000000,290.000000,332.000000,242.000000,276.000000,243.000000,290.000000,290.000000,29.000000,29.000000,29.000000,29.000000,34.000000,34.000000,34.000000,34.000000,1.000000,1.000000,1.000000,1.000000,1.000000,1.000000,1.000000,1.000000,1.000000,1.000000,1.000000,366.000000,366.000000,1.000000,349.000000,262.000000,320.000000,349.000000,262.000000,262.000000,349.000000,1.000000,262.000000,262.000000,349.000000,1.000000,1.000000,1.000000,366.000000,366.000000,366.000000,164.000000,366.000000,1.000000,1.000000,1.000000,1.000000,31.000000,31.000000,31.000000,350.000000,350.000000,350.000000,242.000000,1.000000,214.000000,1.000000,277.000000,1.000000,277.000000,1.000000,277.000000,214.000000,1.000000,1.000000,351.000000,1.000000,1.000000,1.000000,1.000000,1.000000,1.000000,1.000000,1.000000,1.000000,1.000000,1.000000,1.000000,1.000000,1.000000,1.000000,366.000000,366.000000,366.000000,1.000000,1.000000,1.000000,65.000000,65.000000,65.000000,366.000000,366.000000,366.000000,90.000000,90.000000,90.000000,288.000000,288.000000,288.000000,1.000000,1.000000,1.000000,1.000000,1.000000,1.000000,1.000000,1.000000,1.000000,214.000000,214.000000,214.000000,278.000000,278.000000,278.000000,246.000000,246.000000,246.000000,251.000000,251.000000,251.000000,1.000000,1.000000,1.000000,1.000000,1.000000,1.000000,1.000000,1.000000,1.000000,1.000000,1.000000,1.000000,1.000000,1.000000,1.000000,1.000000,1.000000,1.000000,1.000000,1.000000,1.000000,1.000000,1.000000,1.000000,1.000000,1.000000,1.000000,1.000000,1.000000,349.000000,349.000000,349.000000,349.000000,349.000000,349.000000,157.000000,157.000000,157.000000,216.000000,216.000000,216.000000,56.000000,56.000000,56.000000,62.000000,62.000000,62.000000,350.000000,350.000000,350.000000,350.000000,350.000000,350.000000,350.000000,350.000000,350.000000,199.000000,199.000000,199.000000,248.000000,248.000000,248.000000,243.000000,243.000000,243.000000,243.000000,243.000000,243.000000,1.000000,1.000000,1.000000,1.000000,1.000000,1.000000,1.000000,1.000000,1.000000,1.000000,1.000000,1.000000,1.000000,1.000000,1.000000,1.000000,1.000000,365.000000,365.000000,365.000000,1.000000,1.000000,1.000000,1.000000,1.000000,1.000000,1.000000,1.000000,1.000000,262.000000,262.000000,262.000000,262.000000,262.000000,262.000000,188.000000,188.000000,188.000000,214.000000,214.000000,214.000000,147.000000,147.000000,147.000000,151.000000,151.000000,151.000000,1.000000,1.000000,1.000000,1.000000,1.000000,1.000000,1.000000,1.000000,1.000000,257.000000,257.000000,257.000000,285.000000,285.000000,285.000000,243.000000,243.000000,243.000000,247.000000,247.000000,247.000000,1.000000,1.000000,1.000000,1.000000,1.000000,1.000000,1.000000,1.000000,1.000000,1.000000,1.000000,1.000000,1.000000,1.000000,1.000000,1.000000,1.000000,1.000000,1.000000,1.000000,1.000000,1.000000,1.000000,1.000000,1.000000,1.000000,1.000000,1.000000,1.000000,366.000000,366.000000,366.000000,1.000000,1.000000,1.000000,63.000000,63.000000,63.000000,366.000000,366.000000,366.000000,1.000000,1.000000,1.000000,319.000000,319.000000,319.000000,1.000000,1.000000,1.000000,1.000000,1.000000,1.000000,1.000000,1.000000,1.000000,198.000000,198.000000,198.000000,277.000000,277.000000,277.000000,242.000000,242.000000,242.000000,247.000000,247.000000,247.000000,1.000000,1.000000,1.000000,1.000000,1.000000,1.000000,1.000000,1.000000,1.000000,1.000000,1.000000,1.000000,1.000000,1.000000,1.000000,1.000000,1.000000,365.000000,365.000000,365.000000,1.000000,1.000000,1.000000,1.000000,1.000000,1.000000,1.000000,1.000000,1.000000,152.000000,152.000000,152.000000,262.000000,262.000000,262.000000,262.000000,262.000000,262.000000,262.000000,262.000000,262.000000,1.000000,1.000000,1.000000,1.000000,1.000000,1.000000,1.000000,1.000000,1.000000,1.000000,1.000000,1.000000,1.000000,1.000000,1.000000,246.000000,246.000000,246.000000,276.000000,276.000000,276.000000,168.000000,168.000000,168.000000,168.000000,168.000000,168.000000,1.000000,1.000000,1.000000,1.000000,1.000000,1.000000,1.000000,1.000000,1.000000,1.000000,1.000000,1.000000,1.000000,1.000000,1.000000,1.000000,1.000000,1.000000,1.000000,1.000000
1,1996,MAX_VALUE,17.941994,32.000000,44.702953,44.702953,67.781006,28.015200,5.817958,7.553242,7.038843,0.050195,0.013814,14.394353,0.371692,0.333882,0.098242,0.093672,9.234753,4.201833,24.692820,21.098570,16.053102,12.495908,10.612726,9.586552,0.006917,0.000000,0.000000,0.000000,17860.197266,14574.186523,3332.009766,346.433716,14235.332031,2912.144531,331.658966,65.224945,25.677288,0.000000,4626.209473,1352.837280,427.408051,4221.073730,684.934326,211.306061,97.502373,0.000000,256.536377,66.624802,40.570988,0.000000,19830.636719,14611.823242,2650.755371,1557.348511,1042.347412,24.677330,0.015601,2.352271,30.527803,0.000000,0.000000,0.029095,0.000436,0.028658,6.069518,0.078108,0.078108,0.919906,0.000000,0.004743,0.000000,0.000002,0.000000,0.001543,0.000000,0.056321,0.004745,0.000000,0.000000,5.170016,596800.000000,4.000000,0.203443,298400.000000,2.000000,0.101721,298400.000000,2.000000,0.101721,0.000000,0.000000,0.000000,0.000000,0.000000,0.000000,234493.437500,1.571672,0.079936,298400.000000,2.000000,0.101721,9760030.000000,65.415756,3.327094,3467.248535,0.023239,0.001182,320893.468750,2.150760,0.109389,-7127353.000000,-47.770462,-2.429641,0.000000,0.000000,0.000000,0.000000,0.000000,0.000000,0.000000,0.000000,0.000000,2186.952881,0.014658,0.000746,0.709187,0.000005,0.000000,224.534439,0.001505,0.000077,4082.389893,0.027362,0.001392,0.000000,0.000000,0.000000,0.000000,0.000000,0.000000,0.000000,0.000000,0.000000,0.000000,0.000000,0.000000,0.000000,0.000000,51968634880.000000,42583.281250,17715.574219,42745290752.000000,35025.640625,14571.429688,9223382016.000000,7557.671387,3144.156250,0.000000,0.000000,0.000000,0.000000,0.000000,0.000000,13355525120.000000,10943.564453,4552.761230,3505026048.000000,2872.030518,1194.827393,5184767.000000,4.248416,1.767434,11753.825195,0.009631,0.004007,3041252.750000,2.492013,1.036732,95262032.000000,78.058037,32.473846,6052254.500000,4.959238,2.063151,46035.414063,0.037722,0.015693,46035.460938,0.037722,0.015693,754.496521,0.000618,0.000257,0.687647,0.000001,0.000000,2254.693115,0.001848,0.000769,107303.734375,0.087925,0.036579,0.000000,0.000000,0.000000,0.000000,0.000000,0.000000,0.000000,0.000000,0.000000,0.000000,0.000000,0.000000,0.000000,0.000000,114899584.000000,781.098511,39.168087,22490654.000000,152.893646,7.666833,92408864.000000,628.204346,31.501232,0.000000,0.000000,0.000000,0.000000,0.000000,0.000000,45557780.000000,309.706207,15.530179,65404132.000000,444.623596,22.295597,2131207.500000,14.488155,0.726507,2664.588623,0.018114,0.000908,432469.343750,2.939968,0.147424,8505096.000000,57.818462,2.899300,1685408.250000,11.457567,0.574538,24191.326172,0.164455,0.008247,24191.320313,0.164455,0.008247,286.536804,0.001948,0.000098,0.169470,0.000001,0.000000,225.101929,0.001530,0.000077,6205.427246,0.042185,0.002115,0.000000,0.000000,0.000000,0.000000,0.000000,0.000000,0.000000,0.000000,0.000000,0.000000,0.000000,0.000000,0.000000,0.000000,2806400.000000,4.000000,0.956673,1403200.000000,2.000000,0.478336,1403200.000000,2.000000,0.478336,0.000000,0.000000,0.000000,0.000000,0.000000,0.000000,1094723.875000,1.560325,0.373180,1403200.000000,2.000000,0.478336,49261376.000000,70.212906,16.792696,19886.722656,0.028345,0.006779,1614149.500000,2.300669,0.550247,-39236928.000000,-55.924927,-13.375465,0.000000,0.000000,0.000000,0.000000,0.000000,0.000000,0.000000,0.000000,0.000000,9626.229492,0.013720,0.003281,3.840271,0.000005,0.000001,863.523987,0.001231,0.000294,14144.015625,0.020160,0.004822,0.000000,0.000000,0.000000,0.000000,0.000000,0.000000,0.000000,0.000000,0.000000,0.000000,0.000000,0.000000,0.000000,0.000000,569576000.000000,796.387024,194.162598,76521104.000000,106.992592,26.085257,530590688.000000,741.877380,180.872910,0.000000,0.000000,0.000000,0.000000,0.000000,0.000000,190959568.000000,267.001648,65.096153,396749312.000000,554.739014,135.247772,8173116.500000,11.427735,2.786131,8335.593750,0.011655,0.002842,1498503.375000,2.095223,0.510824,36291368.000000,50.742966,12.371355,12520475.000000,17.506256,4.268101,179711.015625,0.251274,0.061262,179711.250000,0.251274,0.061262,1171.479492,0.001638,0.000399,0.916246,0.000001,0.000000,979.064209,0.001369,0.000334,33481.117188,0.046814,0.011413,0.000000,0.000000,0.000000,0.000000,0.000000,0.000000,3492109.500000,4.882703,1.190424,7152.000000,78623.046875,0.109932,0.026802,7152.000000,55970484224.000000,20087.023438,19079.761719,2203415040.000000,14979.028320,751.121521
1,1996,MAX_VALUE_JDAY,364.000000,361.000000,362.000000,364.000000,364.000000,364.000000,364.000000,365.000000,366.000000,43.000000,47.000000,366.000000,364.000000,365.000000,366.000000,366.000000,209.000000,155.000000,209.000000,209.000000,211.000000,211.000000,211.000000,211.000000,364.000000,1.000000,1.000000,1.000000,258.000000,349.000000,262.000000,166.000000,349.000000,262.000000,262.000000,349.000000,349.000000,1.000000,1.000000,366.000000,366.000000,1.000000,1.000000,1.000000,366.000000,1.000000,366.000000,366.000000,366.000000,1.000000,366.000000,366.000000,1.000000,1.000000,1.000000,365.000000,1.000000,366.000000,366.000000,1.000000,1.000000,211.000000,211.000000,211.000000,141.000000,141.000000,141.000000,147.000000,1.000000,366.000000,1.000000,41.000000,1.000000,366.000000,1.000000,366.000000,366.000000,1.000000,1.000000,141.000000,1.000000,1.000000,1.000000,1.000000,1.000000,1.000000,1.000000,1.000000,1.000000,1.000000,1.000000,1.000000,1.000000,1.000000,1.000000,1.000000,1.000000,1.000000,1.000000,1.000000,1.000000,325.000000,325.000000,325.000000,1.000000,1.000000,1.000000,365.000000,365.000000,365.000000,65.000000,65.000000,65.000000,1.000000,1.000000,1.000000,1.000000,1.000000,1.000000,1.000000,1.000000,1.000000,366.000000,366.000000,366.000000,41.000000,41.000000,41.000000,366.000000,366.000000,366.000000,366.000000,366.000000,366.000000,1.000000,1.000000,1.000000,1.000000,1.000000,1.000000,1.000000,1.000000,1.000000,1.000000,1.000000,1.000000,1.000000,1.000000,349.000000,349.000000,349.000000,349.000000,349.000000,349.000000,349.000000,349.000000,349.000000,1.000000,1.000000,1.000000,1.000000,1.000000,1.000000,1.000000,1.000000,1.000000,366.000000,366.000000,366.000000,286.000000,286.000000,286.000000,1.000000,1.000000,1.000000,339.000000,339.000000,339.000000,331.000000,331.000000,331.000000,302.000000,302.000000,302.000000,302.000000,302.000000,302.000000,302.000000,302.000000,302.000000,365.000000,365.000000,365.000000,366.000000,366.000000,366.000000,366.000000,366.000000,366.000000,366.000000,366.000000,366.000000,1.000000,1.000000,1.000000,1.000000,1.000000,1.000000,1.000000,1.000000,1.000000,1.000000,1.000000,1.000000,1.000000,1.000000,262.000000,262.000000,262.000000,262.000000,262.000000,262.000000,262.000000,262.000000,262.000000,1.000000,1.000000,1.000000,1.000000,1.000000,1.000000,365.000000,365.000000,365.000000,365.000000,365.000000,365.000000,133.000000,133.000000,133.000000,133.000000,133.000000,133.000000,331.000000,331.000000,331.000000,331.000000,331.000000,331.000000,146.000000,146.000000,146.000000,146.000000,146.000000,146.000000,146.000000,146.000000,146.000000,365.000000,365.000000,365.000000,40.000000,40.000000,40.000000,365.000000,365.000000,365.000000,366.000000,366.000000,366.000000,1.000000,1.000000,1.000000,1.000000,1.000000,1.000000,1.000000,1.000000,1.000000,1.000000,1.000000,1.000000,1.000000,1.000000,1.000000,1.000000,1.000000,1.000000,1.000000,1.000000,1.000000,1.000000,1.000000,1.000000,1.000000,1.000000,1.000000,1.000000,1.000000,1.000000,1.000000,1.000000,1.000000,1.000000,1.000000,324.000000,324.000000,324.000000,1.000000,1.000000,1.000000,366.000000,366.000000,366.000000,67.000000,67.000000,67.000000,1.000000,1.000000,1.000000,1.000000,1.000000,1.000000,1.000000,1.000000,1.000000,366.000000,366.000000,366.000000,366.000000,366.000000,366.000000,366.000000,366.000000,366.000000,366.000000,366.000000,366.000000,1.000000,1.000000,1.000000,1.000000,1.000000,1.000000,1.000000,1.000000,1.000000,1.000000,1.000000,1.000000,1.000000,1.000000,258.000000,258.000000,258.000000,166.000000,166.000000,166.000000,262.000000,262.000000,262.000000,1.000000,1.000000,1.000000,1.000000,1.000000,1.000000,365.000000,365.000000,365.000000,365.000000,365.000000,365.000000,133.000000,133.000000,133.000000,133.000000,133.000000,133.000000,366.000000,366.000000,366.000000,366.000000,366.000000,366.000000,141.000000,141.000000,141.000000,141.000000,141.000000,141.000000,141.000000,141.000000,141.000000,366.000000,366.000000,366.000000,40.000000,40.000000,40.000000,366.000000,366.000000,366.000000,366.000000,366.000000,366.000000,1.000000,1.000000,1.000000,1.000000,1.000000,1.000000,122.000000,122.000000,122.000000,122.000000,153.000000,153.000000,153.000000,61.000000,366.000000,366.000000,366.000000,366.000000,366.000000,366.000000
1,1996,ANNUAL_SUM,60.376819,56.398440,158.897346,56.401684,1196.840053,447.015032,65.284256,151.654994,162.233527,4.621631,2.843803,784.641046,65.861248,63.566501,26.410690,30.446754,1528.905860,817.338078,4074.245391,3807.417239,3559.913830,3298.626828,3164.680983,3093.689280,0.208411,0.000000,0.000000,0.000000,6495723.292969,5301021.738281,1194770.285400,117159.184143,5183865.535156,1057906.535156,106405.867661,21948.853203,8498.064638,0.000000,1651149.956055,464699.794678,139582.549744,1511623.720215,243563.168396,76090.002258,35163.860054,0.000000,75811.115952,20810.142281,13258.670586,0.000000,7194906.912109,5279007.060547,966865.221191,568979.055542,380225.596313,8560.580109,5.477516,843.009769,10854.724556,0.000000,0.000000,6.366263,0.095494,6.270768,464.176706,4.581185,4.581181,188.099285,0.000000,0.254698,0.000000,0.000221,0.000000,0.060366,0.000000,1.915020,0.254919,0.000000,0.000000,274.162400,218428800.000000,1464.000000,74.460135,109214400.000000,732.000000,37.230067,109214400.000000,732.000000,37.230067,0.000000,0.000000,0.000000,0.000000,0.000000,0.000000,84966681.375000,569.481779,28.964268,109214400.000000,732.000000,37.230067,3377409513.000000,22636.793011,1151.324193,1201321.935791,8.051756,0.409518,115228590.406250,772.309588,39.280242,-2736575252.500000,-18341.657196,-932.870377,0.000000,0.000000,0.000000,0.000000,0.000000,0.000000,0.000000,0.000000,0.000000,103001.338493,0.690357,0.035112,57.953772,0.000388,0.000020,9870.193249,0.066154,0.003365,149923.434906,1.004849,0.051107,0.000000,0.000000,0.000000,0.000000,0.000000,0.000000,0.000000,0.000000,0.000000,0.000000,0.000000,0.000000,0.000000,0.000000,18872384397312.000000,15464097.339844,6433401.871094,15539000659968.000000,12732711.140625,5297085.614258,3333396052992.000000,2731396.308594,1136320.450195,0.000000,0.000000,0.000000,0.000000,0.000000,0.000000,4767569054720.000000,3906562.652344,1625215.287109,1232077315072.000000,1009568.433350,420002.493896,1729056756.500000,1416.795110,589.417675,4091337.980469,3.352457,1.394695,1088480459.750000,891.904670,371.051802,33626593160.000000,27553.747299,11462.959976,904916656.312500,741.491850,308.476786,6883067.418701,5.640009,2.346367,6883065.964111,5.640008,2.346366,23747.344891,0.019459,0.008095,105.784016,0.000087,0.000036,69156.533148,0.056667,0.023575,3188149.347229,2.612381,1.086807,0.000000,0.000000,0.000000,0.000000,0.000000,0.000000,0.000000,0.000000,0.000000,0.000000,0.000000,0.000000,0.000000,0.000000,31710256260.000000,215569.383179,10809.700407,3675631506.125000,24987.297669,1252.984996,28034619656.000000,190582.048798,9556.713785,0.000000,0.000000,0.000000,0.000000,0.000000,0.000000,13060498832.000000,88786.531967,4452.189825,19480133232.000000,132427.825928,6640.577181,669906602.250000,4554.089746,228.364275,915477.598389,6.223505,0.312077,154255594.531250,1048.644422,52.584147,3016266667.500000,20504.871975,1028.214306,50238828.235870,341.528407,17.125900,721097.035621,4.902087,0.245815,721096.918738,4.902087,0.245815,9744.394390,0.066243,0.003322,10.677576,0.000073,0.000004,7727.115297,0.052530,0.002634,224377.686489,1.525341,0.076488,0.000000,0.000000,0.000000,0.000000,0.000000,0.000000,0.000000,0.000000,0.000000,0.000000,0.000000,0.000000,0.000000,0.000000,1027142400.000000,1464.000000,350.142284,513571200.000000,732.000000,175.071142,513571200.000000,732.000000,175.071142,0.000000,0.000000,0.000000,0.000000,0.000000,0.000000,396637889.125000,565.333364,135.209779,513571200.000000,732.000000,175.071142,17066106560.000000,24324.553177,5817.660324,6968922.453125,9.932900,2.375634,578563352.625000,824.634199,197.226301,-14965238620.000000,-21330.157711,-5101.496040,0.000000,0.000000,0.000000,0.000000,0.000000,0.000000,0.000000,0.000000,0.000000,553987.303955,0.789606,0.188849,397.356718,0.000566,0.000135,45558.109501,0.064935,0.015530,608343.062073,0.867080,0.207378,0.000000,0.000000,0.000000,0.000000,0.000000,0.000000,0.000000,0.000000,0.000000,0.000000,0.000000,0.000000,0.000000,0.000000,150750342048.000000,210780.681458,51389.242050,7808769599.421897,10918.302007,2661.929291,142941570112.000000,199862.375763,48727.311920,0.000000,0.000000,0.000000,0.000000,0.000000,0.000000,62784116224.000000,87785.397415,21402.459873,111009278576.000000,155214.315552,37841.922150,2269852802.500000,3173.731542,773.769491,2892196.985840,4.043900,0.985920,536448060.250000,750.067198,182.869630,12901219488.000000,18038.617855,4397.893121,406506711.939514,568.381870,138.573961,5834745.357229,8.158201,1.989005,5834742.029104,8.158196,1.989004,56678.477427,0.079248,0.019321,77.301538,0.000108,0.000026,44770.461018,0.062599,0.015262,1446922.541504,2.023102,0.493241,0.000000,0.000000,0.000000,0.000000,0.000000,0.000000,13968438.000000,19.530813,4.761697,28608.000000,490427.849609,0.685721,0.167182,100128.000000,20300642099200.000000,7285616.597656,6920280.255859,805996219648.000000,5479240.097656,274755.827820
1,1996,ANNUAL_AVERAGE,0.164964,0.154094,0.434146,0.154103,3.270055,1.221353,0.178372,0.414358,0.443261,0.012627,0.007770,2.143828,0.179949,0.173679,0.072160,0.083188,4.177338,2.233164,11.131818,10.402779,9.726541,9.012642,8.646669,8.452703,0.000569,0.000000,0.000000,0.000000,17747.877850,14483.665952,3264.399687,320.107061,14163.567036,2890.455014,290.726414,59.969544,23.218756,0.000000,4511.338678,1269.671570,381.373087,4130.119454,665.473138,207.896181,96.076120,0.000000,207.134197,56.858312,36.225876,0.000000,19658.215607,14423.516559,2641.708255,1554.587583,1038.867749,23.389563,0.014966,2.303305,29.657717,0.000000,0.000000,0.017394,0.000261,0.017133,1.268242,0.012517,0.012517,0.513932,0.000000,0.000696,0.000000,0.000001,0.000000,0.000165,0.000000,0.005232,0.000697,0.000000,0.000000,0.749078,596800.000000,4.000000,0.203443,298400.000000,2.000000,0.101721,298400.000000,2.000000,0.101721,0.000000,0.000000,0.000000,0.000000,0.000000,0.000000,232149.402664,1.555961,0.079137,298400.000000,2.000000,0.101721,9227894.844262,61.849161,3.145695,3282.300371,0.021999,0.001119,314832.214225,2.110135,0.107323,-7476981.564208,-50.113817,-2.548826,0.000000,0.000000,0.000000,0.000000,0.000000,0.000000,0.000000,0.000000,0.000000,281.424422,0.001886,0.000096,0.158344,0.000001,0.000000,26.967741,0.000181,0.000009,409.626871,0.002745,0.000140,0.000000,0.000000,0.000000,0.000000,0.000000,0.000000,0.000000,0.000000,0.000000,0.000000,0.000000,0.000000,0.000000,0.000000,51563891795.934425,42251.632076,17577.600741,42456285956.196724,34788.828253,14472.911514,9107639489.049181,7462.831444,3104.700684,0.000000,0.000000,0.000000,0.000000,0.000000,0.000000,13026144958.251366,10673.668449,4440.478927,3366331461.945355,2758.383698,1147.547798,4724198.788251,3.871025,1.610431,11178.519072,0.009160,0.003811,2973990.327186,2.436898,1.013803,91875937.595628,75.283463,31.319563,2472449.880635,2.025934,0.842833,18806.195133,0.015410,0.006411,18806.191159,0.015410,0.006411,64.883456,0.000053,0.000022,0.289027,0.000000,0.000000,188.952276,0.000155,0.000064,8710.790566,0.007138,0.002969,0.000000,0.000000,0.000000,0.000000,0.000000,0.000000,0.000000,0.000000,0.000000,0.000000,0.000000,0.000000,0.000000,0.000000,86640044.426230,588.987386,29.534701,10042709.033128,68.271305,3.423456,76597321.464481,520.715980,26.111240,0.000000,0.000000,0.000000,0.000000,0.000000,0.000000,35684423.038251,242.586153,12.164453,53224407.737705,361.824661,18.143653,1830345.907787,12.442868,0.623946,2501.304914,0.017004,0.000853,421463.373036,2.865149,0.143673,8241165.758197,56.024240,2.809329,137264.558022,0.933138,0.046792,1970.210480,0.013394,0.000672,1970.210160,0.013394,0.000672,26.624028,0.000181,0.000009,0.029174,0.000000,0.000000,21.112337,0.000144,0.000007,613.053788,0.004168,0.000209,0.000000,0.000000,0.000000,0.000000,0.000000,0.000000,0.000000,0.000000,0.000000,0.000000,0.000000,0.000000,0.000000,0.000000,2806400.000000,4.000000,0.956673,1403200.000000,2.000000,0.478336,1403200.000000,2.000000,0.478336,0.000000,0.000000,0.000000,0.000000,0.000000,0.000000,1083710.079577,1.544627,0.369426,1403200.000000,2.000000,0.478336,46628706.448087,66.460528,15.895247,19040.771730,0.027139,0.006491,1580774.187500,2.253099,0.538870,-40888630.109290,-58.279119,-13.938514,0.000000,0.000000,0.000000,0.000000,0.000000,0.000000,0.000000,0.000000,0.000000,1513.626514,0.002157,0.000516,1.085674,0.000002,0.000000,124.475709,0.000177,0.000042,1662.139514,0.002369,0.000567,0.000000,0.000000,0.000000,0.000000,0.000000,0.000000,0.000000,0.000000,0.000000,0.000000,0.000000,0.000000,0.000000,0.000000,411886180.459016,575.903501,140.407765,21335436.063994,29.831426,7.273031,390550738.010929,546.072065,133.134732,0.000000,0.000000,0.000000,0.000000,0.000000,0.000000,171541301.158470,239.850813,58.476666,303304039.825137,424.082829,103.393230,6201783.613388,8.671398,2.114124,7902.177557,0.011049,0.002694,1465705.082650,2.049364,0.499644,35249233.573770,49.285841,12.016101,1110674.076337,1.552956,0.378617,15941.927206,0.022290,0.005434,15941.918112,0.022290,0.005434,154.859228,0.000217,0.000053,0.211206,0.000000,0.000000,122.323664,0.000171,0.000042,3953.340277,0.005528,0.001348,0.000000,0.000000,0.000000,0.000000,0.000000,0.000000,38165.131148,0.053363,0.013010,78.163934,1339.966802,0.001874,0.000457,273.573770,55466235243.715840,19906.056278,18907.869552,2202175463.519126,14970.601360,750.698983
1,1996,DAY_COUNT,366,366,366,366,366,366,366,366,366,366,366,366,366,366,366,366,366,366,366,366,366,366,366,366,366,366,366,366,366,366,366,366,366,366,366,366,366,366,366,366,366,366,366,366,366,366,366,366,366,366,366,366,366,366,366,366,366,366,366,366,366,366,366,366,366,366,366,366,366,366,366,366,366,366,366,366,366,366,366,366,366,366,366,366,366,366,366,366,366,366,366,366,366,366,366,366,366,366,366,366,366,366,366,366,366,366,366,366,366,366,366,366,366,366,366,366,366,366,366,366,366,366,366,366,366,366,366,366,366,366,366,366,366,366,366,366,366,366,366,366,366,366,366,366,366,366,366,366,366,366,366,366,366,366,366,366,366,366,366,366,366,366,366,366,366,366,366,366,366,366,366,366,366,366,366,366,366,366,366,366,366,366,366,366,366,366,366,366,366,366,366,366,366,366,366,366,366,366,366,366,366,366,366,366,366,366,366,366,366,366,366,366,366,366,366,366,366,366,366,366,366,366,366,366,366,366,366,366,366,366,366,366,366,366,366,366,366,366,366,366,366,366,366,366,366,366,366,366,366,366,366,366,366,366,366,366,366,366,366,366,366,366,366,366,366,366,366,366,366,366,366,366,366,366,366,366,366,366,366,366,366,366,366,366,366,366,366,366,366,366,366,366,366,366,366,366,366,366,366,366,366,366,366,366,366,366,366,366,366,366,366,366,366,366,366,366,366,366,366,366,366,366,366,366,366,366,366,366,366,366,366,366,366,366,366,366,366,366,366,366,366,366,366,366,366,366,366,366,366,366,366,366,366,366,366,366,366,366,366,366,366,366,366,366,366,366,366,366,366,366,366,366,366,366,366,366,366,366,366,366,366,366,366,366,366,366,366,366,366,366,366,366,366,366,366,366,366,366,366,366,366,366,366,366,366,366,366,366,366,366,366,366,366,366,366,366,366,366,366,366,366,366,366,366,366,366
1,1997,INITIAL_VALUE,1.671567,0.000000,0.000000,0.000000,24.896107,14.462639,1.341058,4.254035,7.111166,0.071921,0.012892,16.192469,0.309971,0.342617,0.107878,0.097781,3.711655,2.701345,10.299738,6.829770,5.313777,6.412200,7.134826,7.564867,0.003141,0.000000,0.000000,0.000000,17545.410156,14359.153320,3186.240967,278.035309,14081.759766,2868.409668,245.980240,51.657799,20.106752,0.000000,4618.328125,1352.517334,427.153412,4191.324219,680.773499,210.712372,97.499725,0.000000,256.372070,66.588455,40.563881,0.000000,19831.269531,14612.479492,2632.538330,1551.780518,1035.338013,24.676836,0.014613,2.352426,30.532450,0.000000,0.000000,0.009938,0.000149,0.009789,1.332834,0.010138,0.010138,0.489658,0.000000,0.004825,0.000000,0.000002,0.000000,0.001610,0.000000,0.059811,0.004827,0.000000,0.000000,0.783365,596800.000000,4.000000,0.203443,298400.000000,2.000000,0.101721,298400.000000,2.000000,0.101721,0.000000,0.000000,0.000000,0.000000,0.000000,0.000000,229626.828125,1.539054,0.078277,298400.000000,2.000000,0.101721,9666698.000000,64.790199,3.295278,3156.632568,0.021157,0.001076,320921.406250,2.150948,0.109399,-7576078.000000,-50.778004,-2.582607,0.000000,0.000000,0.000000,0.000000,0.000000,0.000000,0.000000,0.000000,0.000000,1902.089844,0.012749,0.000648,0.863648,0.000006,0.000000,228.326492,0.001530,0.000078,4942.579102,0.033127,0.001685,0.000000,0.000000,0.000000,0.000000,0.000000,0.000000,0.000000,0.000000,0.000000,0.000000,0.000000,0.000000,0.000000,0.000000,51094650880.000000,41867.132813,17417.640625,42121252864.000000,34514.300781,14358.701172,8973389824.000000,7352.826660,3058.936279,0.000000,0.000000,0.000000,0.000000,0.000000,0.000000,13311346688.000000,10907.363281,4537.701172,3504496384.000000,2871.596436,1194.646851,5178391.000000,4.243192,1.765260,11095.694336,0.009092,0.003782,3035083.750000,2.486958,1.034629,93945648.000000,76.979393,32.025108,3909869.250000,3.203760,1.332834,29739.685547,0.024369,0.010138,29739.583984,0.024369,0.010138,799.276733,0.000655,0.000272,0.789863,0.000001,0.000000,2334.002441,0.001912,0.000796,112569.937500,0.092240,0.038374,0.000000,0.000000,0.000000,0.000000,0.000000,0.000000,0.000000,0.000000,0.000000,0.000000,0.000000,0.000000,0.000000,0.000000,66685412.000000,453.333862,22.732372,1119779.750000,7.612371,0.381721,65565644.000000,445.721588,22.350655,0.000000,0.000000,0.000000,0.000000,0.000000,0.000000,45453352.000000,308.996246,15.494580,65301248.000000,443.924194,22.260525,2001878.125000,13.608961,0.682420,2466.740479,0.016769,0.000841,429837.750000,2.922078,0.146527,8407039.000000,57.151863,2.865873,0.000000,0.000000,0.000000,0.000000,0.000000,0.000000,0.000000,0.000000,0.000000,288.425598,0.001961,0.000098,0.135289,0.000001,0.000000,222.389938,0.001512,0.000076,6935.865234,0.047151,0.002364,0.000000,0.000000,0.000000,0.000000,0.000000,0.000000,0.000000,0.000000,0.000000,0.000000,0.000000,0.000000,0.000000,0.000000,2806400.000000,4.000000,0.956673,1403200.000000,2.000000,0.478336,1403200.000000,2.000000,0.478336,0.000000,0.000000,0.000000,0.000000,0.000000,0.000000,1071672.000000,1.527469,0.365322,1403200.000000,2.000000,0.478336,48866492.000000,69.650070,16.658085,18423.431641,0.026259,0.006280,1614877.250000,2.301707,0.550495,-41558220.000000,-59.233494,-14.166770,0.000000,0.000000,0.000000,0.000000,0.000000,0.000000,0.000000,0.000000,0.000000,9847.193359,0.014035,0.003357,4.640839,0.000007,0.000002,939.119934,0.001339,0.000320,16994.908203,0.024223,0.005793,0.000000,0.000000,0.000000,0.000000,0.000000,0.000000,0.000000,0.000000,0.000000,0.000000,0.000000,0.000000,0.000000,0.000000,307643232.000000,430.149933,104.872414,1125681.500000,1.573939,0.383733,306517696.000000,428.576202,104.488731,0.000000,0.000000,0.000000,0.000000,0.000000,0.000000,190416960.000000,266.242950,64.911186,396087136.000000,553.813110,135.022034,6675576.500000,9.333859,2.275635,7728.384277,0.010806,0.002635,1500133.250000,2.097502,0.511380,36348536.000000,50.822895,12.390841,0.000000,0.000000,0.000000,0.000000,0.000000,0.000000,0.000000,0.000000,0.000000,1316.481934,0.001841,0.000449,0.599156,0.000001,0.000000,998.355835,0.001396,0.000340,34012.437500,0.047557,0.011594,0.000000,0.000000,0.000000,0.000000,0.000000,0.000000,0.000000,0.000000,0.000000,0.000000,0.000000,0.000000,0.000000,0.000000,55972319232.000000,20087.683594,19080.388672,2203431168.000000,14979.137695,751.127075
1,1997,FINAL_VALUE,0.094536,0.000000,0.000000,0.000000,4.101061,0.783266,0.204509,0.216999,0.254720,0.006223,0.006280,1.682312,0.190606,0.185398,0.066213,0.081309,2.788979,1.801162,6.099135,5.028919,5.743379,6.720437,7.334266,7.689892,0.000867,0.000000,0.000000,0.000000,17554.753906,14365.725586,3189.309082,277.411102,14088.539063,2871.403076,246.095367,51.616577,20.082891,0.000000,4601.410156,1374.052368,447.585541,4153.987305,676.761047,210.474854,98.256020,0.000000,274.590088,70.759010,43.213318,0.000000,20165.253906,14978.914063,2613.872070,1545.243164,1028.255005,26.564034,0.013599,2.458606,33.163887,0.000000,0.000000,0.011440,0.000172,0.011269,0.000000,0.000000,0.000000,0.619424,0.000000,0.000613,0.000000,0.000000,0.000000,0.000112,0.000000,0.003124,0.000613,0.000000,0.000000,-0.622548,596800.000000,4.000000,0.203443,298400.000000,2.000000,0.101721,298400.000000,2.000000,0.101721,0.000000,0.000000,0.000000,0.000000,0.000000,0.000000,224626.125000,1.505537,0.076573,298400.000000,2.000000,0.101721,10505603.000000,70.412888,3.581252,2878.201172,0.019291,0.000981,326573.562500,2.188831,0.111326,-7944755.500000,-53.249031,-2.708286,0.000000,0.000000,0.000000,0.000000,0.000000,0.000000,0.000000,0.000000,0.000000,266.895081,0.001789,0.000091,0.085129,0.000001,0.000000,22.156790,0.000149,0.000008,317.285553,0.002127,0.000108,0.000000,0.000000,0.000000,0.000000,0.000000,0.000000,0.000000,0.000000,0.000000,0.000000,0.000000,0.000000,0.000000,0.000000,51122184192.000000,41889.695313,17427.027344,42140643328.000000,34530.187500,14365.312500,8981362688.000000,7359.360352,3061.654297,0.000000,0.000000,0.000000,0.000000,0.000000,0.000000,13244004352.000000,10852.182617,4514.744629,3528170496.000000,2890.995117,1202.717041,5128063.500000,4.201953,1.748104,10253.875977,0.008402,0.003495,3188342.500000,2.612539,1.086873,100769592.000000,82.570953,34.351318,0.000000,0.000000,0.000000,0.000000,0.000000,0.000000,0.000000,0.000000,0.000000,40.808788,0.000033,0.000014,0.224365,0.000000,0.000000,106.977272,0.000088,0.000036,4488.931152,0.003678,0.001530,0.000000,0.000000,0.000000,0.000000,0.000000,0.000000,0.000000,0.000000,0.000000,0.000000,0.000000,0.000000,0.000000,0.000000,66971800.000000,455.280762,22.829998,1119779.250000,7.612368,0.381721,65852012.000000,447.668335,22.448275,0.000000,0.000000,0.000000,0.000000,0.000000,0.000000,53453212.000000,363.380096,18.221651,76973000.000000,523.269897,26.239305,2082903.750000,14.159781,0.710040,2357.455322,0.016026,0.000804,445864.312500,3.031029,0.151991,8644823.000000,58.768337,2.946931,0.000000,0.000000,0.000000,0.000000,0.000000,0.000000,0.000000,0.000000,0.000000,19.487162,0.000132,0.000007,0.012293,0.000000,0.000000,14.933255,0.000102,0.000005,397.671844,0.002703,0.000136,0.000000,0.000000,0.000000,0.000000,0.000000,0.000000,0.000000,0.000000,0.000000,0.000000,0.000000,0.000000,0.000000,0.000000,2806400.000000,4.000000,0.956673,1403200.000000,2.000000,0.478336,1403200.000000,2.000000,0.478336,0.000000,0.000000,0.000000,0.000000,0.000000,0.000000,1048184.562500,1.493992,0.357315,1403200.000000,2.000000,0.478336,53205420.000000,75.834404,18.137180,17093.925781,0.024364,0.005827,1671608.250000,2.382566,0.569834,-43094904.000000,-61.423752,-14.690610,0.000000,0.000000,0.000000,0.000000,0.000000,0.000000,0.000000,0.000000,0.000000,1357.523926,0.001935,0.000463,0.616241,0.000001,0.000000,99.254639,0.000141,0.000034,1285.390991,0.001832,0.000438,0.000000,0.000000,0.000000,0.000000,0.000000,0.000000,0.000000,0.000000,0.000000,0.000000,0.000000,0.000000,0.000000,0.000000,307229440.000000,429.571350,104.731354,1497.526123,0.002094,0.000510,307227840.000000,429.569153,104.730820,0.000000,0.000000,0.000000,0.000000,0.000000,0.000000,200265856.000000,280.013794,68.268578,423941344.000000,592.759155,144.517242,7001142.000000,9.789069,2.386617,7311.871094,0.010224,0.002493,1579950.125000,2.209102,0.538589,38911388.000000,54.406303,13.264492,0.000000,0.000000,0.000000,0.000000,0.000000,0.000000,0.000000,0.000000,0.000000,113.764763,0.000159,0.000039,0.128970,0.000000,0.000000,86.337730,0.000121,0.000029,2674.421387,0.003739,0.000912,0.000000,0.000000,0.000000,0.000000,0.000000,0.000000,0.000000,0.000000,0.000000,0.000000,0.000000,0.000000,0.000000,0.000000,56947134464.000000,20437.531250,19412.693359,2208712960.000000,15015.043945,752.927551
1,1997,ANNUAL_DELTA,-1.577031,0.000000,0.000000,0.000000,-20.795045,-13.679373,-1.136549,-4.037036,-6.856446,-0.065698,-0.006612,-14.510157,-0.119365,-0.157219,-0.041666,-0.016472,-0.922676,-0.900183,-4.200603,-1.800850,0.429602,0.308237,0.199440,0.125025,-0.002273,0.000000,0.000000,0.000000,9.343750,6.572266,3.068115,-0.624207,6.779297,2.993408,0.115128,-0.041222,-0.023861,0.000000,-16.917969,21.535034,20.432129,-37.336914,-4.012451,-0.237518,0.756294,0.000000,18.218018,4.170555,2.649437,0.000000,333.984375,366.434570,-18.666260,-6.537354,-7.083008,1.887197,-0.001014,0.106180,2.631437,0.000000,0.000000,0.001502,0.000023,0.001480,-1.332834,-0.010138,-0.010138,0.129766,0.000000,-0.004212,0.000000,-0.000002,0.000000,-0.001497,0.000000,-0.056687,-0.004214,0.000000,0.000000,-1.405913,0.000000,0.000000,0.000000,0.000000,0.000000,0.000000,0.000000,0.000000,0.000000,0.000000,0.000000,0.000000,0.000000,0.000000,0.000000,-5000.703125,-0.033517,-0.001705,0.000000,0.000000,0.000000,838905.000000,5.622688,0.285974,-278.431396,-0.001866,-0.000095,5652.156250,0.037883,0.001927,-368677.500000,-2.471027,-0.125678,0.000000,0.000000,0.000000,0.000000,0.000000,0.000000,0.000000,0.000000,0.000000,-1635.194763,-0.010960,-0.000557,-0.778519,-0.000005,-0.000000,-206.169703,-0.001382,-0.000070,-4625.293549,-0.031001,-0.001577,0.000000,0.000000,0.000000,0.000000,0.000000,0.000000,0.000000,0.000000,0.000000,0.000000,0.000000,0.000000,0.000000,0.000000,27533312.000000,22.562500,9.386719,19390464.000000,15.886719,6.611328,7972864.000000,6.533691,2.718018,0.000000,0.000000,0.000000,0.000000,0.000000,0.000000,-67342336.000000,-55.180664,-22.956543,23674112.000000,19.398682,8.070190,-50327.500000,-0.041238,-0.017156,-841.818359,-0.000690,-0.000287,153258.750000,0.125581,0.052244,6823944.000000,5.591560,2.326210,-3909869.250000,-3.203760,-1.332834,-29739.685547,-0.024369,-0.010138,-29739.583984,-0.024369,-0.010138,-758.467945,-0.000621,-0.000259,-0.565498,-0.000000,-0.000000,-2227.025169,-0.001825,-0.000759,-108081.006348,-0.088562,-0.036844,0.000000,0.000000,0.000000,0.000000,0.000000,0.000000,0.000000,0.000000,0.000000,0.000000,0.000000,0.000000,0.000000,0.000000,286388.000000,1.946899,0.097626,-0.500000,-0.000003,-0.000000,286368.000000,1.946747,0.097620,0.000000,0.000000,0.000000,0.000000,0.000000,0.000000,7999860.000000,54.383850,2.727071,11671752.000000,79.345703,3.978781,81025.625000,0.550819,0.027621,-109.285156,-0.000743,-0.000037,16026.562500,0.108950,0.005463,237784.000000,1.616474,0.081058,0.000000,0.000000,0.000000,0.000000,0.000000,0.000000,0.000000,0.000000,0.000000,-268.938437,-0.001828,-0.000092,-0.122995,-0.000001,-0.000000,-207.456683,-0.001410,-0.000071,-6538.193390,-0.044447,-0.002229,0.000000,0.000000,0.000000,0.000000,0.000000,0.000000,0.000000,0.000000,0.000000,0.000000,0.000000,0.000000,0.000000,0.000000,0.000000,0.000000,0.000000,0.000000,0.000000,0.000000,0.000000,0.000000,0.000000,0.000000,0.000000,0.000000,0.000000,0.000000,0.000000,-23487.437500,-0.033477,-0.008007,0.000000,0.000000,0.000000,4338928.000000,6.184334,1.479095,-1329.505859,-0.001895,-0.000453,56731.000000,0.080859,0.019339,-1536684.000000,-2.190258,-0.523840,0.000000,0.000000,0.000000,0.000000,0.000000,0.000000,0.000000,0.000000,0.000000,-8489.669434,-0.012100,-0.002894,-4.024598,-0.000006,-0.000001,-839.865295,-0.001197,-0.000286,-15709.517212,-0.022391,-0.005355,0.000000,0.000000,0.000000,0.000000,0.000000,0.000000,0.000000,0.000000,0.000000,0.000000,0.000000,0.000000,0.000000,0.000000,-413792.000000,-0.578583,-0.141060,-1124183.973877,-1.571845,-0.383223,710144.000000,0.992950,0.242088,0.000000,0.000000,0.000000,0.000000,0.000000,0.000000,9848896.000000,13.770844,3.357391,27854208.000000,38.946045,9.495209,325565.500000,0.455210,0.110982,-416.513184,-0.000582,-0.000142,79816.875000,0.111601,0.027209,2562852.000000,3.583408,0.873651,0.000000,0.000000,0.000000,0.000000,0.000000,0.000000,0.000000,0.000000,0.000000,-1202.717171,-0.001682,-0.000410,-0.470186,-0.000001,-0.000000,-912.018105,-0.001275,-0.000311,-31338.016113,-0.043817,-0.010683,0.000000,0.000000,0.000000,0.000000,0.000000,0.000000,0.000000,0.000000,0.000000,0.000000,0.000000,0.000000,0.000000,0.000000,974815232.000000,349.847656,332.304688,5281792.000000,35.906250,1.800476
1,1997,MIN_VALUE,0.000000,0.000000,0.000000,0.000000,0.000000,0.209811,0.000131,0.090002,0.063100,0.005131,0.006211,0.656709,0.100221,0.095644,0.059795,0.080715,1.637408,1.183034,-1.350041,0.787038,4.070302,5.637668,6.672864,7.289729,0.000000,0.000000,0.000000,0.000000,17545.410156,14359.153320,3186.240967,277.411102,14081.759766,2868.409668,245.980240,51.616577,20.082891,0.000000,4354.584473,1218.764893,376.265106,3977.686523,641.255432,205.002502,95.959732,0.000000,184.052872,55.171761,36.728184,0.000000,19831.269531,14612.479492,2613.872070,1545.243164,1028.255005,24.160254,0.013599,2.352426,30.532450,0.000000,0.000000,0.009389,0.000141,0.009248,0.000000,0.000000,0.000000,-0.142655,0.000000,0.000294,0.000000,0.000000,0.000000,0.000043,0.000000,0.001079,0.000294,0.000000,0.000000,-0.622548,596800.000000,4.000000,0.203443,298400.000000,2.000000,0.101721,298400.000000,2.000000,0.101721,0.000000,0.000000,0.000000,0.000000,0.000000,0.000000,224626.125000,1.505537,0.076573,298400.000000,2.000000,0.101721,9513989.000000,63.766682,3.243221,2878.201172,0.019291,0.000981,317688.906250,2.129282,0.108297,-8010280.500000,-53.688206,-2.730622,0.000000,0.000000,0.000000,0.000000,0.000000,0.000000,0.000000,0.000000,0.000000,117.910027,0.000790,0.000040,0.055800,0.000000,0.000000,8.947158,0.000060,0.000003,107.696274,0.000722,0.000037,0.000000,0.000000,0.000000,0.000000,0.000000,0.000000,0.000000,0.000000,0.000000,0.000000,0.000000,0.000000,0.000000,0.000000,51094650880.000000,41867.132813,17417.640625,42121252864.000000,34514.300781,14358.701172,8973389824.000000,7352.826660,3058.936279,0.000000,0.000000,0.000000,0.000000,0.000000,0.000000,12526264320.000000,10264.064453,4270.074707,3241358592.000000,2655.980469,1104.945801,4432286.000000,3.631830,1.510921,10223.105469,0.008377,0.003485,3028364.250000,2.481452,1.032338,92675888.000000,75.938942,31.592258,0.000000,0.000000,0.000000,0.000000,0.000000,0.000000,0.000000,0.000000,0.000000,18.011478,0.000015,0.000006,0.218341,0.000000,0.000000,17.424189,0.000014,0.000006,787.067200,0.000645,0.000268,0.000000,0.000000,0.000000,0.000000,0.000000,0.000000,0.000000,0.000000,0.000000,0.000000,0.000000,0.000000,0.000000,0.000000,66685412.000000,453.333862,22.732372,1119779.250000,7.612368,0.381721,65565644.000000,445.721588,22.350655,0.000000,0.000000,0.000000,0.000000,0.000000,0.000000,28499346.000000,193.741318,9.715135,46062520.000000,313.137482,15.702240,1724614.000000,11.724092,0.587903,2299.002686,0.015629,0.000784,423552.625000,2.879352,0.144385,8064352.500000,54.822247,2.749055,0.000000,0.000000,0.000000,0.000000,0.000000,0.000000,0.000000,0.000000,0.000000,0.525559,0.000004,0.000000,0.005349,0.000000,0.000000,0.147746,0.000001,0.000000,5.069069,0.000034,0.000002,0.000000,0.000000,0.000000,0.000000,0.000000,0.000000,0.000000,0.000000,0.000000,0.000000,0.000000,0.000000,0.000000,0.000000,2806400.000000,4.000000,0.956673,1403200.000000,2.000000,0.478336,1403200.000000,2.000000,0.478336,0.000000,0.000000,0.000000,0.000000,0.000000,0.000000,1048184.562500,1.493992,0.357315,1403200.000000,2.000000,0.478336,48335748.000000,68.893593,16.477160,17093.925781,0.024364,0.005827,1614877.250000,2.301707,0.550495,-43339436.000000,-61.772289,-14.773969,0.000000,0.000000,0.000000,0.000000,0.000000,0.000000,0.000000,0.000000,0.000000,689.656860,0.000983,0.000235,0.445711,0.000001,0.000000,47.920910,0.000068,0.000016,558.644165,0.000796,0.000190,0.000000,0.000000,0.000000,0.000000,0.000000,0.000000,0.000000,0.000000,0.000000,0.000000,0.000000,0.000000,0.000000,0.000000,307229440.000000,429.571350,104.731354,1497.526123,0.002094,0.000510,306517696.000000,428.576202,104.488731,0.000000,0.000000,0.000000,0.000000,0.000000,0.000000,158935792.000000,222.225647,54.179577,228918208.000000,320.075775,78.035858,5264641.000000,7.361075,1.794662,7233.308594,0.010114,0.002466,1500133.250000,2.097502,0.511380,36348536.000000,50.822895,12.390841,0.000000,0.000000,0.000000,0.000000,0.000000,0.000000,0.000000,0.000000,0.000000,29.224491,0.000041,0.000010,0.115436,0.000000,0.000000,47.264156,0.000066,0.000016,1515.163086,0.002119,0.000517,0.000000,0.000000,0.000000,0.000000,0.000000,0.000000,0.000000,0.000000,0.000000,0.000000,0.000000,0.000000,0.000000,0.000000,55972319232.000000,20087.683594,19080.388672,2203431168.000000,14979.137695,751.127075
1,1997,MIN_VALUE_JDAY,5.000000,1.000000,1.000000,1.000000,5.000000,231.000000,272.000000,231.000000,232.000000,325.000000,327.000000,231.000000,231.000000,254.000000,301.000000,326.000000,26.000000,26.000000,26.000000,26.000000,27.000000,27.000000,27.000000,27.000000,5.000000,1.000000,1.000000,1.000000,1.000000,1.000000,1.000000,365.000000,1.000000,1.000000,1.000000,365.000000,365.000000,1.000000,349.000000,262.000000,327.000000,349.000000,262.000000,349.000000,349.000000,1.000000,262.000000,262.000000,349.000000,1.000000,1.000000,1.000000,365.000000,365.000000,365.000000,158.000000,363.000000,1.000000,1.000000,1.000000,1.000000,27.000000,27.000000,27.000000,350.000000,350.000000,350.000000,229.000000,1.000000,231.000000,1.000000,255.000000,1.000000,232.000000,1.000000,232.000000,231.000000,1.000000,1.000000,365.000000,1.000000,1.000000,1.000000,1.000000,1.000000,1.000000,1.000000,1.000000,1.000000,1.000000,1.000000,1.000000,1.000000,1.000000,1.000000,365.000000,365.000000,365.000000,1.000000,1.000000,1.000000,95.000000,95.000000,95.000000,365.000000,365.000000,365.000000,104.000000,104.000000,104.000000,323.000000,323.000000,323.000000,1.000000,1.000000,1.000000,1.000000,1.000000,1.000000,1.000000,1.000000,1.000000,232.000000,232.000000,232.000000,258.000000,258.000000,258.000000,255.000000,255.000000,255.000000,258.000000,258.000000,258.000000,1.000000,1.000000,1.000000,1.000000,1.000000,1.000000,1.000000,1.000000,1.000000,1.000000,1.000000,1.000000,1.000000,1.000000,1.000000,1.000000,1.000000,1.000000,1.000000,1.000000,1.000000,1.000000,1.000000,1.000000,1.000000,1.000000,1.000000,1.000000,1.000000,349.000000,349.000000,349.000000,349.000000,349.000000,349.000000,161.000000,161.000000,161.000000,223.000000,223.000000,223.000000,28.000000,28.000000,28.000000,40.000000,40.000000,40.000000,350.000000,350.000000,350.000000,350.000000,350.000000,350.000000,350.000000,350.000000,350.000000,232.000000,232.000000,232.000000,259.000000,259.000000,259.000000,232.000000,232.000000,232.000000,232.000000,232.000000,232.000000,1.000000,1.000000,1.000000,1.000000,1.000000,1.000000,1.000000,1.000000,1.000000,1.000000,1.000000,1.000000,1.000000,1.000000,1.000000,1.000000,1.000000,365.000000,365.000000,365.000000,1.000000,1.000000,1.000000,1.000000,1.000000,1.000000,1.000000,1.000000,1.000000,262.000000,262.000000,262.000000,262.000000,262.000000,262.000000,202.000000,202.000000,202.000000,231.000000,231.000000,231.000000,135.000000,135.000000,135.000000,144.000000,144.000000,144.000000,1.000000,1.000000,1.000000,1.000000,1.000000,1.000000,1.000000,1.000000,1.000000,255.000000,255.000000,255.000000,273.000000,273.000000,273.000000,255.000000,255.000000,255.000000,255.000000,255.000000,255.000000,1.000000,1.000000,1.000000,1.000000,1.000000,1.000000,1.000000,1.000000,1.000000,1.000000,1.000000,1.000000,1.000000,1.000000,1.000000,1.000000,1.000000,1.000000,1.000000,1.000000,1.000000,1.000000,1.000000,1.000000,1.000000,1.000000,1.000000,1.000000,1.000000,365.000000,365.000000,365.000000,1.000000,1.000000,1.000000,92.000000,92.000000,92.000000,365.000000,365.000000,365.000000,1.000000,1.000000,1.000000,323.000000,323.000000,323.000000,1.000000,1.000000,1.000000,1.000000,1.000000,1.000000,1.000000,1.000000,1.000000,231.000000,231.000000,231.000000,254.000000,254.000000,254.000000,231.000000,231.000000,231.000000,255.000000,255.000000,255.000000,1.000000,1.000000,1.000000,1.000000,1.000000,1.000000,1.000000,1.000000,1.000000,1.000000,1.000000,1.000000,1.000000,1.000000,365.000000,365.000000,365.000000,365.000000,365.000000,365.000000,1.000000,1.000000,1.000000,1.000000,1.000000,1.000000,1.000000,1.000000,1.000000,135.000000,135.000000,135.000000,262.000000,262.000000,262.000000,262.000000,262.000000,262.000000,262.000000,262.000000,262.000000,1.000000,1.000000,1.000000,1.000000,1.000000,1.000000,1.000000,1.000000,1.000000,1.000000,1.000000,1.000000,1.000000,1.000000,1.000000,254.000000,254.000000,254.000000,299.000000,299.000000,299.000000,231.000000,231.000000,231.000000,168.000000,168.000000,168.000000,1.000000,1.000000,1.000000,1.000000,1.000000,1.000000,1.000000,1.000000,1.000000,1.000000,1.000000,1.000000,1.000000,1.000000,1.000000,1.000000,1.000000,1.000000,1.000000,1.000000
1,1997,MAX_VALUE,1.776481,0.000000,0.000000,0.000000,40.612049,14.462639,2.054610,4.254035,7.435629,0.133661,0.030700,16.910625,0.309971,0.342617,0.118957,0.102992,8.643253,4.953441,23.602722,20.539330,16.210497,12.632278,10.707046,9.648074,0.004344,0.000000,0.000000,0.000000,17946.230469,14620.483398,3364.937500,356.384766,14270.369141,2923.873047,348.773254,67.680710,26.668962,0.000000,4618.328125,1374.052368,447.585541,4191.324219,680.773499,210.712372,98.256020,0.000000,274.590088,70.759010,43.213318,0.000000,20165.253906,14978.914063,2632.538330,1551.780518,1035.338013,26.564034,0.014613,2.458606,33.163887,0.000000,0.000000,0.030439,0.000457,0.029982,9.786015,0.128950,0.128950,1.251123,0.000000,0.004825,0.000000,0.000003,0.000000,0.001610,0.000000,0.059811,0.004827,0.000000,0.000000,8.617275,596800.000000,4.000000,0.203443,298400.000000,2.000000,0.101721,298400.000000,2.000000,0.101721,0.000000,0.000000,0.000000,0.000000,0.000000,0.000000,229626.828125,1.539054,0.078277,298400.000000,2.000000,0.101721,10510727.000000,70.447235,3.582999,3156.632568,0.021157,0.001076,327031.781250,2.191902,0.111482,-7243827.500000,-48.551121,-2.469346,0.000000,0.000000,0.000000,0.000000,0.000000,0.000000,0.000000,0.000000,0.000000,1993.148071,0.013359,0.000679,0.907069,0.000006,0.000000,230.936523,0.001548,0.000079,4942.579102,0.033127,0.001685,0.000000,0.000000,0.000000,0.000000,0.000000,0.000000,0.000000,0.000000,0.000000,0.000000,0.000000,0.000000,0.000000,0.000000,52155691008.000000,42736.554688,17779.337891,42878738432.000000,35134.988281,14616.921875,9276954624.000000,7601.568848,3162.418457,0.000000,0.000000,0.000000,0.000000,0.000000,0.000000,13311346688.000000,10907.363281,4537.701172,3528170496.000000,2890.995117,1202.717041,5240840.000000,4.294363,1.786549,11095.694336,0.009092,0.003782,3188342.500000,2.612539,1.086873,100769592.000000,82.570953,34.351318,5530296.500000,4.531544,1.885221,42064.984375,0.034468,0.014340,42064.960938,0.034468,0.014340,799.276733,0.000655,0.000272,0.989858,0.000001,0.000000,2334.002441,0.001912,0.000796,112569.937500,0.092240,0.038374,0.000000,0.000000,0.000000,0.000000,0.000000,0.000000,0.000000,0.000000,0.000000,0.000000,0.000000,0.000000,0.000000,0.000000,137064832.000000,931.779907,46.723991,32057306.000000,217.928665,10.928006,105007752.000000,713.852844,35.796062,0.000000,0.000000,0.000000,0.000000,0.000000,0.000000,53453212.000000,363.380096,18.221651,76973000.000000,523.269897,26.239305,2444734.000000,16.619537,0.833385,2562.303467,0.017419,0.000873,446162.000000,3.033052,0.152092,8654543.000000,58.834419,2.950245,2139785.750000,14.546470,0.729431,30713.183594,0.208791,0.010470,30713.146484,0.208791,0.010470,288.425598,0.001961,0.000098,0.179022,0.000001,0.000000,222.389938,0.001512,0.000076,6935.865234,0.047151,0.002364,0.000000,0.000000,0.000000,0.000000,0.000000,0.000000,0.000000,0.000000,0.000000,0.000000,0.000000,0.000000,0.000000,0.000000,2806400.000000,4.000000,0.956673,1403200.000000,2.000000,0.478336,1403200.000000,2.000000,0.478336,0.000000,0.000000,0.000000,0.000000,0.000000,0.000000,1071672.000000,1.527469,0.365322,1403200.000000,2.000000,0.478336,53209224.000000,75.839828,18.138477,18423.431641,0.026259,0.006280,1671618.000000,2.382580,0.569837,-39713076.000000,-56.603584,-13.537779,0.000000,0.000000,0.000000,0.000000,0.000000,0.000000,0.000000,0.000000,0.000000,9847.193359,0.014035,0.003357,5.250749,0.000007,0.000002,939.119934,0.001339,0.000320,17277.480469,0.024626,0.005890,0.000000,0.000000,0.000000,0.000000,0.000000,0.000000,0.000000,0.000000,0.000000,0.000000,0.000000,0.000000,0.000000,0.000000,599237504.000000,837.860046,204.273911,88992424.000000,124.430122,30.336603,556881856.000000,778.637939,189.835297,0.000000,0.000000,0.000000,0.000000,0.000000,0.000000,203603520.000000,284.680511,69.406342,423941344.000000,592.759155,144.517242,8725088.000000,12.199509,2.974293,7954.543457,0.011122,0.002712,1579950.125000,2.209102,0.538589,38911388.000000,54.406303,13.264492,21561984.000000,30.148188,7.350259,309487.531250,0.432729,0.105501,309488.906250,0.432731,0.105502,1316.481934,0.001841,0.000449,0.698540,0.000001,0.000000,998.355835,0.001396,0.000340,34012.437500,0.047557,0.011594,0.000000,0.000000,0.000000,0.000000,0.000000,0.000000,3492109.500000,4.882703,1.190424,7152.000000,91856.171875,0.128434,0.031313,7152.000000,56947134464.000000,20437.531250,19412.693359,2208712960.000000,15015.043945,752.927551
1,1997,MAX_VALUE_JDAY,77.000000,1.000000,1.000000,1.000000,77.000000,1.000000,77.000000,1.000000,2.000000,4.000000,5.000000,2.000000,1.000000,1.000000,5.000000,5.000000,226.000000,149.000000,226.000000,226.000000,229.000000,229.000000,229.000000,229.000000,327.000000,1.000000,1.000000,1.000000,263.000000,349.000000,262.000000,213.000000,349.000000,262.000000,262.000000,344.000000,349.000000,1.000000,1.000000,365.000000,365.000000,1.000000,1.000000,1.000000,365.000000,1.000000,365.000000,365.000000,365.000000,1.000000,365.000000,365.000000,1.000000,1.000000,1.000000,365.000000,1.000000,365.000000,365.000000,1.000000,1.000000,229.000000,229.000000,229.000000,136.000000,136.000000,136.000000,155.000000,1.000000,1.000000,1.000000,3.000000,1.000000,1.000000,1.000000,1.000000,1.000000,1.000000,1.000000,136.000000,1.000000,1.000000,1.000000,1.000000,1.000000,1.000000,1.000000,1.000000,1.000000,1.000000,1.000000,1.000000,1.000000,1.000000,1.000000,1.000000,1.000000,1.000000,1.000000,1.000000,1.000000,352.000000,352.000000,352.000000,1.000000,1.000000,1.000000,330.000000,330.000000,330.000000,123.000000,123.000000,123.000000,1.000000,1.000000,1.000000,1.000000,1.000000,1.000000,1.000000,1.000000,1.000000,2.000000,2.000000,2.000000,2.000000,2.000000,2.000000,2.000000,2.000000,2.000000,1.000000,1.000000,1.000000,1.000000,1.000000,1.000000,1.000000,1.000000,1.000000,1.000000,1.000000,1.000000,1.000000,1.000000,1.000000,1.000000,1.000000,349.000000,349.000000,349.000000,349.000000,349.000000,349.000000,349.000000,349.000000,349.000000,1.000000,1.000000,1.000000,1.000000,1.000000,1.000000,1.000000,1.000000,1.000000,365.000000,365.000000,365.000000,7.000000,7.000000,7.000000,1.000000,1.000000,1.000000,365.000000,365.000000,365.000000,365.000000,365.000000,365.000000,260.000000,260.000000,260.000000,260.000000,260.000000,260.000000,260.000000,260.000000,260.000000,1.000000,1.000000,1.000000,3.000000,3.000000,3.000000,1.000000,1.000000,1.000000,1.000000,1.000000,1.000000,1.000000,1.000000,1.000000,1.000000,1.000000,1.000000,1.000000,1.000000,1.000000,1.000000,1.000000,1.000000,1.000000,1.000000,262.000000,262.000000,262.000000,262.000000,262.000000,262.000000,262.000000,262.000000,262.000000,1.000000,1.000000,1.000000,1.000000,1.000000,1.000000,365.000000,365.000000,365.000000,365.000000,365.000000,365.000000,131.000000,131.000000,131.000000,131.000000,131.000000,131.000000,349.000000,349.000000,349.000000,349.000000,349.000000,349.000000,136.000000,136.000000,136.000000,136.000000,136.000000,136.000000,136.000000,136.000000,136.000000,1.000000,1.000000,1.000000,3.000000,3.000000,3.000000,1.000000,1.000000,1.000000,1.000000,1.000000,1.000000,1.000000,1.000000,1.000000,1.000000,1.000000,1.000000,1.000000,1.000000,1.000000,1.000000,1.000000,1.000000,1.000000,1.000000,1.000000,1.000000,1.000000,1.000000,1.000000,1.000000,1.000000,1.000000,1.000000,1.000000,1.000000,1.000000,1.000000,1.000000,1.000000,1.000000,1.000000,1.000000,1.000000,1.000000,1.000000,350.000000,350.000000,350.000000,1.000000,1.000000,1.000000,358.000000,358.000000,358.000000,127.000000,127.000000,127.000000,1.000000,1.000000,1.000000,1.000000,1.000000,1.000000,1.000000,1.000000,1.000000,1.000000,1.000000,1.000000,3.000000,3.000000,3.000000,1.000000,1.000000,1.000000,2.000000,2.000000,2.000000,1.000000,1.000000,1.000000,1.000000,1.000000,1.000000,1.000000,1.000000,1.000000,1.000000,1.000000,1.000000,1.000000,1.000000,258.000000,258.000000,258.000000,152.000000,152.000000,152.000000,262.000000,262.000000,262.000000,1.000000,1.000000,1.000000,1.000000,1.000000,1.000000,214.000000,214.000000,214.000000,365.000000,365.000000,365.000000,131.000000,131.000000,131.000000,131.000000,131.000000,131.000000,365.000000,365.000000,365.000000,365.000000,365.000000,365.000000,136.000000,136.000000,136.000000,136.000000,136.000000,136.000000,136.000000,136.000000,136.000000,1.000000,1.000000,1.000000,2.000000,2.000000,2.000000,1.000000,1.000000,1.000000,1.000000,1.000000,1.000000,1.000000,1.000000,1.000000,1.000000,1.000000,1.000000,122.000000,122.000000,122.000000,122.000000,153.000000,153.000000,153.000000,61.000000,365.000000,365.000000,365.000000,365.000000,365.000000,365.000000
1,1997,ANNUAL_SUM,36.758161,0.000000,0.000000,0.000000,1186.745938,450.496912,62.265126,146.127251,192.601109,8.806734,3.938532,894.838727,67.901048,66.405944,32.407704,32.434075,1605.398148,949.446887,4377.290863,4060.191611,3763.202806,3427.582630,3239.718624,3135.677224,0.188894,0.000000,0.000000,0.000000,6497124.925781,5298746.321289,1198425.785400,120061.255524,5178712.349609,1057726.955078,109464.918213,22509.857414,8707.151756,0.000000,1636989.074707,466988.658081,145231.165344,1491813.410400,240621.025330,75563.809402,35281.824066,0.000000,79819.021225,21662.197971,14034.091290,0.000000,7294736.093750,5395600.590820,957557.871094,565223.507446,376623.089233,9169.559708,5.088346,877.048470,11635.770399,0.000000,0.000000,7.097460,0.106462,6.990997,539.322398,5.291638,5.291638,261.678118,0.000000,0.291863,0.000000,0.000210,0.000000,0.065022,0.000000,2.027751,0.292073,0.000000,0.000000,275.616530,217832000.000000,1460.000000,74.256692,108916000.000000,730.000000,37.128346,108916000.000000,730.000000,37.128346,0.000000,0.000000,0.000000,0.000000,0.000000,0.000000,82955484.406250,556.001905,28.278672,108916000.000000,730.000000,37.128346,3623614624.000000,24286.961300,1235.252983,1085804.773193,7.277512,0.370140,117295001.562500,786.159526,39.984660,-2776877349.000000,-18611.778473,-946.608945,0.000000,0.000000,0.000000,0.000000,0.000000,0.000000,0.000000,0.000000,0.000000,116880.597610,0.783382,0.039843,51.392730,0.000344,0.000018,11023.048428,0.073881,0.003758,187547.846619,1.257023,0.063933,0.000000,0.000000,0.000000,0.000000,0.000000,0.000000,0.000000,0.000000,0.000000,0.000000,0.000000,0.000000,0.000000,0.000000,18867716550656.000000,15460272.488281,6431810.636719,15530034495488.000000,12725364.203125,5294029.148438,3337704569856.000000,2734926.721680,1137789.186035,0.000000,0.000000,0.000000,0.000000,0.000000,0.000000,4719615170560.000000,3867269.072266,1608868.303223,1229822539520.000000,1007720.859619,419233.862915,1764662909.000000,1445.970917,601.555448,3792669.189453,3.107726,1.292882,1130737502.750000,926.530236,385.456792,35109397024.000000,28768.761925,11968.432617,1064978908.656250,872.647418,363.040365,8100546.257813,6.637616,2.761393,8100544.061035,6.637614,2.761392,24949.624384,0.020444,0.008505,103.688783,0.000085,0.000035,72279.370760,0.059226,0.024639,3211541.464600,2.631548,1.094781,0.000000,0.000000,0.000000,0.000000,0.000000,0.000000,0.000000,0.000000,0.000000,0.000000,0.000000,0.000000,0.000000,0.000000,35204996972.000000,239326.966858,12001.021730,5178147266.750000,35201.545101,1765.177186,30026863388.000000,204125.516785,10235.849176,0.000000,0.000000,0.000000,0.000000,0.000000,0.000000,14104402666.000000,95883.090836,4808.045918,20895474804.000000,142049.454803,7123.052598,733459721.000000,4986.129994,250.028881,877257.817139,5.963683,0.299048,157723297.687500,1072.218201,53.766251,3035278504.500000,20634.116196,1034.695244,70379571.381592,478.447120,23.991673,1010184.754459,6.867333,0.344362,1010184.762302,6.867334,0.344362,12002.533680,0.081594,0.004092,12.039450,0.000082,0.000004,7948.757898,0.054036,0.002710,231588.023795,1.574358,0.078946,0.000000,0.000000,0.000000,0.000000,0.000000,0.000000,0.000000,0.000000,0.000000,0.000000,0.000000,0.000000,0.000000,0.000000,1024336000.000000,1460.000000,349.185611,512168000.000000,730.000000,174.592806,512168000.000000,730.000000,174.592806,0.000000,0.000000,0.000000,0.000000,0.000000,0.000000,387159356.437500,551.823485,131.978646,512168000.000000,730.000000,174.592806,18379378452.000000,26196.377625,6265.341238,6417265.896484,9.146616,2.187580,599404919.875000,854.339964,204.330977,-15122617852.000000,-21554.472424,-5155.144991,0.000000,0.000000,0.000000,0.000000,0.000000,0.000000,0.000000,0.000000,0.000000,635617.133118,0.905954,0.216675,371.482555,0.000529,0.000127,50839.342548,0.072462,0.017331,758287.709229,1.080798,0.258492,0.000000,0.000000,0.000000,0.000000,0.000000,0.000000,0.000000,0.000000,0.000000,0.000000,0.000000,0.000000,0.000000,0.000000,156054881632.000000,218197.540619,53197.504829,8694492471.807373,12156.728838,2963.863133,147360389440.000000,206040.813843,50233.642174,0.000000,0.000000,0.000000,0.000000,0.000000,0.000000,68169542704.000000,95315.356491,23238.296535,118555053504.000000,165764.896454,40414.199387,2398188359.500000,3353.171642,817.517767,2754636.873047,3.851562,0.939027,567672039.000000,793.724885,193.513563,13888353876.000000,19418.839302,4734.397086,446744078.595764,624.642174,152.290466,6412289.247056,8.965729,2.185884,6412292.147447,8.965733,2.185884,66732.485659,0.093306,0.022748,77.587403,0.000108,0.000026,48650.823792,0.068024,0.016585,1559443.052734,2.180429,0.531598,0.000000,0.000000,0.000000,0.000000,0.000000,0.000000,13968438.000000,19.530813,4.761697,28608.000000,546925.762685,0.764717,0.186441,100128.000000,20594268602368.000000,7390995.058594,7020374.498047,805094434304.000000,5473109.690430,274448.418213
1,1997,ANNUAL_AVERAGE,0.100707,0.000000,0.000000,0.000000,3.251359,1.234238,0.170589,0.400349,0.527674,0.024128,0.010790,2.451613,0.186030,0.181934,0.088788,0.088860,4.398351,2.601224,11.992578,11.123813,10.310145,9.390637,8.875941,8.590897,0.000518,0.000000,0.000000,0.000000,17800.342262,14517.113209,3283.358316,328.934947,14188.253013,2897.882069,299.903886,61.670842,23.855210,0.000000,4484.901575,1279.420981,397.893604,4087.160028,659.235686,207.024135,96.662532,0.000000,218.682250,59.348488,38.449565,0.000000,19985.578339,14782.467372,2623.446222,1548.557555,1031.844080,25.122081,0.013941,2.402873,31.878823,0.000000,0.000000,0.019445,0.000292,0.019153,1.477596,0.014498,0.014498,0.716926,0.000000,0.000800,0.000000,0.000001,0.000000,0.000178,0.000000,0.005555,0.000800,0.000000,0.000000,0.755114,596800.000000,4.000000,0.203443,298400.000000,2.000000,0.101721,298400.000000,2.000000,0.101721,0.000000,0.000000,0.000000,0.000000,0.000000,0.000000,227275.299743,1.523293,0.077476,298400.000000,2.000000,0.101721,9927711.298630,66.539620,3.384255,2974.807598,0.019938,0.001014,321356.168664,2.153862,0.109547,-7607883.147945,-50.991174,-2.593449,0.000000,0.000000,0.000000,0.000000,0.000000,0.000000,0.000000,0.000000,0.000000,320.220815,0.002146,0.000109,0.140802,0.000001,0.000000,30.200133,0.000202,0.000010,513.829717,0.003444,0.000175,0.000000,0.000000,0.000000,0.000000,0.000000,0.000000,0.000000,0.000000,0.000000,0.000000,0.000000,0.000000,0.000000,0.000000,51692374111.386300,42356.910927,17621.399005,42548039713.665760,34864.011515,14504.189448,9144396081.797260,7492.949922,3117.230647,0.000000,0.000000,0.000000,0.000000,0.000000,0.000000,12930452522.082191,10595.257732,4407.858365,3369376820.602740,2760.879067,1148.585926,4834692.901370,3.961564,1.648097,10390.874492,0.008514,0.003542,3097910.966438,2.538439,1.056046,96190128.832877,78.818526,32.790226,2917750.434675,2.390815,0.994631,22193.277419,0.018185,0.007565,22193.271400,0.018185,0.007565,68.355135,0.000056,0.000023,0.284079,0.000000,0.000000,198.025673,0.000162,0.000068,8798.743739,0.007210,0.002999,0.000000,0.000000,0.000000,0.000000,0.000000,0.000000,0.000000,0.000000,0.000000,0.000000,0.000000,0.000000,0.000000,0.000000,96452046.498630,655.690320,32.879512,14186704.840411,96.442589,4.836102,82265379.145205,559.247991,28.043422,0.000000,0.000000,0.000000,0.000000,0.000000,0.000000,38642199.084932,262.693400,13.172729,57247876.175342,389.176589,19.515213,2009478.687671,13.660630,0.685011,2403.446074,0.016339,0.000819,432118.623801,2.937584,0.147305,8315831.519178,56.531825,2.834781,192820.743511,1.310814,0.065731,2767.629464,0.018815,0.000943,2767.629486,0.018815,0.000943,32.883654,0.000224,0.000011,0.032985,0.000000,0.000000,21.777419,0.000148,0.000007,634.487736,0.004313,0.000216,0.000000,0.000000,0.000000,0.000000,0.000000,0.000000,0.000000,0.000000,0.000000,0.000000,0.000000,0.000000,0.000000,0.000000,2806400.000000,4.000000,0.956673,1403200.000000,2.000000,0.478336,1403200.000000,2.000000,0.478336,0.000000,0.000000,0.000000,0.000000,0.000000,0.000000,1060710.565582,1.511845,0.361585,1403200.000000,2.000000,0.478336,50354461.512329,71.770898,17.165318,17581.550401,0.025059,0.005993,1642205.259932,2.340657,0.559811,-41431829.731507,-59.053349,-14.123685,0.000000,0.000000,0.000000,0.000000,0.000000,0.000000,0.000000,0.000000,0.000000,1741.416803,0.002482,0.000594,1.017760,0.000001,0.000000,139.285870,0.000199,0.000047,2077.500573,0.002961,0.000708,0.000000,0.000000,0.000000,0.000000,0.000000,0.000000,0.000000,0.000000,0.000000,0.000000,0.000000,0.000000,0.000000,0.000000,427547620.909589,597.801481,145.746589,23820527.320020,33.306106,8.120173,403727094.356164,564.495380,137.626417,0.000000,0.000000,0.000000,0.000000,0.000000,0.000000,186765870.421918,261.137963,63.666566,324808365.764384,454.150401,110.723834,6570379.067123,9.186772,2.239775,7546.950337,0.010552,0.002573,1555265.860274,2.174589,0.530174,38050284.591781,53.202299,12.970951,1223956.379714,1.711348,0.417234,17567.915745,0.024564,0.005989,17567.923692,0.024564,0.005989,182.828728,0.000256,0.000062,0.212568,0.000000,0.000000,133.289928,0.000186,0.000045,4272.446720,0.005974,0.001456,0.000000,0.000000,0.000000,0.000000,0.000000,0.000000,38269.693151,0.053509,0.013046,78.378082,1498.426747,0.002095,0.000511,274.323288,56422653705.117805,20249.301530,19233.902734,2205738176.175343,14994.821070,751.913475
1,1997,DAY_COUNT,365,365,365,365,365,365,365,365,365,365,365,365,365,365,365,365,365,365,365,365,365,365,365,365,365,365,365,365,365,365,365,365,365,365,365,365,365,365,365,365,365,365,365,365,365,365,365,365,365,365,365,365,365,365,365,365,365,365,365,365,365,365,365,365,365,365,365,365,365,365,365,365,365,365,365,365,365,365,365,365,365,365,365,365,365,365,365,365,365,365,365,365,365,365,365,365,365,365,365,365,365,365,365,365,365,365,365,365,365,365,365,365,365,365,365,365,365,365,365,365,365,365,365,365,365,365,365,365,365,365,365,365,365,365,365,365,365,365,365,365,365,365,365,365,365,365,365,365,365,365,365,365,365,365,365,365,365,365,365,365,365,365,365,365,365,365,365,365,365,365,365,365,365,365,365,365,365,365,365,365,365,365,365,365,365,365,365,365,365,365,365,365,365,365,365,365,365,365,365,365,365,365,365,365,365,365,365,365,365,365,365,365,365,365,365,365,365,365,365,365,365,365,365,365,365,365,365,365,365,365,365,365,365,365,365,365,365,365,365,365,365,365,365,365,365,365,365,365,365,365,365,365,365,365,365,365,365,365,365,365,365,365,365,365,365,365,365,365,365,365,365,365,365,365,365,365,365,365,365,365,365,365,365,365,365,365,365,365,365,365,365,365,365,365,365,365,365,365,365,365,365,365,365,365,365,365,365,365,365,365,365,365,365,365,365,365,365,365,365,365,365,365,365,365,365,365,365,365,365,365,365,365,365,365,365,365,365,365,365,365,365,365,365,365,365,365,365,365,365,365,365,365,365,365,365,365,365,365,365,365,365,365,365,365,365,365,365,365,365,365,365,365,365,365,365,365,365,365,365,365,365,365,365,365,365,365,365,365,365,365,365,365,365,365,365,365,365,365,365,365,365,365,365,365,365,365,365,365,365,365,365,365,365,365,365,365,365,365,365,365,365,365,365,365,365,365
1,1998,INITIAL_VALUE,0.387705,0.000000,0.000000,0.000000,14.500000,1.684388,0.724208,0.309782,0.250189,0.006227,0.006278,1.737617,0.213225,0.185816,0.066302,0.081316,2.837622,1.861733,6.348923,5.165653,5.761010,6.729568,7.339095,7.692677,0.002473,0.000000,0.000000,0.000000,17555.630859,14366.320313,3189.565430,277.586823,14088.996094,2871.470947,246.237976,51.656155,20.099501,0.000000,4600.849609,1373.666138,447.397888,4153.597656,676.649231,210.456146,98.253510,0.000000,274.378326,70.717400,43.206009,0.000000,20165.582031,14979.281250,2613.843994,1545.232910,1028.238525,26.571316,0.013598,2.458783,33.170284,0.000000,0.000000,0.011475,0.000172,0.011303,0.878752,0.006684,0.006684,0.632866,0.000000,0.000650,0.000000,0.000000,0.000000,0.000120,0.000000,0.003368,0.000651,0.000000,0.000000,0.242518,596800.000000,4.000000,0.203443,298400.000000,2.000000,0.101721,298400.000000,2.000000,0.101721,0.000000,0.000000,0.000000,0.000000,0.000000,0.000000,224619.781250,1.505494,0.076571,298400.000000,2.000000,0.101721,10506235.000000,70.417130,3.581468,2877.763916,0.019288,0.000981,326573.656250,2.188832,0.111326,-7943921.000000,-53.243439,-2.708001,0.000000,0.000000,0.000000,0.000000,0.000000,0.000000,0.000000,0.000000,0.000000,263.654694,0.001767,0.000090,0.084395,0.000001,0.000000,21.833273,0.000146,0.000007,312.386475,0.002094,0.000106,0.000000,0.000000,0.000000,0.000000,0.000000,0.000000,0.000000,0.000000,0.000000,0.000000,0.000000,0.000000,0.000000,0.000000,51124707328.000000,41891.761719,17427.886719,42142380032.000000,34531.613281,14365.904297,8982125568.000000,7359.984863,3061.914307,0.000000,0.000000,0.000000,0.000000,0.000000,0.000000,13242614784.000000,10851.044922,4514.271484,3527555584.000000,2890.491211,1202.507446,5128574.500000,4.202372,1.748278,10253.759766,0.008402,0.003495,3188710.250000,2.612840,1.086999,100780680.000000,82.580040,34.355099,2577818.250000,2.112273,0.878752,19607.675781,0.016067,0.006684,19607.701172,0.016067,0.006684,44.048504,0.000036,0.000015,0.224575,0.000000,0.000000,117.221764,0.000096,0.000040,4956.606445,0.004061,0.001690,0.000000,0.000000,0.000000,0.000000,0.000000,0.000000,0.000000,0.000000,0.000000,0.000000,0.000000,0.000000,0.000000,0.000000,66971800.000000,455.280762,22.829998,1119779.250000,7.612368,0.381721,65852012.000000,447.668335,22.448275,0.000000,0.000000,0.000000,0.000000,0.000000,0.000000,53400988.000000,363.025055,18.203848,76891160.000000,522.713562,26.211407,2085737.750000,14.179047,0.711007,2357.936768,0.016029,0.000804,445839.500000,3.030860,0.151982,8644098.000000,58.763416,2.946684,0.000000,0.000000,0.000000,0.000000,0.000000,0.000000,0.000000,0.000000,0.000000,22.819775,0.000155,0.000008,0.014276,0.000000,0.000000,17.629452,0.000120,0.000006,456.044708,0.003100,0.000155,0.000000,0.000000,0.000000,0.000000,0.000000,0.000000,0.000000,0.000000,0.000000,0.000000,0.000000,0.000000,0.000000,0.000000,2806400.000000,4.000000,0.956673,1403200.000000,2.000000,0.478336,1403200.000000,2.000000,0.478336,0.000000,0.000000,0.000000,0.000000,0.000000,0.000000,1048154.812500,1.493949,0.357305,1403200.000000,2.000000,0.478336,53208620.000000,75.838966,18.138271,17091.660156,0.024361,0.005826,1671632.250000,2.382600,0.569842,-43091420.000000,-61.418789,-14.689423,0.000000,0.000000,0.000000,0.000000,0.000000,0.000000,0.000000,0.000000,0.000000,1446.655396,0.002062,0.000493,0.618398,0.000001,0.000000,102.120308,0.000146,0.000035,1272.378296,0.001814,0.000434,0.000000,0.000000,0.000000,0.000000,0.000000,0.000000,0.000000,0.000000,0.000000,0.000000,0.000000,0.000000,0.000000,0.000000,307229440.000000,429.571350,104.731354,1497.526123,0.002094,0.000510,307227840.000000,429.569153,104.730820,0.000000,0.000000,0.000000,0.000000,0.000000,0.000000,200054656.000000,279.718475,68.196571,423495488.000000,592.135742,144.365265,7014701.500000,9.808028,2.391240,7312.554199,0.010224,0.002493,1580098.250000,2.209310,0.538639,38915432.000000,54.411957,13.265870,0.000000,0.000000,0.000000,0.000000,0.000000,0.000000,0.000000,0.000000,0.000000,130.695557,0.000183,0.000045,0.135095,0.000000,0.000000,93.933693,0.000131,0.000032,2882.114014,0.004030,0.000982,0.000000,0.000000,0.000000,0.000000,0.000000,0.000000,0.000000,0.000000,0.000000,0.000000,0.000000,0.000000,0.000000,0.000000,56948064256.000000,20437.863281,19413.009766,2208733696.000000,15015.185547,752.934631
1,1998,FINAL_VALUE,0.458588,0.000000,0.000000,0.000000,12.403600,3.215577,0.635603,0.943688,1.140978,0.025746,0.010973,4.655849,0.257873,0.265766,0.090675,0.087877,3.008475,2.167888,7.201984,5.395642,5.449819,6.485414,7.173095,7.585234,0.002022,0.000000,0.000000,0.000000,17563.378906,14371.711914,3192.094238,277.412964,14094.520508,2873.789307,246.458023,51.636044,20.084116,0.000000,4576.077637,1374.191528,453.000610,4123.215820,670.072266,209.961929,99.000259,0.000000,277.290375,72.314133,45.555695,0.000000,20474.460938,15316.741211,2596.994629,1539.632690,1021.505432,29.030972,0.013210,2.560198,35.365356,0.000000,0.000000,0.011361,0.000170,0.011191,0.000000,0.000000,0.000000,0.651638,0.000000,0.001633,0.000000,0.000001,0.000000,0.000385,0.000000,0.013033,0.001634,0.000000,0.000000,-0.664671,596800.000000,4.000000,0.203443,298400.000000,2.000000,0.101721,298400.000000,2.000000,0.101721,0.000000,0.000000,0.000000,0.000000,0.000000,0.000000,220054.859375,1.474898,0.075014,298400.000000,2.000000,0.101721,11369228.000000,76.201263,3.875653,2710.867676,0.018169,0.000924,336618.812500,2.256158,0.114750,-8055485.000000,-53.991188,-2.746032,0.000000,0.000000,0.000000,0.000000,0.000000,0.000000,0.000000,0.000000,0.000000,682.719727,0.004576,0.000233,0.154207,0.000001,0.000000,60.389812,0.000405,0.000021,1069.051270,0.007165,0.000364,0.000000,0.000000,0.000000,0.000000,0.000000,0.000000,0.000000,0.000000,0.000000,0.000000,0.000000,0.000000,0.000000,0.000000,51146366976.000000,41909.511719,17435.271484,42158202880.000000,34544.578125,14371.297852,8988402688.000000,7365.127930,3064.053955,0.000000,0.000000,0.000000,0.000000,0.000000,0.000000,13174657024.000000,10795.359375,4491.104980,3527448064.000000,2890.403076,1202.470825,5828503.000000,4.775896,1.986877,10193.541992,0.008353,0.003475,3304277.750000,2.707537,1.126394,104690760.000000,85.783966,35.688004,0.000000,0.000000,0.000000,0.000000,0.000000,0.000000,0.000000,0.000000,0.000000,185.470291,0.000152,0.000063,0.296947,0.000000,0.000000,497.180542,0.000407,0.000169,23006.490234,0.018852,0.007843,0.000000,0.000000,0.000000,0.000000,0.000000,0.000000,0.000000,0.000000,0.000000,0.000000,0.000000,0.000000,0.000000,0.000000,67368080.000000,457.974731,22.965086,1119777.875000,7.612359,0.381721,66248236.000000,450.361908,22.583344,0.000000,0.000000,0.000000,0.000000,0.000000,0.000000,51648096.000000,351.108734,17.606306,75893544.000000,515.931641,25.871328,2388910.250000,16.240042,0.814355,2360.804199,0.016049,0.000805,456105.468750,3.100649,0.155482,8856462.000000,60.207081,3.019077,0.000000,0.000000,0.000000,0.000000,0.000000,0.000000,0.000000,0.000000,0.000000,88.336472,0.000601,0.000030,0.030838,0.000000,0.000000,57.832558,0.000393,0.000020,1700.209961,0.011558,0.000580,0.000000,0.000000,0.000000,0.000000,0.000000,0.000000,0.000000,0.000000,0.000000,0.000000,0.000000,0.000000,0.000000,0.000000,2806400.000000,4.000000,0.956673,1403200.000000,2.000000,0.478336,1403200.000000,2.000000,0.478336,0.000000,0.000000,0.000000,0.000000,0.000000,0.000000,1026396.687500,1.462937,0.349888,1403200.000000,2.000000,0.478336,57799292.000000,82.382118,19.703186,16265.168945,0.023183,0.005545,1746812.875000,2.489756,0.595471,-43638448.000000,-62.198475,-14.875899,0.000000,0.000000,0.000000,0.000000,0.000000,0.000000,0.000000,0.000000,0.000000,3445.437256,0.004911,0.001175,1.154605,0.000002,0.000000,259.195557,0.000369,0.000088,4103.854980,0.005849,0.001399,0.000000,0.000000,0.000000,0.000000,0.000000,0.000000,0.000000,0.000000,0.000000,0.000000,0.000000,0.000000,0.000000,0.000000,307955712.000000,430.586823,104.978935,68.255707,0.000095,0.000023,307955648.000000,430.586761,104.978912,0.000000,0.000000,0.000000,0.000000,0.000000,0.000000,197096928.000000,275.582947,67.188316,426132416.000000,595.822693,145.264160,7777012.500000,10.873899,2.651104,7222.767578,0.010099,0.002462,1666498.500000,2.330115,0.568092,41891020.000000,58.572453,14.280218,0.000000,0.000000,0.000000,0.000000,0.000000,0.000000,0.000000,0.000000,0.000000,389.686951,0.000545,0.000133,0.201899,0.000000,0.000000,254.363129,0.000356,0.000087,8352.554688,0.011679,0.002847,0.000000,0.000000,0.000000,0.000000,0.000000,0.000000,0.000000,0.000000,0.000000,0.000000,0.000000,0.000000,0.000000,0.000000,57845649408.000000,20759.996094,19718.988281,2217125120.000000,15072.231445,755.795166
1,1998,ANNUAL_DELTA,0.070883,0.000000,0.000000,0.000000,-2.096400,1.531189,-0.088605,0.633906,0.890789,0.019519,0.004696,2.918232,0.044648,0.079950,0.024373,0.006562,0.170853,0.306155,0.853061,0.229989,-0.311191,-0.244153,-0.166000,-0.107443,-0.000451,0.000000,0.000000,0.000000,7.748047,5.391602,2.528809,-0.173859,5.524414,2.318359,0.220047,-0.020111,-0.015385,0.000000,-24.771973,0.525391,5.602722,-30.381836,-6.576965,-0.494217,0.746750,0.000000,2.912048,1.596733,2.349686,0.000000,308.878906,337.459961,-16.849365,-5.600220,-6.733093,2.459656,-0.000389,0.101415,2.195072,0.000000,0.000000,-0.000114,-0.000002,-0.000112,-0.878752,-0.006684,-0.006684,0.018773,0.000000,0.000983,0.000000,0.000000,0.000000,0.000265,0.000000,0.009665,0.000983,0.000000,0.000000,-0.907189,0.000000,0.000000,0.000000,0.000000,0.000000,0.000000,0.000000,0.000000,0.000000,0.000000,0.000000,0.000000,0.000000,0.000000,0.000000,-4564.921875,-0.030596,-0.001556,0.000000,0.000000,0.000000,862993.000000,5.784134,0.294185,-166.896240,-0.001119,-0.000057,10045.156250,0.067327,0.003424,-111564.000000,-0.747749,-0.038031,0.000000,0.000000,0.000000,0.000000,0.000000,0.000000,0.000000,0.000000,0.000000,419.065033,0.002809,0.000143,0.069813,0.000000,0.000000,38.556540,0.000258,0.000013,756.664795,0.005071,0.000258,0.000000,0.000000,0.000000,0.000000,0.000000,0.000000,0.000000,0.000000,0.000000,0.000000,0.000000,0.000000,0.000000,0.000000,21659648.000000,17.750000,7.384766,15822848.000000,12.964844,5.393555,6277120.000000,5.143066,2.139648,0.000000,0.000000,0.000000,0.000000,0.000000,0.000000,-67957760.000000,-55.685547,-23.166504,-107520.000000,-0.088135,-0.036621,699928.500000,0.573524,0.238598,-60.217773,-0.000049,-0.000021,115567.500000,0.094696,0.039396,3910080.000000,3.203926,1.332905,-2577818.250000,-2.112273,-0.878752,-19607.675781,-0.016067,-0.006684,-19607.701172,-0.016067,-0.006684,141.421787,0.000116,0.000048,0.072372,0.000000,0.000000,379.958778,0.000311,0.000130,18049.883789,0.014790,0.006153,0.000000,0.000000,0.000000,0.000000,0.000000,0.000000,0.000000,0.000000,0.000000,0.000000,0.000000,0.000000,0.000000,0.000000,396280.000000,2.693970,0.135088,-1.375000,-0.000009,-0.000000,396224.000000,2.693573,0.135069,0.000000,0.000000,0.000000,0.000000,0.000000,0.000000,-1752892.000000,-11.916321,-0.597542,-997616.000000,-6.781921,-0.340078,303172.500000,2.060995,0.103348,2.867432,0.000019,0.000001,10265.968750,0.069789,0.003500,212364.000000,1.443665,0.072392,0.000000,0.000000,0.000000,0.000000,0.000000,0.000000,0.000000,0.000000,0.000000,65.516697,0.000445,0.000022,0.016562,0.000000,0.000000,40.203106,0.000273,0.000014,1244.165253,0.008458,0.000424,0.000000,0.000000,0.000000,0.000000,0.000000,0.000000,0.000000,0.000000,0.000000,0.000000,0.000000,0.000000,0.000000,0.000000,0.000000,0.000000,0.000000,0.000000,0.000000,0.000000,0.000000,0.000000,0.000000,0.000000,0.000000,0.000000,0.000000,0.000000,0.000000,-21758.125000,-0.031012,-0.007417,0.000000,0.000000,0.000000,4590672.000000,6.543152,1.564915,-826.491211,-0.001178,-0.000282,75180.625000,0.107156,0.025628,-547028.000000,-0.779686,-0.186477,0.000000,0.000000,0.000000,0.000000,0.000000,0.000000,0.000000,0.000000,0.000000,1998.781860,0.002849,0.000681,0.536208,0.000001,0.000000,157.075249,0.000224,0.000054,2831.476685,0.004036,0.000965,0.000000,0.000000,0.000000,0.000000,0.000000,0.000000,0.000000,0.000000,0.000000,0.000000,0.000000,0.000000,0.000000,0.000000,726272.000000,1.015472,0.247581,-1429.270416,-0.001998,-0.000487,727808.000000,1.017609,0.248093,0.000000,0.000000,0.000000,0.000000,0.000000,0.000000,-2957728.000000,-4.135529,-1.008255,2636928.000000,3.686951,0.898895,762311.000000,1.065870,0.259864,-89.786621,-0.000126,-0.000031,86400.250000,0.120806,0.029453,2975588.000000,4.160496,1.014348,0.000000,0.000000,0.000000,0.000000,0.000000,0.000000,0.000000,0.000000,0.000000,258.991394,0.000362,0.000088,0.066804,0.000000,0.000000,160.429436,0.000224,0.000055,5470.440674,0.007649,0.001865,0.000000,0.000000,0.000000,0.000000,0.000000,0.000000,0.000000,0.000000,0.000000,0.000000,0.000000,0.000000,0.000000,0.000000,897585152.000000,322.132813,305.978516,8391424.000000,57.045898,2.860535
1,1998,MIN_VALUE,0.000000,0.000000,0.000000,0.000000,0.000000,0.103277,0.000047,0.049272,0.039213,0.002679,0.004704,0.210256,0.085604,0.078648,0.044148,0.073356,1.222198,0.865817,-5.250000,-1.623331,2.540756,4.673085,6.088617,6.936635,0.000000,0.000000,0.000000,0.000000,17555.630859,14366.320313,3189.565430,277.412964,14088.996094,2871.470947,246.237976,51.636044,20.084116,0.000000,4388.706055,1247.997437,399.265472,3989.516113,640.125854,205.810242,97.256165,0.000000,203.224548,60.613743,40.618687,0.000000,20165.582031,14979.281250,2596.994629,1539.632690,1021.505432,26.571316,0.013209,2.458783,33.170284,0.000000,0.000000,0.008025,0.000120,0.007905,0.000000,0.000000,0.000000,-0.299744,0.000000,0.000254,0.000000,0.000000,0.000000,0.000032,0.000000,0.000839,0.000254,0.000000,0.000000,-0.707342,596800.000000,4.000000,0.203443,298400.000000,2.000000,0.101721,298400.000000,2.000000,0.101721,0.000000,0.000000,0.000000,0.000000,0.000000,0.000000,220054.859375,1.474898,0.075014,298400.000000,2.000000,0.101721,10424898.000000,69.871971,3.553741,2710.867676,0.018169,0.000924,325289.375000,2.180224,0.110888,-8445902.000000,-56.607925,-2.879121,0.000000,0.000000,0.000000,0.000000,0.000000,0.000000,0.000000,0.000000,0.000000,101.065872,0.000677,0.000034,0.039020,0.000000,0.000000,6.783181,0.000045,0.000002,77.695633,0.000521,0.000026,0.000000,0.000000,0.000000,0.000000,0.000000,0.000000,0.000000,0.000000,0.000000,0.000000,0.000000,0.000000,0.000000,0.000000,51124707328.000000,41891.761719,17427.886719,42142380032.000000,34531.613281,14365.904297,8982125568.000000,7359.984863,3061.914307,0.000000,0.000000,0.000000,0.000000,0.000000,0.000000,12629934080.000000,10349.011719,4305.415039,3310227200.000000,2712.411621,1128.422485,4840563.000000,3.966374,1.650098,10148.075195,0.008315,0.003459,3188178.000000,2.612404,1.086817,100101360.000000,82.023407,34.123528,0.000000,0.000000,0.000000,0.000000,0.000000,0.000000,0.000000,0.000000,0.000000,17.643435,0.000014,0.000006,0.192538,0.000000,0.000000,15.378586,0.000013,0.000005,696.541748,0.000571,0.000237,0.000000,0.000000,0.000000,0.000000,0.000000,0.000000,0.000000,0.000000,0.000000,0.000000,0.000000,0.000000,0.000000,0.000000,66971800.000000,455.280762,22.829998,1119777.875000,7.612359,0.381721,65852012.000000,447.668335,22.448275,0.000000,0.000000,0.000000,0.000000,0.000000,0.000000,35137928.000000,238.871033,11.978159,56244480.000000,382.355408,19.173166,1958498.250000,13.314060,0.667632,2290.329102,0.015570,0.000781,440881.187500,2.997153,0.150292,8465891.000000,57.551941,2.885935,0.000000,0.000000,0.000000,0.000000,0.000000,0.000000,0.000000,0.000000,0.000000,0.475923,0.000003,0.000000,0.004731,0.000000,0.000000,0.125892,0.000001,0.000000,4.372455,0.000030,0.000001,0.000000,0.000000,0.000000,0.000000,0.000000,0.000000,0.000000,0.000000,0.000000,0.000000,0.000000,0.000000,0.000000,0.000000,2806400.000000,4.000000,0.956673,1403200.000000,2.000000,0.478336,1403200.000000,2.000000,0.478336,0.000000,0.000000,0.000000,0.000000,0.000000,0.000000,1026396.687500,1.462937,0.349888,1403200.000000,2.000000,0.478336,52921120.000000,75.429192,18.040266,16265.168945,0.023183,0.005545,1671632.250000,2.382600,0.569842,-45392136.000000,-64.698029,-15.473713,0.000000,0.000000,0.000000,0.000000,0.000000,0.000000,0.000000,0.000000,0.000000,592.234192,0.000844,0.000202,0.301267,0.000000,0.000000,36.331760,0.000052,0.000012,393.917908,0.000561,0.000134,0.000000,0.000000,0.000000,0.000000,0.000000,0.000000,0.000000,0.000000,0.000000,0.000000,0.000000,0.000000,0.000000,0.000000,307229440.000000,429.571350,104.731354,68.255707,0.000095,0.000023,307227840.000000,429.569092,104.730804,0.000000,0.000000,0.000000,0.000000,0.000000,0.000000,165280992.000000,231.097580,56.342590,241210480.000000,337.262970,82.226173,5812526.000000,8.127133,1.981430,7121.677246,0.009958,0.002428,1580098.250000,2.209310,0.538639,38915432.000000,54.411957,13.265870,0.000000,0.000000,0.000000,0.000000,0.000000,0.000000,0.000000,0.000000,0.000000,24.966124,0.000035,0.000009,0.097058,0.000000,0.000000,29.144049,0.000041,0.000010,934.258667,0.001306,0.000318,0.000000,0.000000,0.000000,0.000000,0.000000,0.000000,0.000000,0.000000,0.000000,0.000000,0.000000,0.000000,0.000000,0.000000,56948064256.000000,20437.863281,19413.009766,2208733696.000000,15015.185547,752.934631
1,1998,MIN_VALUE_JDAY,2.000000,1.000000,1.000000,1.000000,2.000000,267.000000,267.000000,143.000000,275.000000,286.000000,320.000000,267.000000,267.000000,267.000000,284.000000,281.000000,354.000000,253.000000,354.000000,354.000000,357.000000,357.000000,357.000000,357.000000,2.000000,1.000000,1.000000,1.000000,1.000000,1.000000,1.000000,365.000000,1.000000,1.000000,1.000000,365.000000,365.000000,1.000000,349.000000,262.000000,331.000000,349.000000,262.000000,262.000000,349.000000,1.000000,262.000000,262.000000,349.000000,1.000000,1.000000,1.000000,365.000000,365.000000,365.000000,1.000000,349.000000,1.000000,1.000000,1.000000,1.000000,357.000000,357.000000,357.000000,350.000000,350.000000,350.000000,209.000000,1.000000,261.000000,1.000000,261.000000,1.000000,268.000000,1.000000,268.000000,261.000000,1.000000,1.000000,350.000000,1.000000,1.000000,1.000000,1.000000,1.000000,1.000000,1.000000,1.000000,1.000000,1.000000,1.000000,1.000000,1.000000,1.000000,1.000000,365.000000,365.000000,365.000000,1.000000,1.000000,1.000000,68.000000,68.000000,68.000000,365.000000,365.000000,365.000000,112.000000,112.000000,112.000000,301.000000,301.000000,301.000000,1.000000,1.000000,1.000000,1.000000,1.000000,1.000000,1.000000,1.000000,1.000000,269.000000,269.000000,269.000000,275.000000,275.000000,275.000000,269.000000,269.000000,269.000000,277.000000,277.000000,277.000000,1.000000,1.000000,1.000000,1.000000,1.000000,1.000000,1.000000,1.000000,1.000000,1.000000,1.000000,1.000000,1.000000,1.000000,1.000000,1.000000,1.000000,1.000000,1.000000,1.000000,1.000000,1.000000,1.000000,1.000000,1.000000,1.000000,1.000000,1.000000,1.000000,349.000000,349.000000,349.000000,349.000000,349.000000,349.000000,107.000000,107.000000,107.000000,349.000000,349.000000,349.000000,28.000000,28.000000,28.000000,34.000000,34.000000,34.000000,350.000000,350.000000,350.000000,350.000000,350.000000,350.000000,350.000000,350.000000,350.000000,261.000000,261.000000,261.000000,262.000000,262.000000,262.000000,261.000000,261.000000,261.000000,261.000000,261.000000,261.000000,1.000000,1.000000,1.000000,1.000000,1.000000,1.000000,1.000000,1.000000,1.000000,1.000000,1.000000,1.000000,1.000000,1.000000,1.000000,1.000000,1.000000,365.000000,365.000000,365.000000,1.000000,1.000000,1.000000,1.000000,1.000000,1.000000,1.000000,1.000000,1.000000,262.000000,262.000000,262.000000,262.000000,262.000000,262.000000,179.000000,179.000000,179.000000,197.000000,197.000000,197.000000,102.000000,102.000000,102.000000,103.000000,103.000000,103.000000,1.000000,1.000000,1.000000,1.000000,1.000000,1.000000,1.000000,1.000000,1.000000,268.000000,268.000000,268.000000,282.000000,282.000000,282.000000,261.000000,261.000000,261.000000,268.000000,268.000000,268.000000,1.000000,1.000000,1.000000,1.000000,1.000000,1.000000,1.000000,1.000000,1.000000,1.000000,1.000000,1.000000,1.000000,1.000000,1.000000,1.000000,1.000000,1.000000,1.000000,1.000000,1.000000,1.000000,1.000000,1.000000,1.000000,1.000000,1.000000,1.000000,1.000000,365.000000,365.000000,365.000000,1.000000,1.000000,1.000000,34.000000,34.000000,34.000000,365.000000,365.000000,365.000000,1.000000,1.000000,1.000000,308.000000,308.000000,308.000000,1.000000,1.000000,1.000000,1.000000,1.000000,1.000000,1.000000,1.000000,1.000000,260.000000,260.000000,260.000000,267.000000,267.000000,267.000000,267.000000,267.000000,267.000000,268.000000,268.000000,268.000000,1.000000,1.000000,1.000000,1.000000,1.000000,1.000000,1.000000,1.000000,1.000000,1.000000,1.000000,1.000000,1.000000,1.000000,1.000000,1.000000,1.000000,365.000000,365.000000,365.000000,1.000000,4.000000,4.000000,1.000000,1.000000,1.000000,1.000000,1.000000,1.000000,135.000000,135.000000,135.000000,262.000000,262.000000,262.000000,262.000000,262.000000,262.000000,262.000000,262.000000,262.000000,1.000000,1.000000,1.000000,1.000000,1.000000,1.000000,1.000000,1.000000,1.000000,1.000000,1.000000,1.000000,1.000000,1.000000,1.000000,261.000000,261.000000,261.000000,267.000000,267.000000,267.000000,165.000000,165.000000,165.000000,165.000000,165.000000,165.000000,1.000000,1.000000,1.000000,1.000000,1.000000,1.000000,1.000000,1.000000,1.000000,1.000000,1.000000,1.000000,1.000000,1.000000,1.000000,1.000000,1.000000,1.000000,1.000000,1.000000
1,1998,MAX_VALUE,3.012878,13.697091,13.697091,13.697091,52.000000,9.809020,2.611742,4.812697,3.271547,0.035310,0.011901,8.427841,0.320539,0.295133,0.090675,0.088977,10.276984,3.849342,26.500000,22.380026,16.418478,12.605848,10.650923,9.600402,0.005884,0.000000,0.000000,0.000000,17849.498047,14566.359375,3329.752930,337.373169,14233.375977,2915.611572,328.527802,63.985706,25.126059,0.000000,4600.849609,1374.191528,453.000610,4153.597656,676.649231,210.456146,99.000259,0.000000,277.290375,72.314133,45.555695,0.000000,20474.460938,15316.741211,2613.843994,1545.232910,1028.238525,29.030972,0.013598,2.560198,35.365356,0.000000,0.000000,0.031516,0.000473,0.031043,4.494814,0.060798,0.060798,1.019477,0.000000,0.003952,0.000000,0.000001,0.000000,0.000963,0.000000,0.033247,0.003953,0.000000,0.000000,3.679861,596800.000000,4.000000,0.203443,298400.000000,2.000000,0.101721,298400.000000,2.000000,0.101721,0.000000,0.000000,0.000000,0.000000,0.000000,0.000000,224619.781250,1.505494,0.076571,298400.000000,2.000000,0.101721,11540202.000000,77.347198,3.933936,2877.763916,0.019288,0.000981,337940.125000,2.265014,0.115200,-7716831.000000,-51.721390,-2.630589,0.000000,0.000000,0.000000,0.000000,0.000000,0.000000,0.000000,0.000000,0.000000,1741.974609,0.011675,0.000594,0.247883,0.000002,0.000000,136.980377,0.000918,0.000047,2276.963135,0.015261,0.000776,0.000000,0.000000,0.000000,0.000000,0.000000,0.000000,0.000000,0.000000,0.000000,0.000000,0.000000,0.000000,0.000000,0.000000,51936473088.000000,42556.925781,17704.609375,42722107392.000000,35006.644531,14563.527344,9214394368.000000,7550.306641,3141.092285,0.000000,0.000000,0.000000,0.000000,0.000000,0.000000,13242614784.000000,10851.044922,4514.271484,3527555584.000000,2890.491211,1202.507446,5828503.000000,4.775896,1.986877,10262.280273,0.008409,0.003498,3314341.500000,2.715783,1.129825,106600648.000000,87.348946,36.339066,6717804.500000,5.504592,2.290030,51097.773438,0.041870,0.017419,51097.789063,0.041870,0.017419,576.031128,0.000472,0.000196,0.315242,0.000000,0.000000,1351.473755,0.001107,0.000461,66757.914063,0.054702,0.022757,0.000000,0.000000,0.000000,0.000000,0.000000,0.000000,0.000000,0.000000,0.000000,0.000000,0.000000,0.000000,0.000000,0.000000,116398112.000000,791.285583,39.678921,22846616.000000,155.313492,7.788177,93551456.000000,635.971802,31.890730,0.000000,0.000000,0.000000,0.000000,0.000000,0.000000,53400988.000000,363.025055,18.203848,76891160.000000,522.713562,26.211407,2461785.250000,16.735453,0.839197,2420.693848,0.016456,0.000825,459272.843750,3.122181,0.156561,8985833.000000,61.086559,3.063178,1356356.625000,9.220643,0.462368,19468.294922,0.132347,0.006637,19468.279297,0.132347,0.006637,167.434692,0.001138,0.000057,0.060962,0.000000,0.000000,137.564148,0.000935,0.000047,3620.649414,0.024614,0.001234,0.000000,0.000000,0.000000,0.000000,0.000000,0.000000,0.000000,0.000000,0.000000,0.000000,0.000000,0.000000,0.000000,0.000000,2806400.000000,4.000000,0.956673,1403200.000000,2.000000,0.478336,1403200.000000,2.000000,0.478336,0.000000,0.000000,0.000000,0.000000,0.000000,0.000000,1048154.812500,1.493949,0.357305,1403200.000000,2.000000,0.478336,58511432.000000,83.397141,19.945946,17091.660156,0.024361,0.005826,1746812.875000,2.489756,0.595471,-41962920.000000,-59.810318,-14.304728,0.000000,0.000000,0.000000,0.000000,0.000000,0.000000,0.000000,0.000000,0.000000,8634.938477,0.012307,0.002944,1.585555,0.000002,0.000001,580.856873,0.000828,0.000198,8002.105469,0.011406,0.002728,0.000000,0.000000,0.000000,0.000000,0.000000,0.000000,0.000000,0.000000,0.000000,0.000000,0.000000,0.000000,0.000000,0.000000,582732864.000000,814.783081,198.647644,76092248.000000,106.392967,25.939066,544118336.000000,760.791870,185.484360,0.000000,0.000000,0.000000,0.000000,0.000000,0.000000,205300672.000000,287.053528,69.984894,426132416.000000,595.822693,145.264160,8849356.000000,12.373261,3.016654,7417.582031,0.010371,0.002529,1666498.500000,2.330115,0.568092,41891020.000000,58.572453,14.280218,10555455.000000,14.758746,3.598246,151506.500000,0.211838,0.051647,151506.546875,0.211838,0.051647,724.104614,0.001012,0.000247,0.295791,0.000000,0.000000,666.980469,0.000933,0.000227,21550.408203,0.030132,0.007346,0.000000,0.000000,0.000000,0.000000,0.000000,0.000000,3492109.500000,4.882703,1.190424,7152.000000,78696.273438,0.110034,0.026827,7152.000000,57845649408.000000,20759.996094,19718.988281,2217125120.000000,15072.231445,755.795166
1,1998,MAX_VALUE_JDAY,329.000000,12.000000,12.000000,13.000000,329.000000,330.000000,329.000000,330.000000,331.000000,351.000000,355.000000,331.000000,329.000000,348.000000,365.000000,350.000000,209.000000,153.000000,209.000000,209.000000,210.000000,210.000000,210.000000,210.000000,329.000000,1.000000,1.000000,1.000000,349.000000,349.000000,262.000000,152.000000,349.000000,262.000000,262.000000,349.000000,349.000000,1.000000,1.000000,365.000000,365.000000,1.000000,1.000000,1.000000,365.000000,1.000000,365.000000,365.000000,365.000000,1.000000,365.000000,365.000000,1.000000,1.000000,1.000000,365.000000,1.000000,365.000000,365.000000,1.000000,1.000000,210.000000,210.000000,210.000000,125.000000,125.000000,125.000000,287.000000,1.000000,330.000000,1.000000,26.000000,1.000000,331.000000,1.000000,330.000000,330.000000,1.000000,1.000000,125.000000,1.000000,1.000000,1.000000,1.000000,1.000000,1.000000,1.000000,1.000000,1.000000,1.000000,1.000000,1.000000,1.000000,1.000000,1.000000,1.000000,1.000000,1.000000,1.000000,1.000000,1.000000,324.000000,324.000000,324.000000,1.000000,1.000000,1.000000,331.000000,331.000000,331.000000,69.000000,69.000000,69.000000,1.000000,1.000000,1.000000,1.000000,1.000000,1.000000,1.000000,1.000000,1.000000,331.000000,331.000000,331.000000,26.000000,26.000000,26.000000,331.000000,331.000000,331.000000,332.000000,332.000000,332.000000,1.000000,1.000000,1.000000,1.000000,1.000000,1.000000,1.000000,1.000000,1.000000,1.000000,1.000000,1.000000,1.000000,1.000000,349.000000,349.000000,349.000000,349.000000,349.000000,349.000000,349.000000,349.000000,349.000000,1.000000,1.000000,1.000000,1.000000,1.000000,1.000000,1.000000,1.000000,1.000000,1.000000,1.000000,1.000000,365.000000,365.000000,365.000000,27.000000,27.000000,27.000000,328.000000,328.000000,328.000000,323.000000,323.000000,323.000000,288.000000,288.000000,288.000000,288.000000,288.000000,288.000000,288.000000,288.000000,288.000000,330.000000,330.000000,330.000000,348.000000,348.000000,348.000000,330.000000,330.000000,330.000000,330.000000,330.000000,330.000000,1.000000,1.000000,1.000000,1.000000,1.000000,1.000000,1.000000,1.000000,1.000000,1.000000,1.000000,1.000000,1.000000,1.000000,262.000000,262.000000,262.000000,262.000000,262.000000,262.000000,262.000000,262.000000,262.000000,1.000000,1.000000,1.000000,1.000000,1.000000,1.000000,1.000000,1.000000,1.000000,1.000000,1.000000,1.000000,120.000000,120.000000,120.000000,120.000000,120.000000,120.000000,324.000000,324.000000,324.000000,325.000000,325.000000,325.000000,129.000000,129.000000,129.000000,129.000000,129.000000,129.000000,129.000000,129.000000,129.000000,330.000000,330.000000,330.000000,24.000000,24.000000,24.000000,330.000000,330.000000,330.000000,330.000000,330.000000,330.000000,1.000000,1.000000,1.000000,1.000000,1.000000,1.000000,1.000000,1.000000,1.000000,1.000000,1.000000,1.000000,1.000000,1.000000,1.000000,1.000000,1.000000,1.000000,1.000000,1.000000,1.000000,1.000000,1.000000,1.000000,1.000000,1.000000,1.000000,1.000000,1.000000,1.000000,1.000000,1.000000,1.000000,1.000000,1.000000,323.000000,323.000000,323.000000,1.000000,1.000000,1.000000,365.000000,365.000000,365.000000,69.000000,69.000000,69.000000,1.000000,1.000000,1.000000,1.000000,1.000000,1.000000,1.000000,1.000000,1.000000,330.000000,330.000000,330.000000,26.000000,26.000000,26.000000,331.000000,331.000000,331.000000,332.000000,332.000000,332.000000,1.000000,1.000000,1.000000,1.000000,1.000000,1.000000,1.000000,1.000000,1.000000,1.000000,1.000000,1.000000,1.000000,1.000000,258.000000,258.000000,258.000000,152.000000,152.000000,152.000000,262.000000,262.000000,262.000000,1.000000,1.000000,1.000000,1.000000,1.000000,1.000000,197.000000,197.000000,197.000000,365.000000,365.000000,365.000000,120.000000,120.000000,120.000000,120.000000,120.000000,120.000000,365.000000,365.000000,365.000000,365.000000,365.000000,365.000000,126.000000,126.000000,126.000000,126.000000,126.000000,126.000000,126.000000,126.000000,126.000000,330.000000,330.000000,330.000000,24.000000,24.000000,24.000000,331.000000,331.000000,331.000000,331.000000,331.000000,331.000000,1.000000,1.000000,1.000000,1.000000,1.000000,1.000000,122.000000,122.000000,122.000000,122.000000,153.000000,153.000000,153.000000,61.000000,365.000000,365.000000,365.000000,365.000000,365.000000,365.000000
1,1998,ANNUAL_SUM,34.735763,13.697091,13.697091,13.697091,1102.103845,382.213934,58.211064,136.905896,146.401566,3.453905,2.505742,686.906331,61.483875,57.899761,24.624387,29.240389,1617.484505,754.813123,4400.137229,4053.554935,3714.714142,3372.418592,3200.516010,3110.106040,0.208981,0.000000,0.000000,0.000000,6477997.583984,5285459.389648,1192623.432373,115321.679626,5170117.747070,1056811.971191,105922.130722,21559.846954,8314.228706,0.000000,1637388.001953,475057.627197,152484.302185,1484958.497559,239371.539185,75672.711731,35658.026260,0.000000,85761.290909,23352.439407,15236.530663,0.000000,7413968.912109,5526145.726563,950994.277100,562977.551025,374080.986816,10038.011232,4.881938,915.531525,12539.415768,0.000000,0.000000,6.782490,0.101737,6.680752,438.613874,4.422125,4.422125,218.818843,0.000000,0.274880,0.000000,0.000138,0.000000,0.055771,0.000000,1.750464,0.275018,0.000000,0.000000,218.044569,217832000.000000,1460.000000,74.256692,108916000.000000,730.000000,37.128346,108916000.000000,730.000000,37.128346,0.000000,0.000000,0.000000,0.000000,0.000000,0.000000,81179842.750000,544.100821,27.673374,108916000.000000,730.000000,37.128346,3980773621.000000,26680.788284,1357.004813,1018626.300049,6.827254,0.347239,120448081.218750,807.292772,41.059513,-2936040453.000000,-19678.555336,-1000.866016,0.000000,0.000000,0.000000,0.000000,0.000000,0.000000,0.000000,0.000000,0.000000,111591.134850,0.747930,0.038040,31.262100,0.000210,0.000011,9348.345912,0.062656,0.003187,147390.450844,0.987872,0.050244,0.000000,0.000000,0.000000,0.000000,0.000000,0.000000,0.000000,0.000000,0.000000,0.000000,0.000000,0.000000,0.000000,0.000000,18815431196672.000000,15417429.703125,6413987.130859,15492674064384.000000,12694750.921875,5281293.351563,3322797789184.000000,2722712.048340,1132707.614990,0.000000,0.000000,0.000000,0.000000,0.000000,0.000000,4717934170112.000000,3865891.643555,1608295.266113,1244709343488.000000,1019919.160889,424308.623901,1923289872.500000,1575.950407,655.629751,3723135.339844,3.050750,1.269179,1187051919.750000,972.674469,404.653799,37685355984.000000,30879.511528,12846.550484,814546336.468750,667.442096,277.670473,6195680.619873,5.076762,2.112044,6195681.416260,5.076763,2.112044,23426.283073,0.019196,0.007986,83.992250,0.000069,0.000029,62494.181680,0.051208,0.021304,2846643.197144,2.332549,0.970391,0.000000,0.000000,0.000000,0.000000,0.000000,0.000000,0.000000,0.000000,0.000000,0.000000,0.000000,0.000000,0.000000,0.000000,32726628088.000000,222478.774597,11156.171053,4040233876.375000,27465.899946,1377.274205,28686390704.000000,195012.850403,9778.895731,0.000000,0.000000,0.000000,0.000000,0.000000,0.000000,16002968804.000000,108789.726685,5455.247587,23921136668.000000,162618.196320,8154.469627,791876191.875000,5383.250793,269.942455,854197.944092,5.806920,0.291187,163537102.718750,1111.741014,55.748118,3168035983.000000,21536.614464,1079.950907,49426306.635864,336.004802,16.848920,709434.550916,4.822805,0.241839,709434.517270,4.822804,0.241839,10282.258409,0.069900,0.003505,5.520514,0.000038,0.000002,7052.944173,0.047947,0.002404,199602.724855,1.356919,0.068043,0.000000,0.000000,0.000000,0.000000,0.000000,0.000000,0.000000,0.000000,0.000000,0.000000,0.000000,0.000000,0.000000,0.000000,1024336000.000000,1460.000000,349.185611,512168000.000000,730.000000,174.592806,512168000.000000,730.000000,174.592806,0.000000,0.000000,0.000000,0.000000,0.000000,0.000000,378760069.937500,539.851867,129.115415,512168000.000000,730.000000,174.592806,20209920972.000000,28805.474571,6889.354353,6082222.080078,8.669074,2.073367,622311735.250000,886.989358,212.139674,-15880126528.000000,-22634.159828,-5413.371922,0.000000,0.000000,0.000000,0.000000,0.000000,0.000000,0.000000,0.000000,0.000000,604706.519043,0.861896,0.206138,234.474069,0.000334,0.000080,43072.053555,0.061391,0.014683,596450.784546,0.850129,0.203324,0.000000,0.000000,0.000000,0.000000,0.000000,0.000000,0.000000,0.000000,0.000000,0.000000,0.000000,0.000000,0.000000,0.000000,154695659200.000000,216297.061493,52734.159691,8109286929.452972,11338.488398,2764.372565,146586369376.000000,204958.565948,49969.785782,0.000000,0.000000,0.000000,0.000000,0.000000,0.000000,69148174352.000000,96683.689148,23571.901936,124318966992.000000,173824.058716,42379.058075,2540959908.500000,3552.796289,866.187117,2643982.032715,3.696843,0.901306,592365235.875000,828.251168,201.931222,14747168012.000000,20619.642101,5027.158012,422701104.625000,591.025034,144.094464,6067188.705078,8.483206,2.068242,6067188.419922,8.483205,2.068242,56356.814285,0.078799,0.019211,51.035007,0.000071,0.000017,41637.498884,0.058218,0.014194,1344901.277649,1.880455,0.458463,0.000000,0.000000,0.000000,0.000000,0.000000,0.000000,13968438.000000,19.530813,4.761697,28608.000000,518976.307129,0.725638,0.176914,100128.000000,20941452242944.000000,7515594.404297,7138725.861328,807872898816.000000,5491997.957031,275395.568420
1,1998,ANNUAL_AVERAGE,0.095166,0.037526,0.037526,0.037526,3.019463,1.047161,0.159482,0.375085,0.401100,0.009463,0.006865,1.881935,0.168449,0.158629,0.067464,0.080111,4.431464,2.067981,12.055170,11.105630,10.177299,9.239503,8.768537,8.520838,0.000573,0.000000,0.000000,0.000000,17747.938586,14480.710657,3267.461459,315.949807,14164.706156,2895.375264,290.197618,59.068074,22.778709,0.000000,4485.994526,1301.527746,417.765211,4068.379445,655.812436,207.322498,97.693223,0.000000,234.962441,63.979286,41.743920,0.000000,20312.243595,15140.125278,2605.463773,1542.404249,1024.879416,27.501401,0.013375,2.508306,34.354564,0.000000,0.000000,0.018582,0.000279,0.018303,1.201682,0.012115,0.012115,0.599504,0.000000,0.000753,0.000000,0.000000,0.000000,0.000153,0.000000,0.004796,0.000753,0.000000,0.000000,0.597382,596800.000000,4.000000,0.203443,298400.000000,2.000000,0.101721,298400.000000,2.000000,0.101721,0.000000,0.000000,0.000000,0.000000,0.000000,0.000000,222410.528082,1.490687,0.075817,298400.000000,2.000000,0.101721,10906229.098630,73.098050,3.717821,2790.756986,0.018705,0.000951,329994.743065,2.211761,0.112492,-8043946.446575,-53.913850,-2.742099,0.000000,0.000000,0.000000,0.000000,0.000000,0.000000,0.000000,0.000000,0.000000,305.729137,0.002049,0.000104,0.085650,0.000001,0.000000,25.611907,0.000172,0.000009,403.809454,0.002706,0.000138,0.000000,0.000000,0.000000,0.000000,0.000000,0.000000,0.000000,0.000000,0.000000,0.000000,0.000000,0.000000,0.000000,0.000000,51549126566.224655,42239.533433,17572.567482,42445682368.175340,34780.139512,14469.296854,9103555586.805480,7459.485064,3103.308534,0.000000,0.000000,0.000000,0.000000,0.000000,0.000000,12925847041.402740,10591.483955,4406.288400,3410162584.898630,2794.299071,1162.489381,5269287.321918,4.317672,1.796246,10200.370794,0.008358,0.003477,3252197.040411,2.664862,1.108641,103247550.641096,84.601401,35.196029,2231633.798545,1.828608,0.760741,16974.467452,0.013909,0.005786,16974.469634,0.013909,0.005786,64.181597,0.000053,0.000022,0.230116,0.000000,0.000000,171.216936,0.000140,0.000058,7799.022458,0.006391,0.002659,0.000000,0.000000,0.000000,0.000000,0.000000,0.000000,0.000000,0.000000,0.000000,0.000000,0.000000,0.000000,0.000000,0.000000,89661994.761644,609.530889,30.564852,11069133.907877,75.249041,3.773354,78592851.243836,534.281782,26.791495,0.000000,0.000000,0.000000,0.000000,0.000000,0.000000,43843750.147945,298.054046,14.945884,65537360.734247,445.529305,22.341013,2169523.813356,14.748632,0.739568,2340.268340,0.015909,0.000798,448046.856764,3.045866,0.152735,8679550.638356,59.004423,2.958770,135414.538728,0.920561,0.046161,1943.656304,0.013213,0.000663,1943.656212,0.013213,0.000663,28.170571,0.000192,0.000010,0.015125,0.000000,0.000000,19.323135,0.000131,0.000007,546.856780,0.003718,0.000186,0.000000,0.000000,0.000000,0.000000,0.000000,0.000000,0.000000,0.000000,0.000000,0.000000,0.000000,0.000000,0.000000,0.000000,2806400.000000,4.000000,0.956673,1403200.000000,2.000000,0.478336,1403200.000000,2.000000,0.478336,0.000000,0.000000,0.000000,0.000000,0.000000,0.000000,1037698.821747,1.479046,0.353741,1403200.000000,2.000000,0.478336,55369646.498630,78.919108,18.874943,16663.622137,0.023751,0.005680,1704963.658219,2.430108,0.581205,-43507195.967123,-62.011397,-14.831156,0.000000,0.000000,0.000000,0.000000,0.000000,0.000000,0.000000,0.000000,0.000000,1656.730189,0.002361,0.000565,0.642395,0.000001,0.000000,118.005626,0.000168,0.000040,1634.111738,0.002329,0.000557,0.000000,0.000000,0.000000,0.000000,0.000000,0.000000,0.000000,0.000000,0.000000,0.000000,0.000000,0.000000,0.000000,0.000000,423823723.835616,592.594689,144.477150,22217224.464255,31.064352,7.573623,401606491.441096,561.530318,136.903523,0.000000,0.000000,0.000000,0.000000,0.000000,0.000000,189447053.019178,264.886820,64.580553,340599909.567123,476.230298,116.107008,6961533.995890,9.733688,2.373115,7243.786391,0.010128,0.002469,1622918.454452,2.269181,0.553236,40403200.032877,56.492170,13.773036,1158085.218151,1.619247,0.394779,16622.434808,0.023242,0.005666,16622.434027,0.023242,0.005666,154.402231,0.000216,0.000053,0.139822,0.000000,0.000000,114.075339,0.000160,0.000039,3684.661035,0.005152,0.001256,0.000000,0.000000,0.000000,0.000000,0.000000,0.000000,38269.693151,0.053509,0.013046,78.378082,1421.852896,0.001988,0.000485,274.323288,57373841761.490410,20590.669601,19558.153045,2213350407.715068,15046.569745,754.508407
1,1998,DAY_COUNT,365,365,365,365,365,365,365,365,365,365,365,365,365,365,365,365,365,365,365,365,365,365,365,365,365,365,365,365,365,365,365,365,365,365,365,365,365,365,365,365,365,365,365,365,365,365,365,365,365,365,365,365,365,365,365,365,365,365,365,365,365,365,365,365,365,365,365,365,365,365,365,365,365,365,365,365,365,365,365,365,365,365,365,365,365,365,365,365,365,365,365,365,365,365,365,365,365,365,365,365,365,365,365,365,365,365,365,365,365,365,365,365,365,365,365,365,365,365,365,365,365,365,365,365,365,365,365,365,365,365,365,365,365,365,365,365,365,365,365,365,365,365,365,365,365,365,365,365,365,365,365,365,365,365,365,365,365,365,365,365,365,365,365,365,365,365,365,365,365,365,365,365,365,365,365,365,365,365,365,365,365,365,365,365,365,365,365,365,365,365,365,365,365,365,365,365,365,365,365,365,365,365,365,365,365,365,365,365,365,365,365,365,365,365,365,365,365,365,365,365,365,365,365,365,365,365,365,365,365,365,365,365,365,365,365,365,365,365,365,365,365,365,365,365,365,365,365,365,365,365,365,365,365,365,365,365,365,365,365,365,365,365,365,365,365,365,365,365,365,365,365,365,365,365,365,365,365,365,365,365,365,365,365,365,365,365,365,365,365,365,365,365,365,365,365,365,365,365,365,365,365,365,365,365,365,365,365,365,365,365,365,365,365,365,365,365,365,365,365,365,365,365,365,365,365,365,365,365,365,365,365,365,365,365,365,365,365,365,365,365,365,365,365,365,365,365,365,365,365,365,365,365,365,365,365,365,365,365,365,365,365,365,365,365,365,365,365,365,365,365,365,365,365,365,365,365,365,365,365,365,365,365,365,365,365,365,365,365,365,365,365,365,365,365,365,365,365,365,365,365,365,365,365,365,365,365,365,365,365,365,365,365,365,365,365,365,365,365,365,365,365,365,365,365,365,365
1,1999,INITIAL_VALUE,0.000000,0.000000,0.000000,0.000000,0.000000,2.180541,0.009085,0.961695,1.172857,0.025941,0.010965,4.736233,0.246752,0.266843,0.091003,0.087948,2.788979,2.010237,6.099135,4.894189,5.473232,6.500035,7.181656,7.590416,0.000000,0.000000,0.000000,0.000000,17564.757813,14372.661133,3192.475586,277.669647,14095.228516,2873.894531,246.664322,51.695450,20.109491,0.000000,4575.537109,1373.801758,452.818726,4122.847656,669.965027,209.940414,98.997391,0.000000,277.087097,72.267326,45.547729,0.000000,20474.755859,15317.074219,2596.961914,1539.619263,1021.490112,29.032656,0.013208,2.560371,35.371902,0.000000,0.000000,0.011473,0.000172,0.011301,1.326589,0.010090,0.010090,0.664919,0.000000,0.001691,0.000000,0.000001,0.000000,0.000400,0.000000,0.013610,0.001692,0.000000,0.000000,0.648060,596800.000000,4.000000,0.203443,298400.000000,2.000000,0.101721,298400.000000,2.000000,0.101721,0.000000,0.000000,0.000000,0.000000,0.000000,0.000000,220048.859375,1.474858,0.075012,298400.000000,2.000000,0.101721,11366173.000000,76.180779,3.874611,2710.028320,0.018164,0.000924,336603.593750,2.256056,0.114745,-8049754.500000,-53.952778,-2.744079,0.000000,0.000000,0.000000,0.000000,0.000000,0.000000,0.000000,0.000000,0.000000,696.507324,0.004668,0.000237,0.156091,0.000001,0.000000,61.684662,0.000413,0.000021,1095.218140,0.007341,0.000373,0.000000,0.000000,0.000000,0.000000,0.000000,0.000000,0.000000,0.000000,0.000000,0.000000,0.000000,0.000000,0.000000,0.000000,51150417920.000000,41912.828125,17436.650391,42160979968.000000,34546.851563,14372.244141,8989510656.000000,7366.036133,3064.431641,0.000000,0.000000,0.000000,0.000000,0.000000,0.000000,13173312512.000000,10794.257813,4490.646973,3526811648.000000,2889.881592,1202.253784,5827069.000000,4.774721,1.986388,10191.283203,0.008351,0.003474,3304249.500000,2.707514,1.126385,104665104.000000,85.762955,35.679260,3891547.750000,3.188748,1.326589,29600.351563,0.024255,0.010090,29600.324219,0.024255,0.010090,197.114227,0.000162,0.000067,0.297408,0.000000,0.000000,522.467407,0.000428,0.000178,24232.421875,0.019856,0.008261,0.000000,0.000000,0.000000,0.000000,0.000000,0.000000,0.000000,0.000000,0.000000,0.000000,0.000000,0.000000,0.000000,0.000000,67368080.000000,457.974731,22.965086,1119777.875000,7.612359,0.381721,66248236.000000,450.361908,22.583344,0.000000,0.000000,0.000000,0.000000,0.000000,0.000000,51601680.000000,350.793213,17.590483,75817320.000000,515.413452,25.845345,2392835.250000,16.266724,0.815693,2361.569580,0.016054,0.000805,456012.406250,3.100016,0.155450,8852902.000000,60.182880,3.017863,0.000000,0.000000,0.000000,0.000000,0.000000,0.000000,0.000000,0.000000,0.000000,91.381744,0.000621,0.000031,0.031631,0.000000,0.000000,59.754379,0.000406,0.000020,1752.194458,0.011912,0.000597,0.000000,0.000000,0.000000,0.000000,0.000000,0.000000,0.000000,0.000000,0.000000,0.000000,0.000000,0.000000,0.000000,0.000000,2806400.000000,4.000000,0.956673,1403200.000000,2.000000,0.478336,1403200.000000,2.000000,0.478336,0.000000,0.000000,0.000000,0.000000,0.000000,0.000000,1026370.625000,1.462900,0.349879,1403200.000000,2.000000,0.478336,57786280.000000,82.363571,19.698750,16261.244141,0.023177,0.005543,1746934.750000,2.489930,0.595512,-43610200.000000,-62.158211,-14.866269,0.000000,0.000000,0.000000,0.000000,0.000000,0.000000,0.000000,0.000000,0.000000,3568.614990,0.005086,0.001217,1.165464,0.000002,0.000000,266.487427,0.000380,0.000091,4195.616211,0.005980,0.001430,0.000000,0.000000,0.000000,0.000000,0.000000,0.000000,0.000000,0.000000,0.000000,0.000000,0.000000,0.000000,0.000000,0.000000,307955712.000000,430.586823,104.978935,68.255707,0.000095,0.000023,307955648.000000,430.586761,104.978912,0.000000,0.000000,0.000000,0.000000,0.000000,0.000000,196899840.000000,275.307373,67.121132,425707040.000000,595.227966,145.119156,7794162.500000,10.897879,2.656950,7224.185059,0.010101,0.002463,1667029.125000,2.330857,0.568273,41905552.000000,58.592777,14.285172,0.000000,0.000000,0.000000,0.000000,0.000000,0.000000,0.000000,0.000000,0.000000,407.133667,0.000569,0.000139,0.205906,0.000000,0.000000,263.727600,0.000369,0.000090,8649.563477,0.012094,0.002949,0.000000,0.000000,0.000000,0.000000,0.000000,0.000000,0.000000,0.000000,0.000000,0.000000,0.000000,0.000000,0.000000,0.000000,57846484992.000000,20760.294922,19719.271484,2217136384.000000,15072.307617,755.799011
1,1999,FINAL_VALUE,0.198148,0.000000,0.000000,0.000000,6.901488,1.326082,0.347649,0.249006,0.511337,0.011892,0.008049,2.441185,0.204036,0.227989,0.073558,0.081403,2.582873,1.799697,5.000000,4.265933,4.997521,6.219130,7.020832,7.497462,0.001381,0.000000,0.000000,0.000000,17573.718750,14378.618164,3195.327148,277.416229,14101.454102,2876.652100,246.838165,51.656837,20.085499,0.000000,4598.340332,1391.815063,474.451691,4124.043457,667.890991,209.993195,99.839951,0.000000,290.369232,75.499344,48.222469,0.000000,20744.410156,15616.807617,2580.806152,1533.833740,1014.962769,30.868313,0.012665,2.659652,37.864635,0.000000,0.000000,0.010982,0.000165,0.010817,0.000000,0.000000,0.000000,0.663659,0.000000,0.000891,0.000000,0.000000,0.000000,0.000179,0.000000,0.005499,0.000892,0.000000,0.000000,-0.669158,596800.000000,4.000000,0.203443,298400.000000,2.000000,0.101721,298400.000000,2.000000,0.101721,0.000000,0.000000,0.000000,0.000000,0.000000,0.000000,216028.375000,1.447911,0.073642,298400.000000,2.000000,0.101721,12018091.000000,80.550209,4.096844,2535.321777,0.016993,0.000864,341834.500000,2.291116,0.116528,-8040466.500000,-53.890526,-2.740912,0.000000,0.000000,0.000000,0.000000,0.000000,0.000000,0.000000,0.000000,0.000000,370.319214,0.002482,0.000126,0.078021,0.000001,0.000000,33.443398,0.000224,0.000011,639.326904,0.004285,0.000218,0.000000,0.000000,0.000000,0.000000,0.000000,0.000000,0.000000,0.000000,0.000000,0.000000,0.000000,0.000000,0.000000,0.000000,51175124992.000000,41933.078125,17445.074219,42178457600.000000,34561.175781,14378.203125,8996761600.000000,7371.977539,3066.903564,0.000000,0.000000,0.000000,0.000000,0.000000,0.000000,13228350464.000000,10839.356445,4509.408691,3565668352.000000,2921.721191,1215.499756,5949840.000000,4.875320,2.028239,9855.792969,0.008076,0.003360,3424103.500000,2.805722,1.167242,108682176.000000,89.054550,37.048637,0.000000,0.000000,0.000000,0.000000,0.000000,0.000000,0.000000,0.000000,0.000000,75.543610,0.000062,0.000026,0.219790,0.000000,0.000000,196.744720,0.000161,0.000067,8221.844727,0.006737,0.002803,0.000000,0.000000,0.000000,0.000000,0.000000,0.000000,0.000000,0.000000,0.000000,0.000000,0.000000,0.000000,0.000000,0.000000,67770344.000000,460.709351,23.102213,1119778.875000,7.612365,0.381721,66650608.000000,453.097260,22.720507,0.000000,0.000000,0.000000,0.000000,0.000000,0.000000,51187060.000000,347.974579,17.449142,75578624.000000,513.790771,25.763977,2759715.500000,18.760813,0.940759,2309.341064,0.015699,0.000787,462537.750000,3.144376,0.157674,8893673.000000,60.460045,3.031762,0.000000,0.000000,0.000000,0.000000,0.000000,0.000000,0.000000,0.000000,0.000000,49.163521,0.000334,0.000017,0.012617,0.000000,0.000000,25.330044,0.000172,0.000009,741.570313,0.005041,0.000253,0.000000,0.000000,0.000000,0.000000,0.000000,0.000000,0.000000,0.000000,0.000000,0.000000,0.000000,0.000000,0.000000,0.000000,2806400.000000,4.000000,0.956673,1403200.000000,2.000000,0.478336,1403200.000000,2.000000,0.478336,0.000000,0.000000,0.000000,0.000000,0.000000,0.000000,1007316.500000,1.435742,0.343384,1403200.000000,2.000000,0.478336,61410376.000000,87.529037,20.934166,15430.330078,0.021993,0.005260,1808698.625000,2.577963,0.616567,-43394880.000000,-61.851315,-14.792869,0.000000,0.000000,0.000000,0.000000,0.000000,0.000000,0.000000,0.000000,0.000000,1901.219971,0.002710,0.000648,0.627634,0.000001,0.000000,146.392563,0.000209,0.000050,2511.547363,0.003580,0.000856,0.000000,0.000000,0.000000,0.000000,0.000000,0.000000,0.000000,0.000000,0.000000,0.000000,0.000000,0.000000,0.000000,0.000000,308726688.000000,431.664825,105.241753,14.562592,0.000020,0.000005,308726656.000000,431.664764,105.241745,0.000000,0.000000,0.000000,0.000000,0.000000,0.000000,209193616.000000,292.496674,71.311951,439948896.000000,615.141052,149.974060,8412988.000000,11.763126,2.867901,7026.321289,0.009824,0.002395,1764831.250000,2.467605,0.601613,44935412.000000,62.829155,15.318020,0.000000,0.000000,0.000000,0.000000,0.000000,0.000000,0.000000,0.000000,0.000000,218.869736,0.000306,0.000075,0.123548,0.000000,0.000000,123.799118,0.000173,0.000042,4016.246338,0.005616,0.001369,0.000000,0.000000,0.000000,0.000000,0.000000,0.000000,0.000000,0.000000,0.000000,0.000000,0.000000,0.000000,0.000000,0.000000,58629791744.000000,21041.412109,19986.292969,2224283392.000000,15120.893555,758.235352
1,1999,ANNUAL_DELTA,0.198148,0.000000,0.000000,0.000000,6.901488,-0.854460,0.338565,-0.712689,-0.661519,-0.014049,-0.002915,-2.295048,-0.042716,-0.038854,-0.017445,-0.006545,-0.206107,-0.210540,-1.099135,-0.628256,-0.475711,-0.280906,-0.160824,-0.092955,0.001381,0.000000,0.000000,0.000000,8.960938,5.957031,2.851563,-0.253418,6.225586,2.757568,0.173843,-0.038612,-0.023993,0.000000,22.803223,18.013306,21.632965,1.195801,-2.074036,0.052780,0.842560,0.000000,13.282135,3.232018,2.674740,0.000000,269.654297,299.733398,-16.155762,-5.785522,-6.527344,1.835657,-0.000543,0.099281,2.492733,0.000000,0.000000,-0.000491,-0.000007,-0.000484,-1.326589,-0.010090,-0.010090,-0.001260,0.000000,-0.000800,0.000000,-0.000000,0.000000,-0.000221,0.000000,-0.008111,-0.000800,0.000000,0.000000,-1.317217,0.000000,0.000000,0.000000,0.000000,0.000000,0.000000,0.000000,0.000000,0.000000,0.000000,0.000000,0.000000,0.000000,0.000000,0.000000,-4020.484375,-0.026947,-0.001371,0.000000,0.000000,0.000000,651918.000000,4.369431,0.222232,-174.706543,-0.001171,-0.000060,5230.906250,0.035060,0.001783,9288.000000,0.062252,0.003166,0.000000,0.000000,0.000000,0.000000,0.000000,0.000000,0.000000,0.000000,0.000000,-326.188110,-0.002186,-0.000111,-0.078070,-0.000001,-0.000000,-28.241264,-0.000189,-0.000010,-455.891235,-0.003056,-0.000155,0.000000,0.000000,0.000000,0.000000,0.000000,0.000000,0.000000,0.000000,0.000000,0.000000,0.000000,0.000000,0.000000,0.000000,24707072.000000,20.250000,8.423828,17477632.000000,14.324219,5.958984,7250944.000000,5.941406,2.471924,0.000000,0.000000,0.000000,0.000000,0.000000,0.000000,55037952.000000,45.098633,18.761719,38856704.000000,31.839600,13.245972,122771.000000,0.100599,0.041852,-335.490234,-0.000275,-0.000114,119854.000000,0.098209,0.040857,4017072.000000,3.291595,1.369377,-3891547.750000,-3.188748,-1.326589,-29600.351563,-0.024255,-0.010090,-29600.324219,-0.024255,-0.010090,-121.570618,-0.000100,-0.000041,-0.077618,-0.000000,-0.000000,-325.722687,-0.000267,-0.000111,-16010.577148,-0.013119,-0.005458,0.000000,0.000000,0.000000,0.000000,0.000000,0.000000,0.000000,0.000000,0.000000,0.000000,0.000000,0.000000,0.000000,0.000000,402264.000000,2.734619,0.137127,1.000000,0.000007,0.000000,402372.000000,2.735352,0.137163,0.000000,0.000000,0.000000,0.000000,0.000000,0.000000,-414620.000000,-2.818634,-0.141340,-238696.000000,-1.622681,-0.081367,366880.250000,2.494089,0.125066,-52.228516,-0.000355,-0.000018,6525.343750,0.044360,0.002224,40771.000000,0.277164,0.013899,0.000000,0.000000,0.000000,0.000000,0.000000,0.000000,0.000000,0.000000,0.000000,-42.218224,-0.000287,-0.000014,-0.019014,-0.000000,-0.000000,-34.424335,-0.000234,-0.000012,-1010.624146,-0.006870,-0.000345,0.000000,0.000000,0.000000,0.000000,0.000000,0.000000,0.000000,0.000000,0.000000,0.000000,0.000000,0.000000,0.000000,0.000000,0.000000,0.000000,0.000000,0.000000,0.000000,0.000000,0.000000,0.000000,0.000000,0.000000,0.000000,0.000000,0.000000,0.000000,0.000000,-19054.125000,-0.027158,-0.006495,0.000000,0.000000,0.000000,3624096.000000,5.165466,1.235416,-830.914063,-0.001184,-0.000283,61763.875000,0.088033,0.021055,215320.000000,0.306896,0.073400,0.000000,0.000000,0.000000,0.000000,0.000000,0.000000,0.000000,0.000000,0.000000,-1667.395020,-0.002377,-0.000568,-0.537830,-0.000001,-0.000000,-120.094864,-0.000171,-0.000041,-1684.068848,-0.002400,-0.000574,0.000000,0.000000,0.000000,0.000000,0.000000,0.000000,0.000000,0.000000,0.000000,0.000000,0.000000,0.000000,0.000000,0.000000,770976.000000,1.078003,0.262817,-53.693115,-0.000075,-0.000018,771008.000000,1.078003,0.262833,0.000000,0.000000,0.000000,0.000000,0.000000,0.000000,12293776.000000,17.189301,4.190819,14241856.000000,19.913086,4.854904,618825.500000,0.865248,0.210951,-197.863770,-0.000277,-0.000067,97802.125000,0.136748,0.033340,3029860.000000,4.236378,1.032847,0.000000,0.000000,0.000000,0.000000,0.000000,0.000000,0.000000,0.000000,0.000000,-188.263931,-0.000263,-0.000064,-0.082358,-0.000000,-0.000000,-139.928482,-0.000196,-0.000048,-4633.317139,-0.006478,-0.001579,0.000000,0.000000,0.000000,0.000000,0.000000,0.000000,0.000000,0.000000,0.000000,0.000000,0.000000,0.000000,0.000000,0.000000,783306752.000000,281.117188,267.021484,7147008.000000,48.585938,2.436340
1,1999,MIN_VALUE,0.000000,0.000000,0.000000,0.000000,0.000000,0.084251,0.000048,0.039400,0.033945,0.003334,0.005440,0.246761,0.081733,0.079478,0.048785,0.074307,2.119218,0.890397,2.199452,3.097348,4.842333,6.120529,6.961012,7.461150,0.000000,0.000000,0.000000,0.000000,17564.757813,14372.661133,3192.475586,277.416229,14095.228516,2873.894531,246.664322,51.656837,20.085499,0.000000,4371.885254,1247.664673,409.933655,3962.108398,634.085510,204.942657,97.729996,0.000000,206.838654,61.344437,42.262310,0.000000,20474.755859,15317.074219,2580.806152,1533.833740,1014.962769,28.798296,0.012665,2.560371,35.371902,0.000000,0.000000,0.010739,0.000161,0.010578,0.000000,0.000000,0.000000,-0.073850,0.000000,0.000258,0.000000,0.000000,0.000000,0.000030,0.000000,0.000757,0.000258,0.000000,0.000000,-0.758750,596800.000000,4.000000,0.203443,298400.000000,2.000000,0.101721,298400.000000,2.000000,0.101721,0.000000,0.000000,0.000000,0.000000,0.000000,0.000000,216028.375000,1.447911,0.073642,298400.000000,2.000000,0.101721,11115139.000000,74.498253,3.789037,2535.321777,0.016993,0.000864,332377.968750,2.227734,0.113304,-8274397.500000,-55.458427,-2.820657,0.000000,0.000000,0.000000,0.000000,0.000000,0.000000,0.000000,0.000000,0.000000,99.929024,0.000670,0.000034,0.035713,0.000000,0.000000,6.545471,0.000044,0.000002,83.480255,0.000560,0.000028,0.000000,0.000000,0.000000,0.000000,0.000000,0.000000,0.000000,0.000000,0.000000,0.000000,0.000000,0.000000,0.000000,0.000000,51150417920.000000,41912.828125,17436.650391,42160979968.000000,34546.851563,14372.244141,8989510656.000000,7366.036133,3064.431641,0.000000,0.000000,0.000000,0.000000,0.000000,0.000000,12569184256.000000,10299.233398,4284.705566,3303790080.000000,2707.137207,1126.228149,5333462.500000,4.370258,1.818123,9828.668945,0.008054,0.003350,3301787.000000,2.705496,1.125545,102967520.000000,84.371941,35.100571,0.000000,0.000000,0.000000,0.000000,0.000000,0.000000,0.000000,0.000000,0.000000,19.456425,0.000016,0.000007,0.196111,0.000000,0.000000,16.663324,0.000014,0.000006,742.572754,0.000608,0.000253,0.000000,0.000000,0.000000,0.000000,0.000000,0.000000,0.000000,0.000000,0.000000,0.000000,0.000000,0.000000,0.000000,0.000000,67368080.000000,457.974731,22.965086,1119777.875000,7.612359,0.381721,66248236.000000,450.361908,22.583344,0.000000,0.000000,0.000000,0.000000,0.000000,0.000000,33785332.000000,229.675949,11.517072,54801736.000000,372.547516,18.681349,2388598.250000,16.237921,0.814249,2260.312500,0.015366,0.000771,447589.250000,3.042755,0.152579,8491873.000000,57.728577,2.894792,0.000000,0.000000,0.000000,0.000000,0.000000,0.000000,0.000000,0.000000,0.000000,0.556441,0.000004,0.000000,0.004826,0.000000,0.000000,0.131354,0.000001,0.000000,4.551129,0.000031,0.000002,0.000000,0.000000,0.000000,0.000000,0.000000,0.000000,0.000000,0.000000,0.000000,0.000000,0.000000,0.000000,0.000000,0.000000,2806400.000000,4.000000,0.956673,1403200.000000,2.000000,0.478336,1403200.000000,2.000000,0.478336,0.000000,0.000000,0.000000,0.000000,0.000000,0.000000,1007316.500000,1.435742,0.343384,1403200.000000,2.000000,0.478336,56795780.000000,80.951797,19.361097,15430.330078,0.021993,0.005260,1746934.750000,2.489930,0.595512,-44393552.000000,-63.274731,-15.133305,0.000000,0.000000,0.000000,0.000000,0.000000,0.000000,0.000000,0.000000,0.000000,601.716064,0.000858,0.000205,0.281411,0.000000,0.000000,35.829468,0.000051,0.000012,433.027283,0.000617,0.000148,0.000000,0.000000,0.000000,0.000000,0.000000,0.000000,0.000000,0.000000,0.000000,0.000000,0.000000,0.000000,0.000000,0.000000,307955712.000000,430.586823,104.978935,14.562592,0.000020,0.000005,307955648.000000,430.586761,104.978912,0.000000,0.000000,0.000000,0.000000,0.000000,0.000000,159140352.000000,222.511673,54.249310,253901600.000000,355.007843,86.552444,6564012.500000,9.177870,2.237604,6966.100098,0.009740,0.002375,1667029.125000,2.330857,0.568273,41905552.000000,58.592777,14.285172,0.000000,0.000000,0.000000,0.000000,0.000000,0.000000,0.000000,0.000000,0.000000,30.304855,0.000042,0.000010,0.096265,0.000000,0.000000,26.837830,0.000038,0.000009,856.804871,0.001198,0.000292,0.000000,0.000000,0.000000,0.000000,0.000000,0.000000,0.000000,0.000000,0.000000,0.000000,0.000000,0.000000,0.000000,0.000000,57846484992.000000,20760.294922,19719.271484,2217136384.000000,15072.307617,755.799011
1,1999,MIN_VALUE_JDAY,1.000000,1.000000,1.000000,1.000000,1.000000,279.000000,263.000000,280.000000,281.000000,313.000000,316.000000,280.000000,279.000000,280.000000,312.000000,312.000000,40.000000,277.000000,40.000000,361.000000,363.000000,363.000000,363.000000,363.000000,1.000000,1.000000,1.000000,1.000000,1.000000,1.000000,1.000000,365.000000,1.000000,1.000000,1.000000,365.000000,365.000000,1.000000,349.000000,262.000000,349.000000,349.000000,262.000000,262.000000,349.000000,1.000000,262.000000,262.000000,349.000000,1.000000,1.000000,1.000000,365.000000,365.000000,365.000000,179.000000,354.000000,1.000000,1.000000,1.000000,1.000000,363.000000,363.000000,363.000000,350.000000,350.000000,350.000000,262.000000,1.000000,280.000000,1.000000,298.000000,1.000000,280.000000,1.000000,280.000000,280.000000,1.000000,1.000000,350.000000,1.000000,1.000000,1.000000,1.000000,1.000000,1.000000,1.000000,1.000000,1.000000,1.000000,1.000000,1.000000,1.000000,1.000000,1.000000,365.000000,365.000000,365.000000,1.000000,1.000000,1.000000,99.000000,99.000000,99.000000,365.000000,365.000000,365.000000,120.000000,120.000000,120.000000,312.000000,312.000000,312.000000,1.000000,1.000000,1.000000,1.000000,1.000000,1.000000,1.000000,1.000000,1.000000,281.000000,281.000000,281.000000,302.000000,302.000000,302.000000,281.000000,281.000000,281.000000,303.000000,303.000000,303.000000,1.000000,1.000000,1.000000,1.000000,1.000000,1.000000,1.000000,1.000000,1.000000,1.000000,1.000000,1.000000,1.000000,1.000000,1.000000,1.000000,1.000000,1.000000,1.000000,1.000000,1.000000,1.000000,1.000000,1.000000,1.000000,1.000000,1.000000,1.000000,1.000000,349.000000,349.000000,349.000000,349.000000,349.000000,349.000000,147.000000,147.000000,147.000000,349.000000,349.000000,349.000000,64.000000,64.000000,64.000000,75.000000,75.000000,75.000000,350.000000,350.000000,350.000000,350.000000,350.000000,350.000000,350.000000,350.000000,350.000000,266.000000,266.000000,266.000000,282.000000,282.000000,282.000000,266.000000,266.000000,266.000000,266.000000,266.000000,266.000000,1.000000,1.000000,1.000000,1.000000,1.000000,1.000000,1.000000,1.000000,1.000000,1.000000,1.000000,1.000000,1.000000,1.000000,1.000000,1.000000,1.000000,1.000000,1.000000,1.000000,1.000000,1.000000,1.000000,1.000000,1.000000,1.000000,1.000000,1.000000,1.000000,262.000000,262.000000,262.000000,262.000000,262.000000,262.000000,191.000000,191.000000,191.000000,220.000000,220.000000,220.000000,111.000000,111.000000,111.000000,112.000000,112.000000,112.000000,1.000000,1.000000,1.000000,1.000000,1.000000,1.000000,1.000000,1.000000,1.000000,266.000000,266.000000,266.000000,303.000000,303.000000,303.000000,266.000000,266.000000,266.000000,266.000000,266.000000,266.000000,1.000000,1.000000,1.000000,1.000000,1.000000,1.000000,1.000000,1.000000,1.000000,1.000000,1.000000,1.000000,1.000000,1.000000,1.000000,1.000000,1.000000,1.000000,1.000000,1.000000,1.000000,1.000000,1.000000,1.000000,1.000000,1.000000,1.000000,1.000000,1.000000,365.000000,365.000000,365.000000,1.000000,1.000000,1.000000,79.000000,79.000000,79.000000,365.000000,365.000000,365.000000,1.000000,1.000000,1.000000,313.000000,313.000000,313.000000,1.000000,1.000000,1.000000,1.000000,1.000000,1.000000,1.000000,1.000000,1.000000,280.000000,280.000000,280.000000,280.000000,280.000000,280.000000,280.000000,280.000000,280.000000,281.000000,281.000000,281.000000,1.000000,1.000000,1.000000,1.000000,1.000000,1.000000,1.000000,1.000000,1.000000,1.000000,1.000000,1.000000,1.000000,1.000000,1.000000,1.000000,1.000000,365.000000,365.000000,365.000000,1.000000,1.000000,1.000000,1.000000,1.000000,1.000000,1.000000,1.000000,1.000000,152.000000,152.000000,152.000000,262.000000,262.000000,262.000000,262.000000,262.000000,262.000000,262.000000,262.000000,262.000000,1.000000,1.000000,1.000000,1.000000,1.000000,1.000000,1.000000,1.000000,1.000000,1.000000,1.000000,1.000000,1.000000,1.000000,1.000000,262.000000,262.000000,262.000000,280.000000,280.000000,280.000000,280.000000,280.000000,280.000000,168.000000,168.000000,168.000000,1.000000,1.000000,1.000000,1.000000,1.000000,1.000000,1.000000,1.000000,1.000000,1.000000,1.000000,1.000000,1.000000,1.000000,1.000000,1.000000,1.000000,1.000000,1.000000,1.000000
1,1999,MAX_VALUE,1.263368,0.000000,0.000000,0.000000,38.111202,7.381948,1.901930,2.652388,3.199455,0.095185,0.023438,9.660626,0.299857,0.309200,0.117741,0.098791,8.235744,4.135903,22.806734,19.378990,14.787182,11.782672,10.201509,9.345969,0.005566,0.000000,0.000000,0.000000,17915.058594,14612.755859,3351.807129,354.900970,14268.660156,2923.571045,338.830383,66.423721,26.144537,0.000000,4598.340332,1391.815063,474.451691,4124.043457,669.965027,209.993195,99.839951,0.000000,290.369232,75.499344,48.222469,0.000000,20744.410156,15616.807617,2596.961914,1539.619263,1021.490112,30.868313,0.013208,2.659652,37.864635,0.000000,0.000000,0.027939,0.000419,0.027520,5.550958,0.074538,0.074537,1.100529,0.000000,0.003158,0.000000,0.000001,0.000000,0.000834,0.000000,0.028941,0.003159,0.000000,0.000000,4.621746,596800.000000,4.000000,0.203443,298400.000000,2.000000,0.101721,298400.000000,2.000000,0.101721,0.000000,0.000000,0.000000,0.000000,0.000000,0.000000,220048.859375,1.474858,0.075012,298400.000000,2.000000,0.101721,12117279.000000,81.215004,4.130656,2710.028320,0.018164,0.000924,343270.812500,2.300743,0.117017,-7653461.000000,-51.296654,-2.608986,0.000000,0.000000,0.000000,0.000000,0.000000,0.000000,0.000000,0.000000,0.000000,1300.104980,0.008714,0.000443,0.270147,0.000002,0.000000,128.276352,0.000860,0.000044,2739.638428,0.018362,0.000934,0.000000,0.000000,0.000000,0.000000,0.000000,0.000000,0.000000,0.000000,0.000000,0.000000,0.000000,0.000000,0.000000,0.000000,52126101504.000000,42712.308594,17769.251953,42857480192.000000,35117.566406,14609.673828,9268648960.000000,7594.763184,3159.587158,0.000000,0.000000,0.000000,0.000000,0.000000,0.000000,13228350464.000000,10839.356445,4509.408691,3565668352.000000,2921.721191,1215.499756,6343422.500000,5.197822,2.162407,10191.283203,0.008351,0.003474,3424103.500000,2.805722,1.167242,109078112.000000,89.378983,37.183609,9918463.000000,8.127223,3.381102,75442.843750,0.061818,0.025718,75442.843750,0.061818,0.025718,377.452362,0.000309,0.000129,0.391725,0.000000,0.000000,1136.641602,0.000931,0.000387,51203.601563,0.041956,0.017455,0.000000,0.000000,0.000000,0.000000,0.000000,0.000000,0.000000,0.000000,0.000000,0.000000,0.000000,0.000000,0.000000,0.000000,117368528.000000,797.882568,40.009724,23099040.000000,157.029495,7.874225,94269504.000000,640.853149,32.135502,0.000000,0.000000,0.000000,0.000000,0.000000,0.000000,51601680.000000,350.793213,17.590483,75817320.000000,515.413452,25.845345,2911256.750000,19.791004,0.992418,2436.029053,0.016560,0.000830,463558.656250,3.151316,0.158022,8948194.000000,60.830685,3.050347,1534639.500000,10.432627,0.523143,22027.228516,0.149743,0.007509,22027.232422,0.149743,0.007509,219.417068,0.001492,0.000075,0.092487,0.000001,0.000000,120.575142,0.000820,0.000041,3534.913574,0.024031,0.001205,0.000000,0.000000,0.000000,0.000000,0.000000,0.000000,0.000000,0.000000,0.000000,0.000000,0.000000,0.000000,0.000000,0.000000,2806400.000000,4.000000,0.956673,1403200.000000,2.000000,0.478336,1403200.000000,2.000000,0.478336,0.000000,0.000000,0.000000,0.000000,0.000000,0.000000,1026370.625000,1.462900,0.349879,1403200.000000,2.000000,0.478336,61794068.000000,88.075928,21.064962,16261.244141,0.023177,0.005543,1808868.000000,2.578204,0.616624,-41465292.000000,-59.101048,-14.135093,0.000000,0.000000,0.000000,0.000000,0.000000,0.000000,0.000000,0.000000,0.000000,6438.519531,0.009177,0.002195,1.976309,0.000003,0.000001,528.354736,0.000753,0.000180,10058.031250,0.014336,0.003429,0.000000,0.000000,0.000000,0.000000,0.000000,0.000000,0.000000,0.000000,0.000000,0.000000,0.000000,0.000000,0.000000,0.000000,592860480.000000,828.943665,202.100052,86106984.000000,120.395676,29.352987,549645440.000000,768.519897,187.368484,0.000000,0.000000,0.000000,0.000000,0.000000,0.000000,210472000.000000,294.284119,71.747742,439948896.000000,615.141052,149.974060,10184715.000000,14.240373,3.471865,7361.616699,0.010293,0.002509,1764831.250000,2.467605,0.601613,44935412.000000,62.829155,15.318020,12526855.000000,17.515179,4.270276,179802.781250,0.251402,0.061293,179802.375000,0.251402,0.061293,1030.745117,0.001441,0.000351,0.433591,0.000001,0.000000,534.349182,0.000747,0.000182,17779.742188,0.024860,0.006061,0.000000,0.000000,0.000000,0.000000,0.000000,0.000000,3492109.500000,4.882703,1.190424,7152.000000,88314.414063,0.123482,0.030105,7152.000000,58629791744.000000,21041.412109,19986.292969,2224283392.000000,15120.893555,758.235352
1,1999,MAX_VALUE_JDAY,55.000000,1.000000,1.000000,1.000000,316.000000,55.000000,316.000000,55.000000,60.000000,64.000000,66.000000,60.000000,55.000000,60.000000,63.000000,63.000000,163.000000,163.000000,163.000000,191.000000,222.000000,222.000000,222.000000,222.000000,316.000000,1.000000,1.000000,1.000000,349.000000,349.000000,262.000000,182.000000,349.000000,262.000000,262.000000,349.000000,349.000000,1.000000,365.000000,365.000000,365.000000,365.000000,1.000000,365.000000,365.000000,1.000000,365.000000,365.000000,365.000000,1.000000,365.000000,365.000000,1.000000,1.000000,1.000000,365.000000,1.000000,365.000000,365.000000,1.000000,1.000000,218.000000,218.000000,218.000000,149.000000,149.000000,149.000000,108.000000,1.000000,56.000000,1.000000,61.000000,1.000000,60.000000,1.000000,60.000000,56.000000,1.000000,1.000000,149.000000,1.000000,1.000000,1.000000,1.000000,1.000000,1.000000,1.000000,1.000000,1.000000,1.000000,1.000000,1.000000,1.000000,1.000000,1.000000,1.000000,1.000000,1.000000,1.000000,1.000000,1.000000,316.000000,316.000000,316.000000,1.000000,1.000000,1.000000,330.000000,330.000000,330.000000,99.000000,99.000000,99.000000,1.000000,1.000000,1.000000,1.000000,1.000000,1.000000,1.000000,1.000000,1.000000,60.000000,60.000000,60.000000,61.000000,61.000000,61.000000,60.000000,60.000000,60.000000,61.000000,61.000000,61.000000,1.000000,1.000000,1.000000,1.000000,1.000000,1.000000,1.000000,1.000000,1.000000,1.000000,1.000000,1.000000,1.000000,1.000000,349.000000,349.000000,349.000000,349.000000,349.000000,349.000000,349.000000,349.000000,349.000000,1.000000,1.000000,1.000000,1.000000,1.000000,1.000000,365.000000,365.000000,365.000000,365.000000,365.000000,365.000000,310.000000,310.000000,310.000000,1.000000,1.000000,1.000000,365.000000,365.000000,365.000000,315.000000,315.000000,315.000000,318.000000,318.000000,318.000000,318.000000,318.000000,318.000000,318.000000,318.000000,318.000000,59.000000,59.000000,59.000000,60.000000,60.000000,60.000000,60.000000,60.000000,60.000000,59.000000,59.000000,59.000000,1.000000,1.000000,1.000000,1.000000,1.000000,1.000000,1.000000,1.000000,1.000000,1.000000,1.000000,1.000000,1.000000,1.000000,262.000000,262.000000,262.000000,262.000000,262.000000,262.000000,262.000000,262.000000,262.000000,1.000000,1.000000,1.000000,1.000000,1.000000,1.000000,1.000000,1.000000,1.000000,1.000000,1.000000,1.000000,142.000000,142.000000,142.000000,141.000000,141.000000,141.000000,338.000000,338.000000,338.000000,333.000000,333.000000,333.000000,150.000000,150.000000,150.000000,150.000000,150.000000,150.000000,150.000000,150.000000,150.000000,59.000000,59.000000,59.000000,56.000000,56.000000,56.000000,59.000000,59.000000,59.000000,60.000000,60.000000,60.000000,1.000000,1.000000,1.000000,1.000000,1.000000,1.000000,1.000000,1.000000,1.000000,1.000000,1.000000,1.000000,1.000000,1.000000,1.000000,1.000000,1.000000,1.000000,1.000000,1.000000,1.000000,1.000000,1.000000,1.000000,1.000000,1.000000,1.000000,1.000000,1.000000,1.000000,1.000000,1.000000,1.000000,1.000000,1.000000,315.000000,315.000000,315.000000,1.000000,1.000000,1.000000,355.000000,355.000000,355.000000,99.000000,99.000000,99.000000,1.000000,1.000000,1.000000,1.000000,1.000000,1.000000,1.000000,1.000000,1.000000,56.000000,56.000000,56.000000,61.000000,61.000000,61.000000,60.000000,60.000000,60.000000,61.000000,61.000000,61.000000,1.000000,1.000000,1.000000,1.000000,1.000000,1.000000,1.000000,1.000000,1.000000,1.000000,1.000000,1.000000,1.000000,1.000000,258.000000,258.000000,258.000000,182.000000,182.000000,182.000000,262.000000,262.000000,262.000000,1.000000,1.000000,1.000000,1.000000,1.000000,1.000000,259.000000,259.000000,259.000000,365.000000,365.000000,365.000000,141.000000,141.000000,141.000000,141.000000,141.000000,141.000000,365.000000,365.000000,365.000000,365.000000,365.000000,365.000000,149.000000,149.000000,149.000000,149.000000,149.000000,149.000000,149.000000,149.000000,149.000000,59.000000,59.000000,59.000000,60.000000,60.000000,60.000000,60.000000,60.000000,60.000000,60.000000,60.000000,60.000000,1.000000,1.000000,1.000000,1.000000,1.000000,1.000000,122.000000,122.000000,122.000000,122.000000,183.000000,183.000000,183.000000,61.000000,365.000000,365.000000,365.000000,365.000000,365.000000,365.000000
1,1999,ANNUAL_SUM,37.496790,0.000000,0.000000,0.000000,1130.224708,473.057064,59.894002,158.332330,205.461204,8.148839,3.723899,886.041905,63.550620,63.085515,29.393462,30.588838,1542.584459,767.200546,4197.800831,3881.827730,3602.520454,3316.296235,3170.433247,3093.256090,0.190978,0.000000,0.000000,0.000000,6494898.298828,5297980.974609,1197005.685059,118041.187103,5179921.048828,1058603.385986,107644.039063,22166.026478,8577.712465,0.000000,1629957.497559,475632.612183,155266.281464,1474744.305664,237283.431641,75418.773010,35880.106239,0.000000,87316.542023,23767.800144,15962.787251,0.000000,7519110.810547,5642023.401367,944980.973633,560909.172363,371664.519897,10809.406576,4.696031,952.080982,13393.900902,0.000000,0.000000,6.639969,0.099600,6.540368,498.022511,4.895025,4.895022,248.365256,0.000000,0.342009,0.000000,0.000152,0.000000,0.070086,0.000000,2.238760,0.342161,0.000000,0.000000,247.418495,217832000.000000,1460.000000,74.256692,108916000.000000,730.000000,37.128346,108916000.000000,730.000000,37.128346,0.000000,0.000000,0.000000,0.000000,0.000000,0.000000,79616336.375000,533.621557,27.140391,108916000.000000,730.000000,37.128346,4217099351.000000,28264.740997,1437.565824,949661.053467,6.365020,0.323730,122912229.437500,823.808507,41.899516,-2903546983.000000,-19460.770664,-989.789325,0.000000,0.000000,0.000000,0.000000,0.000000,0.000000,0.000000,0.000000,0.000000,137175.038071,0.919404,0.046762,32.780740,0.000220,0.000011,11752.678890,0.078771,0.004006,211160.733780,1.415286,0.071983,0.000000,0.000000,0.000000,0.000000,0.000000,0.000000,0.000000,0.000000,0.000000,0.000000,0.000000,0.000000,0.000000,0.000000,18867356278784.000000,15459977.253906,6431687.857422,15529713758208.000000,12725101.359375,5293919.796875,3337664035840.000000,2734893.505371,1137775.366211,0.000000,0.000000,0.000000,0.000000,0.000000,0.000000,4695883742208.000000,3847823.452148,1600778.506348,1243435769600.000000,1018875.591553,423874.472046,2102515390.000000,1722.808413,716.725886,3618895.640625,2.965336,1.233644,1225884309.500000,1004.493867,417.891364,38727099520.000000,31733.119949,13201.670216,979682829.656250,802.755514,333.963806,7451760.411011,6.105998,2.540229,7451761.017090,6.105999,2.540229,32014.223564,0.026233,0.010913,88.347531,0.000072,0.000030,81499.117857,0.066781,0.027782,3612800.554993,2.960341,1.231567,0.000000,0.000000,0.000000,0.000000,0.000000,0.000000,0.000000,0.000000,0.000000,0.000000,0.000000,0.000000,0.000000,0.000000,32038116776.000000,217798.213287,10921.464718,3673857724.500000,24975.239494,1252.380342,28364248384.000000,192822.899109,9669.080866,0.000000,0.000000,0.000000,0.000000,0.000000,0.000000,15675515984.000000,106563.670441,5343.622276,23692095828.000000,161061.154541,8076.391970,944700244.750000,6422.163458,322.038603,851168.065430,5.786323,0.290154,165743134.625000,1126.737829,56.500131,3175050016.000000,21584.296608,1082.341925,50000438.919861,339.907809,17.044636,717675.287783,4.878826,0.244648,717675.379580,4.878827,0.244648,16746.041431,0.113841,0.005709,8.421305,0.000057,0.000003,9197.862704,0.062528,0.003135,264716.609133,1.799569,0.090239,0.000000,0.000000,0.000000,0.000000,0.000000,0.000000,0.000000,0.000000,0.000000,0.000000,0.000000,0.000000,0.000000,0.000000,1024336000.000000,1460.000000,349.185611,512168000.000000,730.000000,174.592806,512168000.000000,730.000000,174.592806,0.000000,0.000000,0.000000,0.000000,0.000000,0.000000,371333399.937500,529.266533,126.583740,512168000.000000,730.000000,174.592806,21529581596.000000,30686.404800,7339.213089,5751832.785156,8.198165,1.960741,647824487.750000,923.353034,220.836709,-15670343488.000000,-22335.153168,-5341.859035,0.000000,0.000000,0.000000,0.000000,0.000000,0.000000,0.000000,0.000000,0.000000,732453.677429,1.043976,0.249686,255.124909,0.000364,0.000087,52995.691235,0.075535,0.018066,842790.089355,1.201240,0.287298,0.000000,0.000000,0.000000,0.000000,0.000000,0.000000,0.000000,0.000000,0.000000,0.000000,0.000000,0.000000,0.000000,0.000000,153060541920.000000,214010.821503,52176.765320,8165419217.959183,11416.973147,2783.507492,144895121280.000000,202593.848633,49393.257774,0.000000,0.000000,0.000000,0.000000,0.000000,0.000000,69731168224.000000,97498.836975,23770.638588,127512044080.000000,178288.651917,43467.545105,2915770601.500000,4076.860469,993.956231,2605255.391113,3.642695,0.888105,630569209.875000,881.668361,214.954563,15962766820.000000,22319.304832,5441.543144,431265644.051117,603.000060,147.014024,6190120.380212,8.655090,2.110148,6190117.177087,8.655085,2.110147,84898.537983,0.118706,0.028941,60.623546,0.000085,0.000021,50150.781019,0.070121,0.017096,1635935.371460,2.287382,0.557674,0.000000,0.000000,0.000000,0.000000,0.000000,0.000000,13968438.000000,19.530813,4.761697,28608.000000,520773.113281,0.728150,0.177526,100128.000000,21247030194176.000000,7625262.052734,7242894.218750,810628385536.000000,5510730.015625,276334.885437
1,1999,ANNUAL_AVERAGE,0.102731,0.000000,0.000000,0.000000,3.096506,1.296047,0.164093,0.433787,0.562907,0.022326,0.010202,2.427512,0.174111,0.172837,0.080530,0.083805,4.226259,2.101919,11.500824,10.635144,9.869919,9.085743,8.686118,8.474674,0.000523,0.000000,0.000000,0.000000,17794.241915,14515.016369,3279.467630,323.400513,14191.564517,2900.283249,294.915176,60.728840,23.500582,0.000000,4465.636980,1303.103047,425.387073,4040.395358,650.091594,206.626775,98.301661,0.000000,239.223403,65.117261,43.733664,0.000000,20600.303591,15457.598360,2588.988969,1536.737459,1018.258959,29.614813,0.012866,2.608441,36.695619,0.000000,0.000000,0.018192,0.000273,0.017919,1.364445,0.013411,0.013411,0.680453,0.000000,0.000937,0.000000,0.000000,0.000000,0.000192,0.000000,0.006134,0.000937,0.000000,0.000000,0.677859,596800.000000,4.000000,0.203443,298400.000000,2.000000,0.101721,298400.000000,2.000000,0.101721,0.000000,0.000000,0.000000,0.000000,0.000000,0.000000,218126.948973,1.461977,0.074357,298400.000000,2.000000,0.101721,11553696.852055,77.437647,3.938537,2601.811105,0.017438,0.000887,336745.834075,2.257010,0.114793,-7954923.241096,-53.317180,-2.711752,0.000000,0.000000,0.000000,0.000000,0.000000,0.000000,0.000000,0.000000,0.000000,375.822022,0.002519,0.000128,0.089810,0.000001,0.000000,32.199120,0.000216,0.000011,578.522558,0.003877,0.000197,0.000000,0.000000,0.000000,0.000000,0.000000,0.000000,0.000000,0.000000,0.000000,0.000000,0.000000,0.000000,0.000000,0.000000,51691387065.161644,42356.102065,17621.062623,42547160981.391780,34863.291396,14503.889854,9144285029.698630,7492.858919,3117.192784,0.000000,0.000000,0.000000,0.000000,0.000000,0.000000,12865434910.158905,10541.982061,4385.694538,3406673341.369863,2791.439977,1161.299923,5760316.136986,4.720023,1.963633,9914.782577,0.008124,0.003380,3358587.149315,2.752038,1.144908,106101642.520548,86.940055,36.168959,2684062.547003,2.199330,0.914969,20415.781948,0.016729,0.006960,20415.783608,0.016729,0.006960,87.710202,0.000072,0.000030,0.242048,0.000000,0.000000,223.285254,0.000183,0.000076,9898.083712,0.008111,0.003374,0.000000,0.000000,0.000000,0.000000,0.000000,0.000000,0.000000,0.000000,0.000000,0.000000,0.000000,0.000000,0.000000,0.000000,87775662.400000,596.707434,29.921821,10065363.628767,68.425314,3.431179,77710269.545205,528.281915,26.490633,0.000000,0.000000,0.000000,0.000000,0.000000,0.000000,42946619.134247,291.955261,14.640061,64909851.583562,441.263437,22.127101,2588219.848630,17.594968,0.882298,2331.967303,0.015853,0.000795,454090.779795,3.086953,0.154795,8698767.167123,59.135059,2.965320,136987.503890,0.931254,0.046698,1966.233665,0.013367,0.000670,1966.233917,0.013367,0.000670,45.879566,0.000312,0.000016,0.023072,0.000000,0.000000,25.199624,0.000171,0.000009,725.250984,0.004930,0.000247,0.000000,0.000000,0.000000,0.000000,0.000000,0.000000,0.000000,0.000000,0.000000,0.000000,0.000000,0.000000,0.000000,0.000000,2806400.000000,4.000000,0.956673,1403200.000000,2.000000,0.478336,1403200.000000,2.000000,0.478336,0.000000,0.000000,0.000000,0.000000,0.000000,0.000000,1017351.780651,1.450045,0.346805,1403200.000000,2.000000,0.478336,58985155.057534,84.072342,20.107433,15758.445987,0.022461,0.005372,1774861.610274,2.529734,0.605032,-42932447.912329,-61.192200,-14.635230,0.000000,0.000000,0.000000,0.000000,0.000000,0.000000,0.000000,0.000000,0.000000,2006.722404,0.002860,0.000684,0.698972,0.000001,0.000000,145.193675,0.000207,0.000049,2309.013943,0.003291,0.000787,0.000000,0.000000,0.000000,0.000000,0.000000,0.000000,0.000000,0.000000,0.000000,0.000000,0.000000,0.000000,0.000000,0.000000,419343950.465753,586.331018,142.950042,22371011.556053,31.279378,7.626048,396972935.013699,555.051640,135.323994,0.000000,0.000000,0.000000,0.000000,0.000000,0.000000,191044296.504110,267.120101,65.125037,349348065.972603,488.462060,119.089165,7988412.606849,11.169481,2.723168,7137.686003,0.009980,0.002433,1727586.876370,2.415530,0.588917,43733607.726027,61.148780,14.908337,1181549.709729,1.652055,0.402778,16959.233918,0.023713,0.005781,16959.225143,0.023713,0.005781,232.598734,0.000325,0.000079,0.166092,0.000000,0.000000,137.399400,0.000192,0.000047,4482.014716,0.006267,0.001528,0.000000,0.000000,0.000000,0.000000,0.000000,0.000000,38269.693151,0.053509,0.013046,78.378082,1426.775653,0.001995,0.000486,274.323288,58211041627.879456,20891.128912,19843.545805,2220899686.400000,15097.890454,757.081878
1,1999,DAY_COUNT,365,365,365,365,365,365,365,365,365,365,365,365,365,365,365,365,365,365,365,365,365,365,365,365,365,365,365,365,365,365,365,365,365,365,365,365,365,365,365,365,365,365,365,365,365,365,365,365,365,365,365,365,365,365,365,365,365,365,365,365,365,365,365,365,365,365,365,365,365,365,365,365,365,365,365,365,365,365,365,365,365,365,365,365,365,365,365,365,365,365,365,365,365,365,365,365,365,365,365,365,365,365,365,365,365,365,365,365,365,365,365,365,365,365,365,365,365,365,365,365,365,365,365,365,365,365,365,365,365,365,365,365,365,365,365,365,365,365,365,365,365,365,365,365,365,365,365,365,365,365,365,365,365,365,365,365,365,365,365,365,365,365,365,365,365,365,365,365,365,365,365,365,365,365,365,365,365,365,365,365,365,365,365,365,365,365,365,365,365,365,365,365,365,365,365,365,365,365,365,365,365,365,365,365,365,365,365,365,365,365,365,365,365,365,365,365,365,365,365,365,365,365,365,365,365,365,365,365,365,365,365,365,365,365,365,365,365,365,365,365,365,365,365,365,365,365,365,365,365,365,365,365,365,365,365,365,365,365,365,365,365,365,365,365,365,365,365,365,365,365,365,365,365,365,365,365,365,365,365,365,365,365,365,365,365,365,365,365,365,365,365,365,365,365,365,365,365,365,365,365,365,365,365,365,365,365,365,365,365,365,365,365,365,365,365,365,365,365,365,365,365,365,365,365,365,365,365,365,365,365,365,365,365,365,365,365,365,365,365,365,365,365,365,365,365,365,365,365,365,365,365,365,365,365,365,365,365,365,365,365,365,365,365,365,365,365,365,365,365,365,365,365,365,365,365,365,365,365,365,365,365,365,365,365,365,365,365,365,365,365,365,365,365,365,365,365,365,365,365,365,365,365,365,365,365,365,365,365,365,365,365,365,365,365,365,365,365,365,365,365,365,365,365,365,365,365
1,2000,INITIAL_VALUE,0.048291,0.000000,0.000000,0.000000,1.800496,0.927968,0.092230,0.280271,0.487412,0.011716,0.008048,2.404950,0.203271,0.226500,0.073501,0.081318,2.637520,1.840730,5.298424,4.425444,5.041571,6.247024,7.037948,7.507924,0.000400,0.000000,0.000000,0.000000,17574.750000,14379.337891,3195.627686,277.630280,14101.999023,2876.739014,247.013840,51.704788,20.105009,0.000000,4597.819824,1391.425171,474.274628,4123.703613,667.786377,209.972824,99.837601,0.000000,290.158234,75.450729,48.215302,0.000000,20744.642578,15617.087891,2580.774658,1533.823120,1014.947632,30.871479,0.012665,2.659812,37.871372,0.000000,0.000000,0.011053,0.000166,0.010887,1.037853,0.007894,0.007894,0.671168,0.000000,0.000901,0.000000,0.000000,0.000000,0.000179,0.000000,0.005491,0.000901,0.000000,0.000000,0.361193,596800.000000,4.000000,0.203443,298400.000000,2.000000,0.101721,298400.000000,2.000000,0.101721,0.000000,0.000000,0.000000,0.000000,0.000000,0.000000,216023.312500,1.447877,0.073640,298400.000000,2.000000,0.101721,12017564.000000,80.546677,4.096664,2534.881104,0.016990,0.000864,341805.031250,2.290918,0.116518,-8039616.500000,-53.884827,-2.740623,0.000000,0.000000,0.000000,0.000000,0.000000,0.000000,0.000000,0.000000,0.000000,361.578369,0.002423,0.000123,0.076365,0.000001,0.000000,32.341499,0.000217,0.000011,612.778137,0.004107,0.000209,0.000000,0.000000,0.000000,0.000000,0.000000,0.000000,0.000000,0.000000,0.000000,0.000000,0.000000,0.000000,0.000000,0.000000,51178147840.000000,41935.550781,17446.103516,42180571136.000000,34562.906250,14378.923828,8997652480.000000,7372.707520,3067.207031,0.000000,0.000000,0.000000,0.000000,0.000000,0.000000,13227057152.000000,10838.296875,4508.967773,3565026816.000000,2921.195313,1215.281006,5946581.500000,4.872650,2.027128,9855.288086,0.008075,0.003360,3424404.750000,2.805969,1.167344,108689336.000000,89.060417,37.051079,3044541.000000,2.494708,1.037853,23157.542969,0.018975,0.007894,23157.617188,0.018975,0.007894,78.838638,0.000065,0.000027,0.219251,0.000000,0.000000,197.117371,0.000162,0.000067,8285.903320,0.006789,0.002825,0.000000,0.000000,0.000000,0.000000,0.000000,0.000000,0.000000,0.000000,0.000000,0.000000,0.000000,0.000000,0.000000,0.000000,67770344.000000,460.709351,23.102213,1119778.875000,7.612365,0.381721,66650608.000000,453.097260,22.720507,0.000000,0.000000,0.000000,0.000000,0.000000,0.000000,51142152.000000,347.669281,17.433834,75499512.000000,513.252991,25.737007,2762409.500000,18.779125,0.941677,2309.814941,0.015702,0.000787,462502.593750,3.144137,0.157662,8892115.000000,60.449455,3.031230,0.000000,0.000000,0.000000,0.000000,0.000000,0.000000,0.000000,0.000000,0.000000,50.397533,0.000343,0.000017,0.012816,0.000000,0.000000,25.724575,0.000175,0.000009,742.347351,0.005047,0.000253,0.000000,0.000000,0.000000,0.000000,0.000000,0.000000,0.000000,0.000000,0.000000,0.000000,0.000000,0.000000,0.000000,0.000000,2806400.000000,4.000000,0.956673,1403200.000000,2.000000,0.478336,1403200.000000,2.000000,0.478336,0.000000,0.000000,0.000000,0.000000,0.000000,0.000000,1007295.437500,1.435712,0.343377,1403200.000000,2.000000,0.478336,61408800.000000,87.526794,20.933628,15428.326172,0.021990,0.005259,1808694.375000,2.577957,0.616565,-43388632.000000,-61.842403,-14.790738,0.000000,0.000000,0.000000,0.000000,0.000000,0.000000,0.000000,0.000000,0.000000,1927.075928,0.002747,0.000657,0.619300,0.000001,0.000000,144.593628,0.000206,0.000049,2425.921143,0.003458,0.000827,0.000000,0.000000,0.000000,0.000000,0.000000,0.000000,0.000000,0.000000,0.000000,0.000000,0.000000,0.000000,0.000000,0.000000,308726688.000000,431.664825,105.241753,14.562592,0.000020,0.000005,308726656.000000,431.664764,105.241745,0.000000,0.000000,0.000000,0.000000,0.000000,0.000000,208997536.000000,292.222504,71.245110,439515040.000000,614.534485,149.826157,8425605.000000,11.780768,2.872202,7026.982910,0.009825,0.002395,1765086.375000,2.467962,0.601700,44942232.000000,62.838692,15.320345,0.000000,0.000000,0.000000,0.000000,0.000000,0.000000,0.000000,0.000000,0.000000,224.749619,0.000314,0.000077,0.125214,0.000000,0.000000,125.238251,0.000175,0.000043,4041.745361,0.005651,0.001378,0.000000,0.000000,0.000000,0.000000,0.000000,0.000000,0.000000,0.000000,0.000000,0.000000,0.000000,0.000000,0.000000,0.000000,58630426624.000000,21041.640625,19986.509766,2224299776.000000,15121.004883,758.240967
1,2000,FINAL_VALUE,0.081920,0.000000,0.000000,0.000000,4.298785,0.653374,0.213678,0.207061,0.144283,0.002405,0.004026,1.224452,0.181669,0.148291,0.046333,0.069669,2.946949,1.765720,6.901488,5.472355,5.881975,6.848623,7.425510,7.750196,0.001262,0.000000,0.000000,0.000000,17529.023438,14339.125977,3189.695313,277.080292,14062.541992,2870.981689,247.208374,51.568371,20.032566,0.000000,4609.514160,1391.615112,476.595306,4133.071777,666.565796,210.928894,101.187286,0.000000,287.368134,75.394974,50.162331,0.000000,20998.193359,15896.061523,2565.444580,1528.807617,1008.706543,33.353310,0.012418,2.758656,40.490501,0.000000,0.000000,0.011644,0.000175,0.011469,1.242648,0.017836,0.017836,0.685195,0.000000,0.000648,0.000000,0.000000,0.000000,0.000084,0.000000,0.002196,0.000649,0.000000,0.000000,0.555256,596800.000000,4.000000,0.203443,298400.000000,2.000000,0.101721,298400.000000,2.000000,0.101721,0.000000,0.000000,0.000000,0.000000,0.000000,0.000000,212311.718750,1.423001,0.072375,298400.000000,2.000000,0.101721,13029277.000000,87.327599,4.441547,2443.443604,0.016377,0.000833,349778.531250,2.344360,0.119236,-8392256.000000,-56.248367,-2.860834,0.000000,0.000000,0.000000,0.000000,0.000000,0.000000,0.000000,0.000000,0.000000,270.407623,0.001812,0.000092,0.041506,0.000000,0.000000,16.377689,0.000110,0.000006,176.402634,0.001182,0.000060,0.000000,0.000000,0.000000,0.000000,0.000000,0.000000,0.000000,0.000000,0.000000,0.000000,0.000000,0.000000,0.000000,0.000000,51038801920.000000,41821.371094,17398.601563,42061766656.000000,34465.558594,14338.423828,8977020928.000000,7355.802246,3060.174072,0.000000,0.000000,0.000000,0.000000,0.000000,0.000000,13258815488.000000,10864.320313,4519.793945,3563066368.000000,2919.588867,1214.612671,6599205.500000,5.407412,2.249601,9805.745117,0.008035,0.003343,3582365.500000,2.935403,1.221192,116156928.000000,95.179390,39.596703,0.000000,0.000000,0.000000,0.000000,0.000000,0.000000,0.000000,0.000000,0.000000,46.786453,0.000038,0.000016,0.192169,0.000000,0.000000,68.823883,0.000056,0.000023,2936.790283,0.002406,0.001001,0.000000,0.000000,0.000000,0.000000,0.000000,0.000000,0.000000,0.000000,0.000000,0.000000,0.000000,0.000000,0.000000,0.000000,68802664.000000,467.727142,23.454121,1395959.375000,9.489866,0.475868,67406824.000000,458.238098,22.978294,0.000000,0.000000,0.000000,0.000000,0.000000,0.000000,50878008.000000,345.873627,17.343790,74425584.000000,505.952332,25.370918,2979439.750000,20.254520,1.015660,2317.812256,0.015757,0.000790,475952.750000,3.235573,0.162247,9252243.000000,62.897640,3.153995,628279.937500,4.271108,0.214174,9017.924805,0.061305,0.003074,9017.922852,0.061305,0.003074,22.546778,0.000153,0.000008,0.005495,0.000000,0.000000,10.259214,0.000070,0.000003,248.828629,0.001692,0.000085,0.000000,0.000000,0.000000,0.000000,0.000000,0.000000,0.000000,0.000000,0.000000,0.000000,0.000000,0.000000,0.000000,0.000000,2806400.000000,4.000000,0.956673,1403200.000000,2.000000,0.478336,1403200.000000,2.000000,0.478336,0.000000,0.000000,0.000000,0.000000,0.000000,0.000000,989685.437500,1.410612,0.337374,1403200.000000,2.000000,0.478336,66579708.000000,94.896957,22.696337,14962.185547,0.021326,0.005100,1865945.125000,2.659557,0.636082,-44983200.000000,-64.115166,-15.334311,0.000000,0.000000,0.000000,0.000000,0.000000,0.000000,0.000000,0.000000,0.000000,1443.433838,0.002057,0.000492,0.318193,0.000000,0.000000,79.463791,0.000113,0.000027,826.109497,0.001177,0.000282,0.000000,0.000000,0.000000,0.000000,0.000000,0.000000,0.000000,0.000000,0.000000,0.000000,0.000000,0.000000,0.000000,0.000000,312493888.000000,436.932190,106.525955,1326238.875000,1.854361,0.452101,311167776.000000,435.077972,106.073898,0.000000,0.000000,0.000000,0.000000,0.000000,0.000000,211807232.000000,296.151031,72.202904,443100192.000000,619.547241,151.048309,8656134.000000,12.103096,2.950787,6901.787598,0.009650,0.002353,1818411.375000,2.542521,0.619878,46745188.000000,65.359604,15.934954,3017031.000000,4.218444,1.028475,43304.582031,0.060549,0.014762,43304.515625,0.060549,0.014762,119.182182,0.000167,0.000041,0.093610,0.000000,0.000000,71.640427,0.000100,0.000024,2254.269531,0.003152,0.000768,0.000000,0.000000,0.000000,0.000000,0.000000,0.000000,0.000000,0.000000,0.000000,0.000000,0.000000,0.000000,0.000000,0.000000,59367784448.000000,21306.267578,20237.867188,2231164672.000000,15167.671875,760.581055
1,2000,ANNUAL_DELTA,0.033629,0.000000,0.000000,0.000000,2.498289,-0.274595,0.121449,-0.073211,-0.343128,-0.009312,-0.004022,-1.180498,-0.021602,-0.078209,-0.027168,-0.011649,0.309429,-0.075010,1.603064,1.046912,0.840404,0.601599,0.387563,0.242272,0.000862,0.000000,0.000000,0.000000,-45.726563,-40.211914,-5.932373,-0.549988,-39.457031,-5.757324,0.194534,-0.136417,-0.072443,0.000000,11.694336,0.189941,2.320679,9.368164,-1.220581,0.956070,1.349686,0.000000,-2.790100,-0.055756,1.947029,0.000000,253.550781,278.973633,-15.330078,-5.015503,-6.241089,2.481831,-0.000247,0.098844,2.619129,0.000000,0.000000,0.000591,0.000009,0.000582,0.204795,0.009942,0.009942,0.014027,0.000000,-0.000252,0.000000,-0.000000,0.000000,-0.000095,0.000000,-0.003295,-0.000252,0.000000,0.000000,0.194063,0.000000,0.000000,0.000000,0.000000,0.000000,0.000000,0.000000,0.000000,0.000000,0.000000,0.000000,0.000000,0.000000,0.000000,0.000000,-3711.593750,-0.024877,-0.001265,0.000000,0.000000,0.000000,1011713.000000,6.780922,0.344883,-91.437500,-0.000613,-0.000031,7973.500000,0.053442,0.002718,-352639.500000,-2.363541,-0.120211,0.000000,0.000000,0.000000,0.000000,0.000000,0.000000,0.000000,0.000000,0.000000,-91.170746,-0.000611,-0.000031,-0.034859,-0.000000,-0.000000,-15.963810,-0.000107,-0.000005,-436.375504,-0.002925,-0.000149,0.000000,0.000000,0.000000,0.000000,0.000000,0.000000,0.000000,0.000000,0.000000,0.000000,0.000000,0.000000,0.000000,0.000000,-139345920.000000,-114.179688,-47.501953,-118804480.000000,-97.347656,-40.500000,-20631552.000000,-16.905273,-7.032959,0.000000,0.000000,0.000000,0.000000,0.000000,0.000000,31758336.000000,26.023438,10.826172,-1960448.000000,-1.606445,-0.668335,652624.000000,0.534762,0.222473,-49.542969,-0.000041,-0.000017,157960.750000,0.129434,0.053847,7467592.000000,6.118973,2.545624,-3044541.000000,-2.494708,-1.037853,-23157.542969,-0.018975,-0.007894,-23157.617188,-0.018975,-0.007894,-32.052185,-0.000026,-0.000011,-0.027082,-0.000000,-0.000000,-128.293488,-0.000105,-0.000044,-5349.113037,-0.004383,-0.001823,0.000000,0.000000,0.000000,0.000000,0.000000,0.000000,0.000000,0.000000,0.000000,0.000000,0.000000,0.000000,0.000000,0.000000,1032320.000000,7.017792,0.351908,276180.500000,1.877501,0.094147,756216.000000,5.140839,0.257788,0.000000,0.000000,0.000000,0.000000,0.000000,0.000000,-264144.000000,-1.795654,-0.090044,-1073928.000000,-7.300659,-0.366089,217030.250000,1.475395,0.073983,7.997314,0.000054,0.000003,13450.156250,0.091435,0.004585,360128.000000,2.448185,0.122764,628279.937500,4.271108,0.214174,9017.924805,0.061305,0.003074,9017.922852,0.061305,0.003074,-27.850756,-0.000189,-0.000009,-0.007322,-0.000000,-0.000000,-15.465361,-0.000105,-0.000005,-493.518723,-0.003355,-0.000168,0.000000,0.000000,0.000000,0.000000,0.000000,0.000000,0.000000,0.000000,0.000000,0.000000,0.000000,0.000000,0.000000,0.000000,0.000000,0.000000,0.000000,0.000000,0.000000,0.000000,0.000000,0.000000,0.000000,0.000000,0.000000,0.000000,0.000000,0.000000,0.000000,-17610.000000,-0.025100,-0.006003,0.000000,0.000000,0.000000,5170908.000000,7.370163,1.762709,-466.140625,-0.000664,-0.000159,57250.750000,0.081600,0.019516,-1594568.000000,-2.272762,-0.543572,0.000000,0.000000,0.000000,0.000000,0.000000,0.000000,0.000000,0.000000,0.000000,-483.642090,-0.000689,-0.000165,-0.301107,-0.000000,-0.000000,-65.129837,-0.000093,-0.000022,-1599.811646,-0.002280,-0.000545,0.000000,0.000000,0.000000,0.000000,0.000000,0.000000,0.000000,0.000000,0.000000,0.000000,0.000000,0.000000,0.000000,0.000000,3767200.000000,5.267365,1.284203,1326224.312408,1.854340,0.452096,2441120.000000,3.413208,0.832153,0.000000,0.000000,0.000000,0.000000,0.000000,0.000000,2809696.000000,3.928528,0.957794,3585152.000000,5.012756,1.222153,230529.000000,0.322328,0.078585,-125.195313,-0.000175,-0.000043,53325.000000,0.074560,0.018178,1802956.000000,2.520912,0.614609,3017031.000000,4.218444,1.028475,43304.582031,0.060549,0.014762,43304.515625,0.060549,0.014762,-105.567436,-0.000148,-0.000036,-0.031604,-0.000000,-0.000000,-53.597824,-0.000075,-0.000018,-1787.475830,-0.002499,-0.000609,0.000000,0.000000,0.000000,0.000000,0.000000,0.000000,0.000000,0.000000,0.000000,0.000000,0.000000,0.000000,0.000000,0.000000,737357824.000000,264.626953,251.357422,6864896.000000,46.666992,2.340088
1,2000,MIN_VALUE,0.000000,0.000000,0.000000,0.000000,0.000000,0.087249,0.000041,0.043723,0.035922,0.002359,0.004026,0.211147,0.081822,0.078830,0.043232,0.069282,1.881543,0.854611,0.549863,2.209024,4.552778,6.060172,6.924345,7.439274,0.000000,0.000000,0.000000,0.000000,17529.023438,14339.125977,3189.695313,277.080292,14062.541992,2870.981689,247.013840,51.568371,20.032566,0.000000,4399.857910,1264.755859,428.060120,3971.334961,632.065796,205.179932,98.902344,0.000000,218.122528,64.448753,45.706280,0.000000,20744.642578,15617.087891,2565.444580,1528.807617,1008.706543,30.871479,0.012418,2.659812,37.871372,0.000000,0.000000,0.009610,0.000144,0.009466,0.000000,0.000000,0.000000,0.119026,0.000000,0.000280,0.000000,0.000000,0.000000,0.000032,0.000000,0.000805,0.000281,0.000000,0.000000,-0.691765,596800.000000,4.000000,0.203443,298400.000000,2.000000,0.101721,298400.000000,2.000000,0.101721,0.000000,0.000000,0.000000,0.000000,0.000000,0.000000,212311.718750,1.423001,0.072375,298400.000000,2.000000,0.101721,11971826.000000,80.240120,4.081072,2443.443604,0.016377,0.000833,339781.843750,2.277358,0.115828,-8440145.000000,-56.569332,-2.877159,0.000000,0.000000,0.000000,0.000000,0.000000,0.000000,0.000000,0.000000,0.000000,110.358307,0.000740,0.000038,0.030864,0.000000,0.000000,6.750234,0.000045,0.000002,82.001678,0.000550,0.000028,0.000000,0.000000,0.000000,0.000000,0.000000,0.000000,0.000000,0.000000,0.000000,0.000000,0.000000,0.000000,0.000000,0.000000,51038801920.000000,41821.371094,17398.601563,42061766656.000000,34465.558594,14338.423828,8977020928.000000,7355.802246,3060.174072,0.000000,0.000000,0.000000,0.000000,0.000000,0.000000,12647708672.000000,10363.576172,4311.474121,3345455104.000000,2741.277344,1140.431274,5615011.500000,4.600960,1.914100,9788.199219,0.008020,0.003337,3424404.750000,2.805969,1.167344,108689336.000000,89.060417,37.051079,0.000000,0.000000,0.000000,0.000000,0.000000,0.000000,0.000000,0.000000,0.000000,18.476429,0.000015,0.000006,0.184664,0.000000,0.000000,15.764334,0.000013,0.000005,698.558350,0.000572,0.000238,0.000000,0.000000,0.000000,0.000000,0.000000,0.000000,0.000000,0.000000,0.000000,0.000000,0.000000,0.000000,0.000000,0.000000,67770336.000000,460.709290,23.102211,1119778.875000,7.612365,0.381721,66650608.000000,453.097260,22.720507,0.000000,0.000000,0.000000,0.000000,0.000000,0.000000,34541860.000000,234.818893,11.774965,55380032.000000,376.478790,18.878483,2657325.500000,18.064754,0.905855,2281.396973,0.015509,0.000778,458398.093750,3.116235,0.156263,8732896.000000,59.367069,2.976954,0.000000,0.000000,0.000000,0.000000,0.000000,0.000000,0.000000,0.000000,0.000000,0.536320,0.000004,0.000000,0.004356,0.000000,0.000000,0.126495,0.000001,0.000000,4.362587,0.000030,0.000001,0.000000,0.000000,0.000000,0.000000,0.000000,0.000000,0.000000,0.000000,0.000000,0.000000,0.000000,0.000000,0.000000,0.000000,2806400.000000,4.000000,0.956673,1403200.000000,2.000000,0.478336,1403200.000000,2.000000,0.478336,0.000000,0.000000,0.000000,0.000000,0.000000,0.000000,989685.437500,1.410612,0.337374,1403200.000000,2.000000,0.478336,61297892.000000,87.368721,20.895823,14962.185547,0.021326,0.005100,1808694.375000,2.577957,0.616565,-45155292.000000,-64.360451,-15.392975,0.000000,0.000000,0.000000,0.000000,0.000000,0.000000,0.000000,0.000000,0.000000,653.331360,0.000931,0.000223,0.243077,0.000000,0.000000,36.784191,0.000052,0.000013,418.195404,0.000596,0.000143,0.000000,0.000000,0.000000,0.000000,0.000000,0.000000,0.000000,0.000000,0.000000,0.000000,0.000000,0.000000,0.000000,0.000000,308726688.000000,431.664825,105.241753,10.674147,0.000015,0.000004,308726656.000000,431.664764,105.241745,0.000000,0.000000,0.000000,0.000000,0.000000,0.000000,168620784.000000,235.767319,57.481094,261924768.000000,366.225922,89.287460,7077293.000000,9.895544,2.412576,6882.766113,0.009624,0.002346,1765086.375000,2.467962,0.601700,44942232.000000,62.838692,15.320345,0.000000,0.000000,0.000000,0.000000,0.000000,0.000000,0.000000,0.000000,0.000000,30.543056,0.000043,0.000010,0.087942,0.000000,0.000000,29.747776,0.000042,0.000010,1034.465454,0.001446,0.000353,0.000000,0.000000,0.000000,0.000000,0.000000,0.000000,0.000000,0.000000,0.000000,0.000000,0.000000,0.000000,0.000000,0.000000,58630426624.000000,21041.640625,19986.509766,2224299776.000000,15121.004883,758.240967
1,2000,MIN_VALUE_JDAY,6.000000,1.000000,1.000000,1.000000,6.000000,272.000000,272.000000,272.000000,273.000000,332.000000,366.000000,272.000000,272.000000,273.000000,292.000000,289.000000,346.000000,272.000000,346.000000,346.000000,349.000000,13.000000,13.000000,13.000000,6.000000,1.000000,1.000000,1.000000,366.000000,366.000000,366.000000,366.000000,366.000000,366.000000,1.000000,366.000000,366.000000,1.000000,349.000000,262.000000,314.000000,349.000000,262.000000,262.000000,349.000000,1.000000,262.000000,262.000000,349.000000,1.000000,1.000000,1.000000,366.000000,366.000000,366.000000,1.000000,366.000000,1.000000,1.000000,1.000000,1.000000,348.000000,348.000000,348.000000,350.000000,350.000000,350.000000,213.000000,1.000000,230.000000,1.000000,273.000000,1.000000,273.000000,1.000000,273.000000,230.000000,1.000000,1.000000,362.000000,1.000000,1.000000,1.000000,1.000000,1.000000,1.000000,1.000000,1.000000,1.000000,1.000000,1.000000,1.000000,1.000000,1.000000,1.000000,366.000000,366.000000,366.000000,1.000000,1.000000,1.000000,81.000000,81.000000,81.000000,366.000000,366.000000,366.000000,104.000000,104.000000,104.000000,310.000000,310.000000,310.000000,1.000000,1.000000,1.000000,1.000000,1.000000,1.000000,1.000000,1.000000,1.000000,273.000000,273.000000,273.000000,287.000000,287.000000,287.000000,273.000000,273.000000,273.000000,289.000000,289.000000,289.000000,1.000000,1.000000,1.000000,1.000000,1.000000,1.000000,1.000000,1.000000,1.000000,1.000000,1.000000,1.000000,1.000000,1.000000,366.000000,366.000000,366.000000,366.000000,366.000000,366.000000,366.000000,366.000000,366.000000,1.000000,1.000000,1.000000,1.000000,1.000000,1.000000,349.000000,349.000000,349.000000,349.000000,349.000000,349.000000,144.000000,144.000000,144.000000,197.000000,197.000000,197.000000,1.000000,1.000000,1.000000,1.000000,1.000000,1.000000,350.000000,350.000000,350.000000,350.000000,350.000000,350.000000,350.000000,350.000000,350.000000,231.000000,231.000000,231.000000,232.000000,232.000000,232.000000,231.000000,231.000000,231.000000,231.000000,231.000000,231.000000,1.000000,1.000000,1.000000,1.000000,1.000000,1.000000,1.000000,1.000000,1.000000,1.000000,1.000000,1.000000,1.000000,1.000000,2.000000,2.000000,2.000000,1.000000,1.000000,1.000000,1.000000,1.000000,1.000000,1.000000,1.000000,1.000000,1.000000,1.000000,1.000000,262.000000,262.000000,262.000000,262.000000,262.000000,262.000000,184.000000,184.000000,184.000000,199.000000,199.000000,199.000000,107.000000,107.000000,107.000000,101.000000,101.000000,101.000000,1.000000,1.000000,1.000000,1.000000,1.000000,1.000000,1.000000,1.000000,1.000000,273.000000,273.000000,273.000000,290.000000,290.000000,290.000000,273.000000,273.000000,273.000000,273.000000,273.000000,273.000000,1.000000,1.000000,1.000000,1.000000,1.000000,1.000000,1.000000,1.000000,1.000000,1.000000,1.000000,1.000000,1.000000,1.000000,1.000000,1.000000,1.000000,1.000000,1.000000,1.000000,1.000000,1.000000,1.000000,1.000000,1.000000,1.000000,1.000000,1.000000,1.000000,366.000000,366.000000,366.000000,1.000000,1.000000,1.000000,69.000000,69.000000,69.000000,366.000000,366.000000,366.000000,1.000000,1.000000,1.000000,311.000000,311.000000,311.000000,1.000000,1.000000,1.000000,1.000000,1.000000,1.000000,1.000000,1.000000,1.000000,230.000000,230.000000,230.000000,272.000000,272.000000,272.000000,272.000000,272.000000,272.000000,273.000000,273.000000,273.000000,1.000000,1.000000,1.000000,1.000000,1.000000,1.000000,1.000000,1.000000,1.000000,1.000000,1.000000,1.000000,1.000000,1.000000,1.000000,1.000000,1.000000,365.000000,365.000000,365.000000,1.000000,1.000000,1.000000,1.000000,1.000000,1.000000,1.000000,1.000000,1.000000,152.000000,152.000000,152.000000,262.000000,262.000000,262.000000,262.000000,262.000000,262.000000,262.000000,262.000000,262.000000,1.000000,1.000000,1.000000,1.000000,1.000000,1.000000,1.000000,1.000000,1.000000,1.000000,1.000000,1.000000,1.000000,1.000000,1.000000,229.000000,229.000000,229.000000,272.000000,272.000000,272.000000,272.000000,272.000000,272.000000,272.000000,272.000000,272.000000,1.000000,1.000000,1.000000,1.000000,1.000000,1.000000,1.000000,1.000000,1.000000,1.000000,1.000000,1.000000,1.000000,1.000000,1.000000,1.000000,1.000000,1.000000,1.000000,1.000000
1,2000,MAX_VALUE,0.682498,0.000000,0.000000,0.000000,29.691925,2.604925,1.477669,0.798368,0.621745,0.012220,0.008048,3.067094,0.247083,0.235955,0.078704,0.081378,8.799755,3.772852,23.896990,20.136911,14.928934,11.784931,10.185660,9.330161,0.005800,0.000000,0.000000,0.000000,17875.099609,14556.866211,3339.837891,344.122681,14229.808594,2921.995605,331.275513,62.852581,24.559872,0.000000,4609.514160,1391.615112,476.595306,4133.071777,667.786377,210.928894,101.187286,0.000000,290.158234,75.450729,50.162331,0.000000,20998.193359,15896.061523,2580.774658,1533.823120,1014.947632,33.358616,0.012665,2.758656,40.490501,0.000000,0.000000,0.028398,0.000426,0.027973,5.934031,0.078496,0.078496,1.129305,0.000000,0.001372,0.000000,0.000000,0.000000,0.000254,0.000000,0.007845,0.001373,0.000000,0.000000,4.818093,596800.000000,4.000000,0.203443,298400.000000,2.000000,0.101721,298400.000000,2.000000,0.101721,0.000000,0.000000,0.000000,0.000000,0.000000,0.000000,216023.312500,1.447877,0.073640,298400.000000,2.000000,0.101721,13029277.000000,87.327599,4.441547,2534.881104,0.016990,0.000864,349950.656250,2.345514,0.119295,-7908156.000000,-53.003727,-2.695809,0.000000,0.000000,0.000000,0.000000,0.000000,0.000000,0.000000,0.000000,0.000000,558.008179,0.003740,0.000190,0.083138,0.000001,0.000000,41.418613,0.000278,0.000014,671.135681,0.004498,0.000229,0.000000,0.000000,0.000000,0.000000,0.000000,0.000000,0.000000,0.000000,0.000000,0.000000,0.000000,0.000000,0.000000,0.000000,51897528320.000000,42525.015625,17691.333984,42694094848.000000,34983.691406,14553.978516,9203384320.000000,7541.285645,3137.339355,0.000000,0.000000,0.000000,0.000000,0.000000,0.000000,13258815488.000000,10864.320313,4519.793945,3565026816.000000,2921.195313,1215.281006,6599205.500000,5.407412,2.249601,9855.288086,0.008075,0.003360,3582365.500000,2.935403,1.221192,116156928.000000,95.179390,39.596703,5438861.500000,4.456622,1.854052,41369.683594,0.033898,0.014102,41369.562500,0.033898,0.014102,121.126198,0.000099,0.000041,0.221245,0.000000,0.000000,306.101196,0.000251,0.000104,13157.893555,0.010782,0.004485,0.000000,0.000000,0.000000,0.000000,0.000000,0.000000,0.000000,0.000000,0.000000,0.000000,0.000000,0.000000,0.000000,0.000000,115823024.000000,787.376099,39.482880,22242816.000000,151.208801,7.582347,93580272.000000,636.167725,31.900555,0.000000,0.000000,0.000000,0.000000,0.000000,0.000000,51142152.000000,347.669281,17.433834,75499512.000000,513.252991,25.737007,3164927.250000,21.515480,1.078891,2360.722412,0.016048,0.000805,475952.750000,3.235573,0.162247,9252243.000000,62.897640,3.153995,1632553.375000,11.098255,0.556521,23432.658203,0.159297,0.007988,23432.648438,0.159297,0.007988,83.633781,0.000569,0.000029,0.019989,0.000000,0.000000,39.425007,0.000268,0.000013,1055.649414,0.007176,0.000360,0.000000,0.000000,0.000000,0.000000,0.000000,0.000000,0.000000,0.000000,0.000000,0.000000,0.000000,0.000000,0.000000,0.000000,2806400.000000,4.000000,0.956673,1403200.000000,2.000000,0.478336,1403200.000000,2.000000,0.478336,0.000000,0.000000,0.000000,0.000000,0.000000,0.000000,1007295.437500,1.435712,0.343377,1403200.000000,2.000000,0.478336,66579708.000000,94.896957,22.696337,15428.326172,0.021990,0.005259,1866076.500000,2.659744,0.636126,-42683520.000000,-60.837402,-14.550374,0.000000,0.000000,0.000000,0.000000,0.000000,0.000000,0.000000,0.000000,0.000000,2909.447754,0.004147,0.000992,0.646706,0.000001,0.000000,181.064148,0.000258,0.000062,2640.225342,0.003763,0.000900,0.000000,0.000000,0.000000,0.000000,0.000000,0.000000,0.000000,0.000000,0.000000,0.000000,0.000000,0.000000,0.000000,0.000000,584996480.000000,817.948059,199.419281,84361576.000000,117.955223,28.757994,545505472.000000,762.731323,185.957199,0.000000,0.000000,0.000000,0.000000,0.000000,0.000000,214971632.000000,300.575531,73.281616,443572960.000000,620.208252,151.209457,10426741.000000,14.578777,3.554369,7085.600098,0.009907,0.002415,1818411.375000,2.542521,0.619878,46755724.000000,65.374336,15.938546,13238939.000000,18.510820,4.513018,190023.859375,0.265693,0.064777,190023.484375,0.265693,0.064777,382.130402,0.000534,0.000130,0.157281,0.000000,0.000000,183.528397,0.000257,0.000063,5750.127930,0.008040,0.001960,0.000000,0.000000,0.000000,0.000000,0.000000,0.000000,3492109.500000,4.882703,1.190424,7152.000000,87044.875000,0.121707,0.029673,7152.000000,59367784448.000000,21306.267578,20237.867188,2231164672.000000,15167.671875,760.581055
1,2000,MAX_VALUE_JDAY,331.000000,1.000000,1.000000,1.000000,331.000000,32.000000,331.000000,64.000000,18.000000,81.000000,1.000000,17.000000,64.000000,17.000000,80.000000,18.000000,180.000000,180.000000,180.000000,180.000000,218.000000,213.000000,213.000000,213.000000,331.000000,1.000000,1.000000,1.000000,258.000000,349.000000,262.000000,182.000000,349.000000,262.000000,262.000000,262.000000,349.000000,1.000000,366.000000,366.000000,366.000000,366.000000,1.000000,366.000000,366.000000,1.000000,1.000000,1.000000,366.000000,1.000000,366.000000,366.000000,1.000000,1.000000,1.000000,365.000000,1.000000,366.000000,366.000000,1.000000,1.000000,180.000000,180.000000,180.000000,143.000000,143.000000,143.000000,142.000000,1.000000,65.000000,1.000000,17.000000,1.000000,15.000000,1.000000,15.000000,65.000000,1.000000,1.000000,143.000000,1.000000,1.000000,1.000000,1.000000,1.000000,1.000000,1.000000,1.000000,1.000000,1.000000,1.000000,1.000000,1.000000,1.000000,1.000000,1.000000,1.000000,1.000000,1.000000,1.000000,1.000000,366.000000,366.000000,366.000000,1.000000,1.000000,1.000000,338.000000,338.000000,338.000000,85.000000,85.000000,85.000000,1.000000,1.000000,1.000000,1.000000,1.000000,1.000000,1.000000,1.000000,1.000000,66.000000,66.000000,66.000000,18.000000,18.000000,18.000000,17.000000,17.000000,17.000000,19.000000,19.000000,19.000000,1.000000,1.000000,1.000000,1.000000,1.000000,1.000000,1.000000,1.000000,1.000000,1.000000,1.000000,1.000000,1.000000,1.000000,349.000000,349.000000,349.000000,349.000000,349.000000,349.000000,349.000000,349.000000,349.000000,1.000000,1.000000,1.000000,1.000000,1.000000,1.000000,366.000000,366.000000,366.000000,1.000000,1.000000,1.000000,366.000000,366.000000,366.000000,1.000000,1.000000,1.000000,366.000000,366.000000,366.000000,366.000000,366.000000,366.000000,294.000000,294.000000,294.000000,294.000000,294.000000,294.000000,294.000000,294.000000,294.000000,15.000000,15.000000,15.000000,16.000000,16.000000,16.000000,15.000000,15.000000,15.000000,15.000000,15.000000,15.000000,1.000000,1.000000,1.000000,1.000000,1.000000,1.000000,1.000000,1.000000,1.000000,1.000000,1.000000,1.000000,1.000000,1.000000,262.000000,262.000000,262.000000,262.000000,262.000000,262.000000,262.000000,262.000000,262.000000,1.000000,1.000000,1.000000,1.000000,1.000000,1.000000,1.000000,1.000000,1.000000,1.000000,1.000000,1.000000,136.000000,136.000000,136.000000,136.000000,136.000000,136.000000,366.000000,366.000000,366.000000,366.000000,366.000000,366.000000,150.000000,150.000000,150.000000,150.000000,150.000000,150.000000,150.000000,150.000000,150.000000,65.000000,65.000000,65.000000,65.000000,65.000000,65.000000,15.000000,15.000000,15.000000,15.000000,15.000000,15.000000,1.000000,1.000000,1.000000,1.000000,1.000000,1.000000,1.000000,1.000000,1.000000,1.000000,1.000000,1.000000,1.000000,1.000000,1.000000,1.000000,1.000000,1.000000,1.000000,1.000000,1.000000,1.000000,1.000000,1.000000,1.000000,1.000000,1.000000,1.000000,1.000000,1.000000,1.000000,1.000000,1.000000,1.000000,1.000000,366.000000,366.000000,366.000000,1.000000,1.000000,1.000000,339.000000,339.000000,339.000000,89.000000,89.000000,89.000000,1.000000,1.000000,1.000000,1.000000,1.000000,1.000000,1.000000,1.000000,1.000000,65.000000,65.000000,65.000000,17.000000,17.000000,17.000000,17.000000,17.000000,17.000000,19.000000,19.000000,19.000000,1.000000,1.000000,1.000000,1.000000,1.000000,1.000000,1.000000,1.000000,1.000000,1.000000,1.000000,1.000000,1.000000,1.000000,258.000000,258.000000,258.000000,166.000000,166.000000,166.000000,262.000000,262.000000,262.000000,1.000000,1.000000,1.000000,1.000000,1.000000,1.000000,259.000000,259.000000,259.000000,365.000000,365.000000,365.000000,136.000000,136.000000,136.000000,135.000000,135.000000,135.000000,366.000000,366.000000,366.000000,291.000000,291.000000,291.000000,143.000000,143.000000,143.000000,143.000000,143.000000,143.000000,143.000000,143.000000,143.000000,65.000000,65.000000,65.000000,65.000000,65.000000,65.000000,65.000000,65.000000,65.000000,15.000000,15.000000,15.000000,1.000000,1.000000,1.000000,1.000000,1.000000,1.000000,122.000000,122.000000,122.000000,122.000000,167.000000,167.000000,167.000000,61.000000,366.000000,366.000000,366.000000,366.000000,366.000000,366.000000
1,2000,ANNUAL_SUM,18.452744,0.000000,0.000000,0.000000,731.109007,208.149156,38.187539,79.682745,67.472591,2.257011,2.096526,449.758971,58.016983,52.724270,22.476012,27.311530,1525.313971,715.011658,4106.647965,3817.256033,3544.161406,3282.781211,3154.343763,3087.277155,0.163692,0.000000,0.000000,0.000000,6502093.875000,5304627.158203,1197522.064209,115653.745972,5188956.692383,1061377.111572,106141.128311,21639.640606,8349.068632,0.000000,1643107.282227,482795.974121,162905.176819,1480255.598877,237095.572510,75697.756409,36355.327072,0.000000,91571.087814,24942.443428,17130.815338,0.000000,7636195.455078,5764159.509766,941746.165283,560449.433838,370330.497437,11622.116251,4.582038,991.184256,14373.699207,0.000000,0.000000,6.614064,0.099211,6.514853,407.837917,4.192807,4.192805,261.104608,0.000000,0.226467,0.000000,0.000095,0.000000,0.033665,0.000000,0.940445,0.226562,0.000000,0.000000,145.792864,218428800.000000,1464.000000,74.460135,109214400.000000,732.000000,37.230067,109214400.000000,732.000000,37.230067,0.000000,0.000000,0.000000,0.000000,0.000000,0.000000,78408461.031250,525.525879,26.728639,109214400.000000,732.000000,37.230067,4544397516.000000,30458.428368,1549.138407,908007.519775,6.085841,0.309530,125853525.062500,843.522287,42.902173,-2987883089.500000,-20026.026039,-1018.538636,0.000000,0.000000,0.000000,0.000000,0.000000,0.000000,0.000000,0.000000,0.000000,89167.216072,0.597635,0.030396,17.651157,0.000118,0.000006,6271.933452,0.042037,0.002138,91107.013885,0.610637,0.031057,0.000000,0.000000,0.000000,0.000000,0.000000,0.000000,0.000000,0.000000,0.000000,0.000000,0.000000,0.000000,0.000000,0.000000,18887142588416.000000,15476190.234375,6438432.783203,15549227905024.000000,12741091.382813,5300571.968750,3337898807296.000000,2735085.882813,1137855.397461,0.000000,0.000000,0.000000,0.000000,0.000000,0.000000,4731073124352.000000,3876657.752930,1612774.201172,1260653223680.000000,1032983.633545,429743.727417,2192223166.000000,1796.315276,747.306346,3588960.287109,2.940807,1.223440,1282349705.500000,1050.761803,437.139834,41105083016.000000,33681.647888,14012.300327,722190170.125000,591.765134,246.187207,5493192.876465,4.501141,1.872573,5493193.932739,4.501142,1.872573,15565.718742,0.012755,0.005306,73.248644,0.000060,0.000025,30028.908808,0.024606,0.010237,1273461.335510,1.043479,0.434110,0.000000,0.000000,0.000000,0.000000,0.000000,0.000000,0.000000,0.000000,0.000000,0.000000,0.000000,0.000000,0.000000,0.000000,32274208816.000000,219403.187744,11001.946068,3684204935.375000,25045.580811,1255.907596,28590012756.000000,194357.665527,9746.041424,0.000000,0.000000,0.000000,0.000000,0.000000,0.000000,15710165736.000000,106799.223373,5355.434033,23672984668.000000,160931.235443,8069.877186,1047902437.000000,7123.741926,357.219171,846715.586426,5.756054,0.288637,169991475.500000,1155.618460,57.948347,3266569628.000000,22206.455704,1113.540015,48680981.233826,330.938005,16.594846,698736.549842,4.750079,0.238192,698736.689002,4.750079,0.238192,8788.625162,0.059746,0.002996,3.333439,0.000023,0.000001,3952.164130,0.026867,0.001347,104379.029339,0.709579,0.035582,0.000000,0.000000,0.000000,0.000000,0.000000,0.000000,0.000000,0.000000,0.000000,0.000000,0.000000,0.000000,0.000000,0.000000,1027142400.000000,1464.000000,350.142284,513571200.000000,732.000000,175.071142,513571200.000000,732.000000,175.071142,0.000000,0.000000,0.000000,0.000000,0.000000,0.000000,365589821.562500,521.080133,124.625813,513571200.000000,732.000000,175.071142,23251842676.000000,33141.166824,7926.314171,5547547.778320,7.906995,1.891102,671146847.375000,956.594707,228.787062,-16057189828.000000,-22886.530418,-5473.730970,0.000000,0.000000,0.000000,0.000000,0.000000,0.000000,0.000000,0.000000,0.000000,501707.301270,0.715090,0.171027,143.475849,0.000204,0.000049,30645.709484,0.043680,0.010447,396793.881104,0.565556,0.135263,0.000000,0.000000,0.000000,0.000000,0.000000,0.000000,0.000000,0.000000,0.000000,0.000000,0.000000,0.000000,0.000000,0.000000,154093143424.000000,215454.622375,52528.769585,8141865527.807524,11384.040148,2775.478280,145951248384.000000,204070.536713,49753.280197,0.000000,0.000000,0.000000,0.000000,0.000000,0.000000,73083581200.000000,102186.215073,24913.441647,131326081392.000000,183621.478668,44767.711395,3057749421.500000,4275.376713,1042.355353,2551189.971191,3.567100,0.869674,658293941.750000,920.433364,224.405639,16838670404.000000,23544.002254,5740.129684,425521375.145508,594.968365,145.055864,6107669.647354,8.539807,2.082042,6107669.314346,8.539806,2.082042,49114.651253,0.068673,0.016743,40.157942,0.000056,0.000014,27857.531914,0.038951,0.009496,893051.888672,1.248674,0.304432,0.000000,0.000000,0.000000,0.000000,0.000000,0.000000,13968438.000000,19.530813,4.761697,28608.000000,515776.301270,0.721164,0.175823,100128.000000,21585593159680.000000,7746767.580078,7358306.847656,815403273984.000000,5543190.166016,277962.595398
1,2000,ANNUAL_AVERAGE,0.050417,0.000000,0.000000,0.000000,1.997566,0.568714,0.104338,0.217712,0.184351,0.006167,0.005728,1.228850,0.158516,0.144055,0.061410,0.074622,4.167525,1.953584,11.220350,10.429661,9.683501,8.969348,8.618426,8.435183,0.000447,0.000000,0.000000,0.000000,17765.283811,14493.516826,3271.918208,315.993841,14177.477302,2899.937463,290.003083,59.124701,22.811663,0.000000,4489.364159,1319.114683,445.096112,4044.414205,647.802111,206.824471,99.331495,0.000000,250.194229,68.148753,46.805506,0.000000,20863.922008,15749.069699,2573.076954,1531.282606,1011.831960,31.754416,0.012519,2.708154,39.272402,0.000000,0.000000,0.018071,0.000271,0.017800,1.114311,0.011456,0.011456,0.713401,0.000000,0.000619,0.000000,0.000000,0.000000,0.000092,0.000000,0.002570,0.000619,0.000000,0.000000,0.398341,596800.000000,4.000000,0.203443,298400.000000,2.000000,0.101721,298400.000000,2.000000,0.101721,0.000000,0.000000,0.000000,0.000000,0.000000,0.000000,214230.767845,1.435863,0.073029,298400.000000,2.000000,0.101721,12416386.655738,83.219750,4.232619,2480.894863,0.016628,0.000846,343862.090335,2.304706,0.117219,-8163614.998634,-54.715918,-2.782892,0.000000,0.000000,0.000000,0.000000,0.000000,0.000000,0.000000,0.000000,0.000000,243.626273,0.001633,0.000083,0.048227,0.000000,0.000000,17.136430,0.000115,0.000006,248.926267,0.001668,0.000085,0.000000,0.000000,0.000000,0.000000,0.000000,0.000000,0.000000,0.000000,0.000000,0.000000,0.000000,0.000000,0.000000,0.000000,51604214722.448090,42284.672772,17591.346402,42484229248.699455,34811.725090,14482.437073,9119942096.437159,7472.912248,3108.894529,0.000000,0.000000,0.000000,0.000000,0.000000,0.000000,12926429301.508196,10591.961074,4406.486888,3444407714.972678,2822.359654,1174.163190,5989680.781421,4.907965,2.041821,9805.902424,0.008035,0.003343,3503687.719945,2.870934,1.194371,112308969.989071,92.026360,38.284974,1973197.186134,1.616845,0.672643,15008.723706,0.012298,0.005116,15008.726592,0.012298,0.005116,42.529286,0.000035,0.000014,0.200133,0.000000,0.000000,82.046199,0.000067,0.000028,3479.402556,0.002851,0.001186,0.000000,0.000000,0.000000,0.000000,0.000000,0.000000,0.000000,0.000000,0.000000,0.000000,0.000000,0.000000,0.000000,0.000000,88180898.404372,599.462262,30.059962,10066133.703210,68.430549,3.431442,78114788.950820,531.031873,26.628528,0.000000,0.000000,0.000000,0.000000,0.000000,0.000000,42923950.098361,291.801157,14.632333,64680285.978142,439.702829,22.048845,2863121.412568,19.463776,0.976009,2313.430564,0.015727,0.000789,464457.583333,3.157427,0.158329,8925053.628415,60.673376,3.042459,133008.145448,0.904202,0.045341,1909.116256,0.012978,0.000651,1909.116637,0.012978,0.000651,24.012637,0.000163,0.000008,0.009108,0.000000,0.000000,10.798263,0.000073,0.000004,285.188605,0.001939,0.000097,0.000000,0.000000,0.000000,0.000000,0.000000,0.000000,0.000000,0.000000,0.000000,0.000000,0.000000,0.000000,0.000000,0.000000,2806400.000000,4.000000,0.956673,1403200.000000,2.000000,0.478336,1403200.000000,2.000000,0.478336,0.000000,0.000000,0.000000,0.000000,0.000000,0.000000,998879.293887,1.423716,0.340508,1403200.000000,2.000000,0.478336,63529624.797814,90.549636,21.656596,15157.234367,0.021604,0.005167,1833734.555669,2.613647,0.625101,-43872103.355191,-62.531504,-14.955549,0.000000,0.000000,0.000000,0.000000,0.000000,0.000000,0.000000,0.000000,0.000000,1370.784976,0.001954,0.000467,0.392011,0.000001,0.000000,83.731447,0.000119,0.000029,1084.136287,0.001545,0.000370,0.000000,0.000000,0.000000,0.000000,0.000000,0.000000,0.000000,0.000000,0.000000,0.000000,0.000000,0.000000,0.000000,0.000000,421019517.551913,588.673832,143.521228,22245534.228982,31.103935,7.583274,398773902.688525,557.569772,135.937924,0.000000,0.000000,0.000000,0.000000,0.000000,0.000000,199681915.846995,279.197309,68.069513,358814430.032787,501.698029,122.316151,8354506.616120,11.681357,2.847965,6970.464402,0.009746,0.002376,1798617.327186,2.514845,0.613130,46007296.185792,64.327875,15.683414,1162626.708048,1.625597,0.396327,16687.621987,0.023333,0.005689,16687.621077,0.023333,0.005689,134.193036,0.000188,0.000046,0.109721,0.000000,0.000000,76.113475,0.000106,0.000026,2440.032483,0.003412,0.000832,0.000000,0.000000,0.000000,0.000000,0.000000,0.000000,38165.131148,0.053363,0.013010,78.163934,1409.224867,0.001970,0.000480,273.573770,58977030490.928960,21166.031640,20104.663518,2227877797.770492,15145.328322,759.460643
1,2000,DAY_COUNT,366,366,366,366,366,366,366,366,366,366,366,366,366,366,366,366,366,366,366,366,366,366,366,366,366,366,366,366,366,366,366,366,366,366,366,366,366,366,366,366,366,366,366,366,366,366,366,366,366,366,366,366,366,366,366,366,366,366,366,366,366,366,366,366,366,366,366,366,366,366,366,366,366,366,366,366,366,366,366,366,366,366,366,366,366,366,366,366,366,366,366,366,366,366,366,366,366,366,366,366,366,366,366,366,366,366,366,366,366,366,366,366,366,366,366,366,366,366,366,366,366,366,366,366,366,366,366,366,366,366,366,366,366,366,366,366,366,366,366,366,366,366,366,366,366,366,366,366,366,366,366,366,366,366,366,366,366,366,366,366,366,366,366,366,366,366,366,366,366,366,366,366,366,366,366,366,366,366,366,366,366,366,366,366,366,366,366,366,366,366,366,366,366,366,366,366,366,366,366,366,366,366,366,366,366,366,366,366,366,366,366,366,366,366,366,366,366,366,366,366,366,366,366,366,366,366,366,366,366,366,366,366,366,366,366,366,366,366,366,366,366,366,366,366,366,366,366,366,366,366,366,366,366,366,366,366,366,366,366,366,366,366,366,366,366,366,366,366,366,366,366,366,366,366,366,366,366,366,366,366,366,366,366,366,366,366,366,366,366,366,366,366,366,366,366,366,366,366,366,366,366,366,366,366,366,366,366,366,366,366,366,366,366,366,366,366,366,366,366,366,366,366,366,366,366,366,366,366,366,366,366,366,366,366,366,366,366,366,366,366,366,366,366,366,366,366,366,366,366,366,366,366,366,366,366,366,366,366,366,366,366,366,366,366,366,366,366,366,366,366,366,366,366,366,366,366,366,366,366,366,366,366,366,366,366,366,366,366,366,366,366,366,366,366,366,366,366,366,366,366,366,366,366,366,366,366,366,366,366,366,366,366,366,366,366,366,366,366,366,366,366,366,366,366,366,366
1,2001,INITIAL_VALUE,0.000000,0.000000,0.000000,0.000000,0.000000,0.357132,0.000366,0.207700,0.142639,0.002403,0.004023,1.222224,0.177688,0.148373,0.046395,0.069661,2.740824,1.642154,5.849365,4.964507,5.856387,6.834365,7.417396,7.745428,0.000000,0.000000,0.000000,0.000000,17529.732422,14339.646484,3189.897217,277.222229,14062.923828,2871.040771,247.322205,51.600971,20.046167,0.000000,4609.002441,1391.223511,476.410889,4132.742676,666.456665,210.913544,101.185692,0.000000,287.149048,75.357285,50.157383,0.000000,20998.416016,15896.330078,2565.416260,1528.798462,1008.691528,33.359375,0.012418,2.758831,40.497387,0.000000,0.000000,0.011569,0.000174,0.011395,0.717423,0.005457,0.005457,0.674514,0.000000,0.000651,0.000000,0.000000,0.000000,0.000085,0.000000,0.002230,0.000651,0.000000,0.000000,0.040679,596800.000000,4.000000,0.203443,298400.000000,2.000000,0.101721,298400.000000,2.000000,0.101721,0.000000,0.000000,0.000000,0.000000,0.000000,0.000000,212306.718750,1.422967,0.072373,298400.000000,2.000000,0.101721,13029680.000000,87.330292,4.441684,2443.228760,0.016376,0.000833,349767.125000,2.344284,0.119232,-8391548.000000,-56.243618,-2.860592,0.000000,0.000000,0.000000,0.000000,0.000000,0.000000,0.000000,0.000000,0.000000,266.051514,0.001783,0.000091,0.041298,0.000000,0.000000,16.194502,0.000109,0.000006,176.278152,0.001181,0.000060,0.000000,0.000000,0.000000,0.000000,0.000000,0.000000,0.000000,0.000000,0.000000,0.000000,0.000000,0.000000,0.000000,0.000000,51040845824.000000,41823.046875,17399.298828,42063286272.000000,34466.804688,14338.942383,8977610752.000000,7356.285156,3060.375000,0.000000,0.000000,0.000000,0.000000,0.000000,0.000000,13257591808.000000,10863.317383,4519.376953,3562486016.000000,2919.113525,1214.414917,6598835.000000,5.407108,2.249475,9805.611328,0.008035,0.003343,3582762.500000,2.935728,1.221327,116170616.000000,95.190605,39.601368,2104559.750000,1.724484,0.717423,16007.940430,0.013117,0.005457,16007.951172,0.013117,0.005457,48.529510,0.000040,0.000017,0.192022,0.000000,0.000000,70.093636,0.000057,0.000024,3010.838623,0.002467,0.001026,0.000000,0.000000,0.000000,0.000000,0.000000,0.000000,0.000000,0.000000,0.000000,0.000000,0.000000,0.000000,0.000000,0.000000,68802664.000000,467.727142,23.454121,1395959.375000,9.489866,0.475868,67406832.000000,458.238159,22.978296,0.000000,0.000000,0.000000,0.000000,0.000000,0.000000,50829048.000000,345.540802,17.327101,74342096.000000,505.384766,25.342459,2981904.750000,20.271276,1.016501,2318.135498,0.015759,0.000790,475969.593750,3.235687,0.162253,9252766.000000,62.901199,3.154173,0.000000,0.000000,0.000000,0.000000,0.000000,0.000000,0.000000,0.000000,0.000000,23.088697,0.000157,0.000008,0.005536,0.000000,0.000000,10.439325,0.000071,0.000004,252.803879,0.001719,0.000086,0.000000,0.000000,0.000000,0.000000,0.000000,0.000000,0.000000,0.000000,0.000000,0.000000,0.000000,0.000000,0.000000,0.000000,2806400.000000,4.000000,0.956673,1403200.000000,2.000000,0.478336,1403200.000000,2.000000,0.478336,0.000000,0.000000,0.000000,0.000000,0.000000,0.000000,989663.937500,1.410581,0.337366,1403200.000000,2.000000,0.478336,66582588.000000,94.901062,22.697319,14961.099609,0.021324,0.005100,1865942.000000,2.659552,0.636080,-44980312.000000,-64.111053,-15.333326,0.000000,0.000000,0.000000,0.000000,0.000000,0.000000,0.000000,0.000000,0.000000,1450.354248,0.002067,0.000494,0.318082,0.000000,0.000000,79.633171,0.000114,0.000027,826.003845,0.001177,0.000282,0.000000,0.000000,0.000000,0.000000,0.000000,0.000000,0.000000,0.000000,0.000000,0.000000,0.000000,0.000000,0.000000,0.000000,312493888.000000,436.932190,106.525955,1326238.875000,1.854361,0.452101,311167808.000000,435.078033,106.073906,0.000000,0.000000,0.000000,0.000000,0.000000,0.000000,211594224.000000,295.853210,72.130295,442629184.000000,618.888733,150.887741,8668314.000000,12.120126,2.954939,6902.114258,0.009651,0.002353,1818502.000000,2.542648,0.619909,46747496.000000,65.362831,15.935741,0.000000,0.000000,0.000000,0.000000,0.000000,0.000000,0.000000,0.000000,0.000000,121.486435,0.000170,0.000041,0.093915,0.000000,0.000000,72.349617,0.000101,0.000025,2275.545654,0.003182,0.000776,0.000000,0.000000,0.000000,0.000000,0.000000,0.000000,0.000000,0.000000,0.000000,0.000000,0.000000,0.000000,0.000000,0.000000,59368411136.000000,21306.492188,20238.080078,2231185152.000000,15167.812500,760.588074
1,2001,FINAL_VALUE,0.137792,0.000000,0.000000,0.000000,4.600891,1.395592,0.234809,0.268111,0.728892,0.018080,0.007908,3.089446,0.205616,0.244407,0.076490,0.077008,2.684106,1.899565,5.548355,4.682690,5.500507,6.521766,7.196959,7.600731,0.001067,0.000000,0.000000,0.000000,17536.589844,14344.613281,3192.185059,276.645630,14068.092773,2873.101807,247.566391,51.587753,20.033812,0.000000,4578.279785,1388.620972,479.413910,4098.992676,660.209656,210.668274,102.279991,0.000000,286.106415,76.181458,53.170311,0.000000,21236.060547,16158.515625,2550.629395,1524.768066,1002.796875,35.801704,0.012254,2.858061,43.366768,0.000000,0.000000,0.011932,0.000179,0.011753,0.000000,0.000000,0.000000,0.749224,0.000000,0.001236,0.000000,0.000000,0.000000,0.000242,0.000000,0.007872,0.001236,0.000000,0.000000,-0.757096,596800.000000,4.000000,0.203443,298400.000000,2.000000,0.101721,298400.000000,2.000000,0.101721,0.000000,0.000000,0.000000,0.000000,0.000000,0.000000,208834.640625,1.399696,0.071190,298400.000000,2.000000,0.101721,13875381.000000,92.998535,4.729975,2367.427246,0.015867,0.000807,359459.312500,2.409245,0.122536,-8256786.000000,-55.340389,-2.814653,0.000000,0.000000,0.000000,0.000000,0.000000,0.000000,0.000000,0.000000,0.000000,505.710602,0.003389,0.000172,0.072194,0.000000,0.000000,43.478973,0.000291,0.000015,843.730713,0.005655,0.000288,0.000000,0.000000,0.000000,0.000000,0.000000,0.000000,0.000000,0.000000,0.000000,0.000000,0.000000,0.000000,0.000000,0.000000,51061235712.000000,41839.753906,17406.250000,42078126080.000000,34478.964844,14344.000977,8983214080.000000,7360.876953,3062.285400,0.000000,0.000000,0.000000,0.000000,0.000000,0.000000,13162244096.000000,10785.188477,4486.873535,3550992384.000000,2909.695557,1210.496826,7462436.000000,6.114746,2.543868,9784.901367,0.008018,0.003336,3718937.500000,3.047310,1.267748,121322664.000000,99.412209,41.357647,0.000000,0.000000,0.000000,0.000000,0.000000,0.000000,0.000000,0.000000,0.000000,151.617004,0.000124,0.000052,0.219874,0.000000,0.000000,282.505737,0.000231,0.000096,12621.598633,0.010342,0.004303,0.000000,0.000000,0.000000,0.000000,0.000000,0.000000,0.000000,0.000000,0.000000,0.000000,0.000000,0.000000,0.000000,0.000000,69183608.000000,470.316833,23.583981,1395958.625000,9.489861,0.475868,67787680.000000,460.827209,23.108124,0.000000,0.000000,0.000000,0.000000,0.000000,0.000000,51103308.000000,347.405243,17.420593,74718768.000000,507.945404,25.470860,3266146.750000,22.203581,1.113396,2366.805664,0.016090,0.000807,490999.500000,3.337862,0.167377,9659238.000000,65.664429,3.292735,0.000000,0.000000,0.000000,0.000000,0.000000,0.000000,0.000000,0.000000,0.000000,79.237213,0.000539,0.000027,0.013843,0.000000,0.000000,35.921936,0.000244,0.000012,1108.074707,0.007533,0.000378,0.000000,0.000000,0.000000,0.000000,0.000000,0.000000,0.000000,0.000000,0.000000,0.000000,0.000000,0.000000,0.000000,0.000000,2806400.000000,4.000000,0.956673,1403200.000000,2.000000,0.478336,1403200.000000,2.000000,0.478336,0.000000,0.000000,0.000000,0.000000,0.000000,0.000000,973148.437500,1.387042,0.331736,1403200.000000,2.000000,0.478336,70991640.000000,101.185341,24.200319,14550.393555,0.020739,0.004960,1928453.875000,2.748652,0.657390,-44528676.000000,-63.467323,-15.179368,0.000000,0.000000,0.000000,0.000000,0.000000,0.000000,0.000000,0.000000,0.000000,2569.028564,0.003662,0.000876,0.627268,0.000001,0.000000,189.421967,0.000270,0.000065,3255.718506,0.004640,0.001110,0.000000,0.000000,0.000000,0.000000,0.000000,0.000000,0.000000,0.000000,0.000000,0.000000,0.000000,0.000000,0.000000,0.000000,311898816.000000,436.100098,106.323097,3583.938232,0.005011,0.001222,311895136.000000,436.094971,106.321846,0.000000,0.000000,0.000000,0.000000,0.000000,0.000000,216546048.000000,302.776917,73.818321,446098912.000000,623.740051,152.070526,9428360.000000,13.182830,3.214031,6879.127441,0.009618,0.002345,1886275.750000,2.637410,0.643012,49019712.000000,68.539864,16.710316,0.000000,0.000000,0.000000,0.000000,0.000000,0.000000,0.000000,0.000000,0.000000,319.138580,0.000446,0.000109,0.113536,0.000000,0.000000,158.371445,0.000221,0.000054,5263.228027,0.007359,0.001794,0.000000,0.000000,0.000000,0.000000,0.000000,0.000000,0.000000,0.000000,0.000000,0.000000,0.000000,0.000000,0.000000,0.000000,60057624576.000000,21553.841797,20473.027344,2238453760.000000,15217.224609,763.065918
1,2001,ANNUAL_DELTA,0.137792,0.000000,0.000000,0.000000,4.600891,1.038460,0.234443,0.060411,0.586253,0.015676,0.003885,1.867222,0.027928,0.096034,0.030095,0.007347,-0.056717,0.257411,-0.301011,-0.281817,-0.355880,-0.312599,-0.220437,-0.144696,0.001067,0.000000,0.000000,0.000000,6.857422,4.966797,2.287842,-0.576599,5.168945,2.061035,0.244186,-0.013218,-0.012356,0.000000,-30.722656,-2.602539,3.003021,-33.750000,-6.247009,-0.245270,1.094299,0.000000,-1.042633,0.824173,3.012928,0.000000,237.644531,262.185547,-14.786865,-4.030396,-5.894653,2.442329,-0.000164,0.099230,2.869381,0.000000,0.000000,0.000363,0.000005,0.000357,-0.717423,-0.005457,-0.005457,0.074710,0.000000,0.000585,0.000000,0.000000,0.000000,0.000157,0.000000,0.005642,0.000585,0.000000,0.000000,-0.797775,0.000000,0.000000,0.000000,0.000000,0.000000,0.000000,0.000000,0.000000,0.000000,0.000000,0.000000,0.000000,0.000000,0.000000,0.000000,-3472.078125,-0.023271,-0.001184,0.000000,0.000000,0.000000,845701.000000,5.668243,0.288291,-75.801514,-0.000508,-0.000026,9692.187500,0.064961,0.003304,134762.000000,0.903229,0.045939,0.000000,0.000000,0.000000,0.000000,0.000000,0.000000,0.000000,0.000000,0.000000,239.659088,0.001606,0.000082,0.030896,0.000000,0.000000,27.284472,0.000183,0.000009,667.452560,0.004474,0.000228,0.000000,0.000000,0.000000,0.000000,0.000000,0.000000,0.000000,0.000000,0.000000,0.000000,0.000000,0.000000,0.000000,0.000000,20389888.000000,16.707031,6.951172,14839808.000000,12.160156,5.058594,5603328.000000,4.591797,1.910400,0.000000,0.000000,0.000000,0.000000,0.000000,0.000000,-95347712.000000,-78.128906,-32.503418,-11493632.000000,-9.417969,-3.918091,863601.000000,0.707638,0.294393,-20.709961,-0.000017,-0.000007,136175.000000,0.111582,0.046421,5152048.000000,4.221603,1.756279,-2104559.750000,-1.724484,-0.717423,-16007.940430,-0.013117,-0.005457,-16007.951172,-0.013117,-0.005457,103.087494,0.000084,0.000035,0.027852,0.000000,0.000000,212.412102,0.000174,0.000072,9610.760010,0.007875,0.003276,0.000000,0.000000,0.000000,0.000000,0.000000,0.000000,0.000000,0.000000,0.000000,0.000000,0.000000,0.000000,0.000000,0.000000,380944.000000,2.589691,0.129860,-0.750000,-0.000005,-0.000000,380848.000000,2.589050,0.129827,0.000000,0.000000,0.000000,0.000000,0.000000,0.000000,274260.000000,1.864441,0.093493,376672.000000,2.560638,0.128401,284242.000000,1.932304,0.096895,48.670166,0.000331,0.000017,15029.906250,0.102175,0.005124,406472.000000,2.763229,0.138562,0.000000,0.000000,0.000000,0.000000,0.000000,0.000000,0.000000,0.000000,0.000000,56.148516,0.000382,0.000019,0.008307,0.000000,0.000000,25.482611,0.000173,0.000009,855.270828,0.005814,0.000292,0.000000,0.000000,0.000000,0.000000,0.000000,0.000000,0.000000,0.000000,0.000000,0.000000,0.000000,0.000000,0.000000,0.000000,0.000000,0.000000,0.000000,0.000000,0.000000,0.000000,0.000000,0.000000,0.000000,0.000000,0.000000,0.000000,0.000000,0.000000,0.000000,-16515.500000,-0.023540,-0.005630,0.000000,0.000000,0.000000,4409052.000000,6.284279,1.503000,-410.706055,-0.000585,-0.000140,62511.875000,0.089099,0.021310,451636.000000,0.643730,0.153958,0.000000,0.000000,0.000000,0.000000,0.000000,0.000000,0.000000,0.000000,0.000000,1118.674316,0.001594,0.000381,0.309185,0.000000,0.000000,109.788795,0.000156,0.000037,2429.714661,0.003463,0.000828,0.000000,0.000000,0.000000,0.000000,0.000000,0.000000,0.000000,0.000000,0.000000,0.000000,0.000000,0.000000,0.000000,0.000000,-595072.000000,-0.832092,-0.202858,-1322654.936768,-1.849350,-0.450879,727328.000000,1.016937,0.247940,0.000000,0.000000,0.000000,0.000000,0.000000,0.000000,4951824.000000,6.923706,1.688026,3469728.000000,4.851318,1.182785,760046.000000,1.062704,0.259092,-22.986816,-0.000032,-0.000008,67773.750000,0.094762,0.023103,2272216.000000,3.177032,0.774574,0.000000,0.000000,0.000000,0.000000,0.000000,0.000000,0.000000,0.000000,0.000000,197.652145,0.000276,0.000067,0.019621,0.000000,0.000000,86.021828,0.000120,0.000029,2987.682373,0.004177,0.001018,0.000000,0.000000,0.000000,0.000000,0.000000,0.000000,0.000000,0.000000,0.000000,0.000000,0.000000,0.000000,0.000000,0.000000,689213440.000000,247.349609,234.947266,7268608.000000,49.412109,2.477844
1,2001,MIN_VALUE,0.000000,0.000000,0.000000,0.000000,0.000000,0.086370,0.000053,0.040226,0.039297,0.001640,0.003246,0.331067,0.083689,0.083927,0.037896,0.064424,1.915837,0.775403,0.800139,2.443704,5.067978,6.257766,7.035417,7.501519,0.000000,0.000000,0.000000,0.000000,17529.732422,14339.646484,3189.897217,276.645630,14062.923828,2871.040771,247.322205,51.587753,20.033812,0.000000,4400.859863,1265.850098,428.267914,3972.438721,630.431458,206.697647,100.602737,0.000000,214.130081,65.159111,48.469090,0.000000,20998.416016,15896.330078,2550.629395,1524.768066,1002.796875,33.359375,0.012254,2.758831,40.497387,0.000000,0.000000,0.010514,0.000158,0.010357,0.000000,0.000000,0.000000,0.235642,0.000000,0.000319,0.000000,0.000000,0.000000,0.000033,0.000000,0.000824,0.000320,0.000000,0.000000,-0.776382,596800.000000,4.000000,0.203443,298400.000000,2.000000,0.101721,298400.000000,2.000000,0.101721,0.000000,0.000000,0.000000,0.000000,0.000000,0.000000,208834.640625,1.399696,0.071190,298400.000000,2.000000,0.101721,13029680.000000,87.330292,4.441684,2367.427246,0.015867,0.000807,349220.250000,2.340618,0.119046,-8702834.000000,-58.329983,-2.966707,0.000000,0.000000,0.000000,0.000000,0.000000,0.000000,0.000000,0.000000,0.000000,122.398933,0.000820,0.000042,0.028456,0.000000,0.000000,7.341353,0.000049,0.000003,86.109421,0.000577,0.000029,0.000000,0.000000,0.000000,0.000000,0.000000,0.000000,0.000000,0.000000,0.000000,0.000000,0.000000,0.000000,0.000000,0.000000,51040845824.000000,41823.046875,17399.298828,42063286272.000000,34466.804688,14338.942383,8977610752.000000,7356.285156,3060.375000,0.000000,0.000000,0.000000,0.000000,0.000000,0.000000,12646778880.000000,10362.814453,4311.157227,3345547264.000000,2741.353027,1140.462646,6542856.000000,5.361239,2.230392,9759.533203,0.007997,0.003327,3582762.500000,2.935728,1.221327,116170616.000000,95.190605,39.601368,0.000000,0.000000,0.000000,0.000000,0.000000,0.000000,0.000000,0.000000,0.000000,22.837633,0.000019,0.000008,0.173823,0.000000,0.000000,17.195005,0.000014,0.000006,807.357483,0.000662,0.000275,0.000000,0.000000,0.000000,0.000000,0.000000,0.000000,0.000000,0.000000,0.000000,0.000000,0.000000,0.000000,0.000000,0.000000,68802664.000000,467.727142,23.454121,1395958.625000,9.489861,0.475868,67406816.000000,458.238068,22.978292,0.000000,0.000000,0.000000,0.000000,0.000000,0.000000,33085478.000000,224.918274,11.278500,53234088.000000,361.890472,18.146954,2841938.750000,19.319773,0.968788,2318.135498,0.015759,0.000790,475569.437500,3.232967,0.162117,9245764.000000,62.853596,3.151786,0.000000,0.000000,0.000000,0.000000,0.000000,0.000000,0.000000,0.000000,0.000000,0.519952,0.000004,0.000000,0.003899,0.000000,0.000000,0.127675,0.000001,0.000000,4.439617,0.000030,0.000002,0.000000,0.000000,0.000000,0.000000,0.000000,0.000000,0.000000,0.000000,0.000000,0.000000,0.000000,0.000000,0.000000,0.000000,2806400.000000,4.000000,0.956673,1403200.000000,2.000000,0.478336,1403200.000000,2.000000,0.478336,0.000000,0.000000,0.000000,0.000000,0.000000,0.000000,973148.437500,1.387042,0.331736,1403200.000000,2.000000,0.478336,66582588.000000,94.901062,22.697319,14550.393555,0.020739,0.004960,1865942.000000,2.659552,0.636080,-46462916.000000,-66.224228,-15.838731,0.000000,0.000000,0.000000,0.000000,0.000000,0.000000,0.000000,0.000000,0.000000,743.778687,0.001060,0.000254,0.225994,0.000000,0.000000,40.792049,0.000058,0.000014,438.668762,0.000625,0.000150,0.000000,0.000000,0.000000,0.000000,0.000000,0.000000,0.000000,0.000000,0.000000,0.000000,0.000000,0.000000,0.000000,0.000000,311898816.000000,436.100098,106.323097,3583.938232,0.005011,0.001222,311167808.000000,435.078033,106.073906,0.000000,0.000000,0.000000,0.000000,0.000000,0.000000,170851072.000000,238.885727,58.241375,265008000.000000,370.536926,90.338501,7358506.000000,10.288739,2.508439,6825.910156,0.009544,0.002327,1818502.000000,2.542648,0.619909,46747496.000000,65.362831,15.935741,0.000000,0.000000,0.000000,0.000000,0.000000,0.000000,0.000000,0.000000,0.000000,33.085026,0.000046,0.000011,0.080840,0.000000,0.000000,29.839643,0.000042,0.000010,1026.482910,0.001435,0.000350,0.000000,0.000000,0.000000,0.000000,0.000000,0.000000,0.000000,0.000000,0.000000,0.000000,0.000000,0.000000,0.000000,0.000000,59368411136.000000,21306.492188,20238.080078,2231185152.000000,15167.812500,760.588074
1,2001,MIN_VALUE_JDAY,1.000000,1.000000,1.000000,1.000000,1.000000,280.000000,279.000000,280.000000,284.000000,299.000000,318.000000,232.000000,280.000000,232.000000,296.000000,297.000000,16.000000,280.000000,16.000000,16.000000,47.000000,360.000000,360.000000,360.000000,1.000000,1.000000,1.000000,1.000000,1.000000,1.000000,1.000000,365.000000,1.000000,1.000000,1.000000,365.000000,365.000000,1.000000,349.000000,262.000000,328.000000,349.000000,262.000000,262.000000,349.000000,1.000000,262.000000,349.000000,349.000000,1.000000,1.000000,1.000000,365.000000,365.000000,365.000000,1.000000,356.000000,1.000000,1.000000,1.000000,1.000000,17.000000,17.000000,17.000000,350.000000,350.000000,350.000000,221.000000,1.000000,281.000000,1.000000,283.000000,1.000000,281.000000,1.000000,281.000000,281.000000,1.000000,1.000000,363.000000,1.000000,1.000000,1.000000,1.000000,1.000000,1.000000,1.000000,1.000000,1.000000,1.000000,1.000000,1.000000,1.000000,1.000000,1.000000,365.000000,365.000000,365.000000,1.000000,1.000000,1.000000,1.000000,1.000000,1.000000,365.000000,365.000000,365.000000,74.000000,74.000000,74.000000,296.000000,296.000000,296.000000,1.000000,1.000000,1.000000,1.000000,1.000000,1.000000,1.000000,1.000000,1.000000,283.000000,283.000000,283.000000,289.000000,289.000000,289.000000,284.000000,284.000000,284.000000,290.000000,290.000000,290.000000,1.000000,1.000000,1.000000,1.000000,1.000000,1.000000,1.000000,1.000000,1.000000,1.000000,1.000000,1.000000,1.000000,1.000000,1.000000,1.000000,1.000000,1.000000,1.000000,1.000000,1.000000,1.000000,1.000000,1.000000,1.000000,1.000000,1.000000,1.000000,1.000000,349.000000,349.000000,349.000000,349.000000,349.000000,349.000000,117.000000,117.000000,117.000000,349.000000,349.000000,349.000000,1.000000,1.000000,1.000000,1.000000,1.000000,1.000000,350.000000,350.000000,350.000000,350.000000,350.000000,350.000000,350.000000,350.000000,350.000000,233.000000,233.000000,233.000000,234.000000,234.000000,234.000000,233.000000,233.000000,233.000000,233.000000,233.000000,233.000000,1.000000,1.000000,1.000000,1.000000,1.000000,1.000000,1.000000,1.000000,1.000000,1.000000,1.000000,1.000000,1.000000,1.000000,1.000000,1.000000,1.000000,365.000000,365.000000,365.000000,4.000000,4.000000,4.000000,1.000000,1.000000,1.000000,1.000000,1.000000,1.000000,262.000000,262.000000,262.000000,262.000000,262.000000,262.000000,188.000000,188.000000,188.000000,1.000000,1.000000,1.000000,108.000000,108.000000,108.000000,62.000000,62.000000,62.000000,1.000000,1.000000,1.000000,1.000000,1.000000,1.000000,1.000000,1.000000,1.000000,281.000000,281.000000,281.000000,297.000000,297.000000,297.000000,281.000000,281.000000,281.000000,281.000000,281.000000,281.000000,1.000000,1.000000,1.000000,1.000000,1.000000,1.000000,1.000000,1.000000,1.000000,1.000000,1.000000,1.000000,1.000000,1.000000,1.000000,1.000000,1.000000,1.000000,1.000000,1.000000,1.000000,1.000000,1.000000,1.000000,1.000000,1.000000,1.000000,1.000000,1.000000,365.000000,365.000000,365.000000,1.000000,1.000000,1.000000,1.000000,1.000000,1.000000,365.000000,365.000000,365.000000,1.000000,1.000000,1.000000,299.000000,299.000000,299.000000,1.000000,1.000000,1.000000,1.000000,1.000000,1.000000,1.000000,1.000000,1.000000,280.000000,280.000000,280.000000,281.000000,281.000000,281.000000,280.000000,280.000000,280.000000,288.000000,288.000000,288.000000,1.000000,1.000000,1.000000,1.000000,1.000000,1.000000,1.000000,1.000000,1.000000,1.000000,1.000000,1.000000,1.000000,1.000000,365.000000,365.000000,365.000000,365.000000,365.000000,365.000000,1.000000,1.000000,1.000000,1.000000,1.000000,1.000000,1.000000,1.000000,1.000000,152.000000,152.000000,152.000000,262.000000,262.000000,262.000000,262.000000,262.000000,262.000000,262.000000,262.000000,262.000000,1.000000,1.000000,1.000000,1.000000,1.000000,1.000000,1.000000,1.000000,1.000000,1.000000,1.000000,1.000000,1.000000,1.000000,1.000000,232.000000,232.000000,232.000000,280.000000,280.000000,280.000000,280.000000,280.000000,280.000000,280.000000,280.000000,280.000000,1.000000,1.000000,1.000000,1.000000,1.000000,1.000000,1.000000,1.000000,1.000000,1.000000,1.000000,1.000000,1.000000,1.000000,1.000000,1.000000,1.000000,1.000000,1.000000,1.000000
1,2001,MAX_VALUE,1.566738,0.000000,0.000000,0.000000,46.204479,6.905094,2.305855,2.432434,2.373015,0.025310,0.008547,7.320474,0.299622,0.290165,0.077646,0.078345,8.087586,4.060173,22.500000,19.174852,14.679618,11.590892,10.062718,9.255563,0.007429,0.000000,0.000000,0.000000,17809.308594,14530.000977,3326.282959,334.762634,14200.166016,2913.881348,327.717987,63.344181,24.824905,0.000000,4609.002441,1391.223511,479.413910,4132.742676,666.456665,210.913544,102.279991,0.000000,287.149048,76.181458,53.170311,0.000000,21236.060547,16158.515625,2565.416260,1528.798462,1008.691528,35.801704,0.012418,2.858061,43.366768,0.000000,0.000000,0.028166,0.000422,0.027743,5.742836,0.078839,0.078839,1.476990,0.000000,0.003544,0.000000,0.000000,0.000000,0.000756,0.000000,0.026998,0.003545,0.000000,0.000000,4.806187,596800.000000,4.000000,0.203443,298400.000000,2.000000,0.101721,298400.000000,2.000000,0.101721,0.000000,0.000000,0.000000,0.000000,0.000000,0.000000,212306.718750,1.422967,0.072373,298400.000000,2.000000,0.101721,14064530.000000,94.266281,4.794454,2443.228760,0.016376,0.000833,360521.375000,2.416363,0.122898,-8256786.000000,-55.340389,-2.814653,0.000000,0.000000,0.000000,0.000000,0.000000,0.000000,0.000000,0.000000,0.000000,1447.126587,0.009699,0.000493,0.119898,0.000001,0.000000,113.459381,0.000760,0.000039,2062.998291,0.013827,0.000703,0.000000,0.000000,0.000000,0.000000,0.000000,0.000000,0.000000,0.000000,0.000000,0.000000,0.000000,0.000000,0.000000,0.000000,51812577280.000000,42455.406250,17662.375000,42614263808.000000,34918.273438,14526.763672,9198345216.000000,7537.156250,3135.621582,0.000000,0.000000,0.000000,0.000000,0.000000,0.000000,13257591808.000000,10863.317383,4519.376953,3562486016.000000,2919.113525,1214.414917,7554475.000000,6.190163,2.575243,9805.611328,0.008035,0.003343,3730009.500000,3.056383,1.271522,123303696.000000,101.035477,42.032963,8334040.500000,6.828942,2.840989,63390.875000,0.051943,0.021609,63390.910156,0.051943,0.021609,562.141968,0.000461,0.000192,0.241437,0.000000,0.000000,1066.205078,0.000874,0.000363,51694.914063,0.042359,0.017622,0.000000,0.000000,0.000000,0.000000,0.000000,0.000000,0.000000,0.000000,0.000000,0.000000,0.000000,0.000000,0.000000,0.000000,120059472.000000,816.175903,40.927040,23927404.000000,162.660797,8.156606,96132008.000000,653.514648,32.770412,0.000000,0.000000,0.000000,0.000000,0.000000,0.000000,51103308.000000,347.405243,17.420593,74718768.000000,507.945404,25.470860,3360759.750000,22.846769,1.145648,2366.805664,0.016090,0.000807,493931.625000,3.357795,0.168376,9780717.000000,66.490257,3.334146,1560053.750000,10.605396,0.531806,22392.056641,0.152223,0.007633,22392.058594,0.152223,0.007633,237.369995,0.001614,0.000081,0.022974,0.000000,0.000000,113.073303,0.000769,0.000039,3282.154541,0.022312,0.001119,0.000000,0.000000,0.000000,0.000000,0.000000,0.000000,0.000000,0.000000,0.000000,0.000000,0.000000,0.000000,0.000000,0.000000,2806400.000000,4.000000,0.956673,1403200.000000,2.000000,0.478336,1403200.000000,2.000000,0.478336,0.000000,0.000000,0.000000,0.000000,0.000000,0.000000,989663.937500,1.410581,0.337366,1403200.000000,2.000000,0.478336,71771664.000000,102.297127,24.466223,14961.099609,0.021324,0.005100,1928453.875000,2.748652,0.657390,-44528676.000000,-63.467323,-15.179368,0.000000,0.000000,0.000000,0.000000,0.000000,0.000000,0.000000,0.000000,0.000000,7327.790039,0.010444,0.002498,0.889939,0.000001,0.000000,451.630890,0.000644,0.000154,7330.514648,0.010448,0.002499,0.000000,0.000000,0.000000,0.000000,0.000000,0.000000,0.000000,0.000000,0.000000,0.000000,0.000000,0.000000,0.000000,0.000000,590790720.000000,826.049622,201.394470,83740064.000000,117.086220,28.546127,547555648.000000,765.597961,186.656097,0.000000,0.000000,0.000000,0.000000,0.000000,0.000000,216601552.000000,302.854523,73.837242,446098912.000000,623.740051,152.070526,10652707.000000,14.894725,3.631398,6942.675781,0.009707,0.002367,1886275.750000,2.637410,0.643012,49019712.000000,68.539864,16.710316,13729119.000000,19.196196,4.680116,197058.984375,0.275530,0.067175,197059.859375,0.275531,0.067176,856.655518,0.001198,0.000292,0.159274,0.000000,0.000000,493.661987,0.000690,0.000168,16334.743164,0.022839,0.005568,0.000000,0.000000,0.000000,0.000000,0.000000,0.000000,3492109.500000,4.882703,1.190424,7152.000000,86349.617188,0.120735,0.029436,7152.000000,60057624576.000000,21553.841797,20473.027344,2238453760.000000,15217.224609,763.065918
1,2001,MAX_VALUE_JDAY,332.000000,1.000000,1.000000,1.000000,318.000000,350.000000,318.000000,333.000000,352.000000,355.000000,358.000000,351.000000,350.000000,351.000000,357.000000,354.000000,221.000000,236.000000,221.000000,221.000000,224.000000,224.000000,224.000000,224.000000,318.000000,1.000000,1.000000,1.000000,349.000000,349.000000,262.000000,182.000000,349.000000,262.000000,262.000000,349.000000,349.000000,1.000000,1.000000,1.000000,365.000000,1.000000,1.000000,1.000000,365.000000,1.000000,1.000000,365.000000,365.000000,1.000000,365.000000,365.000000,1.000000,1.000000,1.000000,365.000000,1.000000,365.000000,365.000000,1.000000,1.000000,243.000000,243.000000,243.000000,146.000000,146.000000,146.000000,234.000000,1.000000,351.000000,1.000000,352.000000,1.000000,351.000000,1.000000,351.000000,351.000000,1.000000,1.000000,146.000000,1.000000,1.000000,1.000000,1.000000,1.000000,1.000000,1.000000,1.000000,1.000000,1.000000,1.000000,1.000000,1.000000,1.000000,1.000000,1.000000,1.000000,1.000000,1.000000,1.000000,1.000000,319.000000,319.000000,319.000000,1.000000,1.000000,1.000000,336.000000,336.000000,336.000000,365.000000,365.000000,365.000000,1.000000,1.000000,1.000000,1.000000,1.000000,1.000000,1.000000,1.000000,1.000000,352.000000,352.000000,352.000000,352.000000,352.000000,352.000000,352.000000,352.000000,352.000000,353.000000,353.000000,353.000000,1.000000,1.000000,1.000000,1.000000,1.000000,1.000000,1.000000,1.000000,1.000000,1.000000,1.000000,1.000000,1.000000,1.000000,349.000000,349.000000,349.000000,349.000000,349.000000,349.000000,349.000000,349.000000,349.000000,1.000000,1.000000,1.000000,1.000000,1.000000,1.000000,1.000000,1.000000,1.000000,1.000000,1.000000,1.000000,298.000000,298.000000,298.000000,1.000000,1.000000,1.000000,331.000000,331.000000,331.000000,318.000000,318.000000,318.000000,319.000000,319.000000,319.000000,319.000000,319.000000,319.000000,319.000000,319.000000,319.000000,351.000000,351.000000,351.000000,352.000000,352.000000,352.000000,351.000000,351.000000,351.000000,351.000000,351.000000,351.000000,1.000000,1.000000,1.000000,1.000000,1.000000,1.000000,1.000000,1.000000,1.000000,1.000000,1.000000,1.000000,1.000000,1.000000,262.000000,262.000000,262.000000,262.000000,262.000000,262.000000,262.000000,262.000000,262.000000,1.000000,1.000000,1.000000,1.000000,1.000000,1.000000,365.000000,365.000000,365.000000,365.000000,365.000000,365.000000,140.000000,140.000000,140.000000,365.000000,365.000000,365.000000,331.000000,331.000000,331.000000,331.000000,331.000000,331.000000,152.000000,152.000000,152.000000,152.000000,152.000000,152.000000,152.000000,152.000000,152.000000,351.000000,351.000000,351.000000,351.000000,351.000000,351.000000,351.000000,351.000000,351.000000,351.000000,351.000000,351.000000,1.000000,1.000000,1.000000,1.000000,1.000000,1.000000,1.000000,1.000000,1.000000,1.000000,1.000000,1.000000,1.000000,1.000000,1.000000,1.000000,1.000000,1.000000,1.000000,1.000000,1.000000,1.000000,1.000000,1.000000,1.000000,1.000000,1.000000,1.000000,1.000000,1.000000,1.000000,1.000000,1.000000,1.000000,1.000000,318.000000,318.000000,318.000000,1.000000,1.000000,1.000000,365.000000,365.000000,365.000000,365.000000,365.000000,365.000000,1.000000,1.000000,1.000000,1.000000,1.000000,1.000000,1.000000,1.000000,1.000000,351.000000,351.000000,351.000000,353.000000,353.000000,353.000000,352.000000,352.000000,352.000000,353.000000,353.000000,353.000000,1.000000,1.000000,1.000000,1.000000,1.000000,1.000000,1.000000,1.000000,1.000000,1.000000,1.000000,1.000000,1.000000,1.000000,258.000000,258.000000,258.000000,166.000000,166.000000,166.000000,262.000000,262.000000,262.000000,1.000000,1.000000,1.000000,1.000000,1.000000,1.000000,259.000000,259.000000,259.000000,365.000000,365.000000,365.000000,140.000000,140.000000,140.000000,140.000000,140.000000,140.000000,365.000000,365.000000,365.000000,365.000000,365.000000,365.000000,146.000000,146.000000,146.000000,146.000000,146.000000,146.000000,146.000000,146.000000,146.000000,351.000000,351.000000,351.000000,351.000000,351.000000,351.000000,351.000000,351.000000,351.000000,351.000000,351.000000,351.000000,1.000000,1.000000,1.000000,1.000000,1.000000,1.000000,122.000000,122.000000,122.000000,122.000000,167.000000,167.000000,167.000000,61.000000,365.000000,365.000000,365.000000,365.000000,365.000000,365.000000
1,2001,ANNUAL_SUM,25.373051,0.000000,0.000000,0.000000,935.706495,270.619404,48.558526,103.785135,90.085368,1.361427,1.455897,519.520990,59.280588,52.026974,17.865641,24.966726,1515.119424,728.390844,4094.801878,3794.258006,3527.606889,3267.228420,3140.949640,3075.736193,0.226366,0.000000,0.000000,0.000000,6458813.896484,5269507.023438,1189337.403076,113338.343353,5156181.357422,1055587.061768,104474.351807,21145.096699,8140.320108,0.000000,1642370.697266,482332.764038,163087.459290,1479334.711670,236017.929504,75999.125702,36821.246269,0.000000,90359.847519,25148.065987,17982.536442,0.000000,7704758.552734,5846789.773438,933762.709229,557283.965332,367096.023621,12564.742275,4.501946,1024.335911,15311.099300,0.000000,0.000000,6.641988,0.099630,6.542360,425.050402,4.321110,4.321112,285.887294,0.000000,0.280917,0.000000,0.000084,0.000000,0.041616,0.000000,1.243712,0.281001,0.000000,0.000000,137.919395,217832000.000000,1460.000000,74.256692,108916000.000000,730.000000,37.128346,108916000.000000,730.000000,37.128346,0.000000,0.000000,0.000000,0.000000,0.000000,0.000000,76891038.171875,515.355483,26.211365,108916000.000000,730.000000,37.128346,4918162582.000000,32963.556152,1676.551070,878986.496826,5.891330,0.299637,128941757.687500,864.220890,43.954920,-3084703061.500000,-20674.953518,-1051.543572,0.000000,0.000000,0.000000,0.000000,0.000000,0.000000,0.000000,0.000000,0.000000,110734.157974,0.742186,0.037748,15.532106,0.000104,0.000005,7305.678010,0.048966,0.002490,98849.826736,0.662532,0.033697,0.000000,0.000000,0.000000,0.000000,0.000000,0.000000,0.000000,0.000000,0.000000,0.000000,0.000000,0.000000,0.000000,0.000000,18760061562880.000000,15372059.601563,6395112.164063,15446052356096.000000,12656548.992188,5265400.499023,3314051180544.000000,2715545.046387,1129725.982422,0.000000,0.000000,0.000000,0.000000,0.000000,0.000000,4728480329728.000000,3874533.202148,1611890.346191,1258990430720.000000,1031621.130127,429176.896362,2519896179.500000,2064.811679,859.006706,3572932.032227,2.927673,1.217976,1337173304.250000,1095.684451,455.828636,43733912072.000000,35835.719528,14908.441132,773822523.437500,634.072865,263.788145,5885925.363037,4.822948,2.006451,5885925.792847,4.822948,2.006452,27389.108290,0.022443,0.009337,69.973133,0.000057,0.000024,41063.462938,0.033648,0.013998,1905296.880371,1.561207,0.649496,0.000000,0.000000,0.000000,0.000000,0.000000,0.000000,0.000000,0.000000,0.000000,0.000000,0.000000,0.000000,0.000000,0.000000,32767901912.000000,222759.359863,11170.240925,3865766091.000000,26279.850982,1317.799929,28902148344.000000,196479.597870,9852.445536,0.000000,0.000000,0.000000,0.000000,0.000000,0.000000,15475528126.000000,105204.134308,5275.448504,23171711804.000000,157523.533905,7898.998400,1117407690.250000,7596.245342,380.912797,852881.305420,5.797969,0.290738,175892907.156250,1195.736961,59.960084,3443787244.000000,23411.198166,1173.951676,51256644.071747,348.447610,17.472863,735706.116642,5.001401,0.250795,735706.039844,5.001401,0.250795,10758.591703,0.073138,0.003667,2.292794,0.000016,0.000001,4807.402376,0.032681,0.001639,131362.869582,0.893017,0.044780,0.000000,0.000000,0.000000,0.000000,0.000000,0.000000,0.000000,0.000000,0.000000,0.000000,0.000000,0.000000,0.000000,0.000000,1024336000.000000,1460.000000,349.185611,512168000.000000,730.000000,174.592806,512168000.000000,730.000000,174.592806,0.000000,0.000000,0.000000,0.000000,0.000000,0.000000,358381197.437500,510.805584,122.168466,512168000.000000,730.000000,174.592806,25139413860.000000,35831.547699,8569.767822,5391847.070313,7.685073,1.838025,690046899.375000,983.533209,235.229896,-16541820316.000000,-23577.280903,-5638.936541,0.000000,0.000000,0.000000,0.000000,0.000000,0.000000,0.000000,0.000000,0.000000,620141.004639,0.883895,0.211400,124.159927,0.000177,0.000042,35453.563469,0.050532,0.012086,420665.912445,0.599581,0.143401,0.000000,0.000000,0.000000,0.000000,0.000000,0.000000,0.000000,0.000000,0.000000,0.000000,0.000000,0.000000,0.000000,0.000000,153655595360.000000,214842.836456,52379.613136,8183120869.438232,11441.723830,2789.541810,145472426976.000000,203401.044922,49590.055046,0.000000,0.000000,0.000000,0.000000,0.000000,0.000000,73751106000.000000,103119.555649,25140.994061,132129910256.000000,184745.400665,45041.728416,3164227685.000000,4424.255704,1078.652694,2510725.085449,3.510522,0.855880,672837909.125000,940.768889,229.363528,17363977564.000000,24278.492050,5919.201470,421806189.995331,589.773756,143.789395,6054345.122328,8.465248,2.063864,6054346.184828,8.465249,2.063864,55050.124866,0.076972,0.018766,34.533380,0.000048,0.000012,33451.469639,0.046772,0.011403,1092255.919189,1.527203,0.372339,0.000000,0.000000,0.000000,0.000000,0.000000,0.000000,13968438.000000,19.530813,4.761697,28608.000000,509366.555246,0.712202,0.173638,100128.000000,21786235736064.000000,7818775.378906,7426703.843750,815791478272.000000,5545829.228516,278094.930298
1,2001,ANNUAL_AVERAGE,0.069515,0.000000,0.000000,0.000000,2.563579,0.741423,0.133037,0.284343,0.246809,0.003730,0.003989,1.423345,0.162413,0.142540,0.048947,0.068402,4.151012,1.995591,11.218635,10.395227,9.664676,8.951311,8.605341,8.426675,0.000620,0.000000,0.000000,0.000000,17695.380538,14437.005544,3258.458639,310.516009,14126.524267,2892.019347,286.231101,57.931772,22.302247,0.000000,4499.645746,1321.459628,446.814957,4052.971813,646.624464,208.216783,100.880127,0.000000,247.561226,68.898811,49.267223,0.000000,21108.927542,16018.602119,2558.253998,1526.805384,1005.742530,34.423951,0.012334,2.806400,41.948217,0.000000,0.000000,0.018197,0.000273,0.017924,1.164522,0.011839,0.011839,0.783253,0.000000,0.000770,0.000000,0.000000,0.000000,0.000114,0.000000,0.003407,0.000770,0.000000,0.000000,0.377861,596800.000000,4.000000,0.203443,298400.000000,2.000000,0.101721,298400.000000,2.000000,0.101721,0.000000,0.000000,0.000000,0.000000,0.000000,0.000000,210660.378553,1.411933,0.071812,298400.000000,2.000000,0.101721,13474418.032877,90.311113,4.593291,2408.182183,0.016141,0.000821,353265.089555,2.367728,0.120424,-8451241.264384,-56.643708,-2.880941,0.000000,0.000000,0.000000,0.000000,0.000000,0.000000,0.000000,0.000000,0.000000,303.381255,0.002033,0.000103,0.042554,0.000000,0.000000,20.015556,0.000134,0.000007,270.821443,0.001815,0.000092,0.000000,0.000000,0.000000,0.000000,0.000000,0.000000,0.000000,0.000000,0.000000,0.000000,0.000000,0.000000,0.000000,0.000000,51397428939.397260,42115.231785,17520.855244,42317951660.536990,34675.476691,14425.754792,9079592275.463015,7439.849442,3095.139678,0.000000,0.000000,0.000000,0.000000,0.000000,0.000000,12954740629.391780,10615.159458,4416.137935,3449288851.287671,2826.359261,1175.827113,6903825.149315,5.657018,2.353443,9788.854883,0.008021,0.003337,3663488.504795,3.001875,1.248846,119818937.183562,98.180054,40.845044,2120061.708048,1.737186,0.722707,16125.822912,0.013214,0.005497,16125.824090,0.013214,0.005497,75.038653,0.000061,0.000026,0.191707,0.000000,0.000000,112.502638,0.000092,0.000038,5219.991453,0.004277,0.001779,0.000000,0.000000,0.000000,0.000000,0.000000,0.000000,0.000000,0.000000,0.000000,0.000000,0.000000,0.000000,0.000000,0.000000,89775073.731507,610.299616,30.603400,10591139.975342,71.999592,3.610411,79183968.065753,538.300268,26.993001,0.000000,0.000000,0.000000,0.000000,0.000000,0.000000,42398707.194521,288.230505,14.453284,63484141.928767,431.571326,21.641092,3061390.932192,20.811631,1.043597,2336.661111,0.015885,0.000797,481898.375771,3.275992,0.164274,9435033.545205,64.140269,3.216306,140429.161840,0.954651,0.047871,2015.633196,0.013702,0.000687,2015.632986,0.013702,0.000687,29.475594,0.000200,0.000010,0.006282,0.000000,0.000000,13.170965,0.000090,0.000004,359.898273,0.002447,0.000123,0.000000,0.000000,0.000000,0.000000,0.000000,0.000000,0.000000,0.000000,0.000000,0.000000,0.000000,0.000000,0.000000,0.000000,2806400.000000,4.000000,0.956673,1403200.000000,2.000000,0.478336,1403200.000000,2.000000,0.478336,0.000000,0.000000,0.000000,0.000000,0.000000,0.000000,981866.294349,1.399467,0.334708,1403200.000000,2.000000,0.478336,68875106.465753,98.168624,23.478816,14772.183754,0.021055,0.005036,1890539.450342,2.694612,0.644465,-45320055.660274,-64.595290,-15.449141,0.000000,0.000000,0.000000,0.000000,0.000000,0.000000,0.000000,0.000000,0.000000,1699.016451,0.002422,0.000579,0.340164,0.000000,0.000000,97.133051,0.000138,0.000033,1152.509349,0.001643,0.000393,0.000000,0.000000,0.000000,0.000000,0.000000,0.000000,0.000000,0.000000,0.000000,0.000000,0.000000,0.000000,0.000000,0.000000,420974233.863014,588.610511,143.505789,22419509.231338,31.347189,7.642580,398554594.454795,557.263137,135.863165,0.000000,0.000000,0.000000,0.000000,0.000000,0.000000,202057824.657534,282.519331,68.879436,361999754.126027,506.151783,123.401996,8669116.945205,12.121249,2.955213,6878.698864,0.009618,0.002345,1843391.531849,2.577449,0.628393,47572541.271233,66.516417,16.216990,1155633.397247,1.615819,0.393944,16587.246910,0.023192,0.005654,16587.249821,0.023192,0.005654,150.822260,0.000211,0.000051,0.094612,0.000000,0.000000,91.647862,0.000128,0.000031,2992.481970,0.004184,0.001020,0.000000,0.000000,0.000000,0.000000,0.000000,0.000000,38269.693151,0.053509,0.013046,78.378082,1395.524809,0.001951,0.000476,274.323288,59688317085.106850,21421.302408,20347.133818,2235045145.950685,15194.052681,761.903919
1,2001,DAY_COUNT,365,365,365,365,365,365,365,365,365,365,365,365,365,365,365,365,365,365,365,365,365,365,365,365,365,365,365,365,365,365,365,365,365,365,365,365,365,365,365,365,365,365,365,365,365,365,365,365,365,365,365,365,365,365,365,365,365,365,365,365,365,365,365,365,365,365,365,365,365,365,365,365,365,365,365,365,365,365,365,365,365,365,365,365,365,365,365,365,365,365,365,365,365,365,365,365,365,365,365,365,365,365,365,365,365,365,365,365,365,365,365,365,365,365,365,365,365,365,365,365,365,365,365,365,365,365,365,365,365,365,365,365,365,365,365,365,365,365,365,365,365,365,365,365,365,365,365,365,365,365,365,365,365,365,365,365,365,365,365,365,365,365,365,365,365,365,365,365,365,365,365,365,365,365,365,365,365,365,365,365,365,365,365,365,365,365,365,365,365,365,365,365,365,365,365,365,365,365,365,365,365,365,365,365,365,365,365,365,365,365,365,365,365,365,365,365,365,365,365,365,365,365,365,365,365,365,365,365,365,365,365,365,365,365,365,365,365,365,365,365,365,365,365,365,365,365,365,365,365,365,365,365,365,365,365,365,365,365,365,365,365,365,365,365,365,365,365,365,365,365,365,365,365,365,365,365,365,365,365,365,365,365,365,365,365,365,365,365,365,365,365,365,365,365,365,365,365,365,365,365,365,365,365,365,365,365,365,365,365,365,365,365,365,365,365,365,365,365,365,365,365,365,365,365,365,365,365,365,365,365,365,365,365,365,365,365,365,365,365,365,365,365,365,365,365,365,365,365,365,365,365,365,365,365,365,365,365,365,365,365,365,365,365,365,365,365,365,365,365,365,365,365,365,365,365,365,365,365,365,365,365,365,365,365,365,365,365,365,365,365,365,365,365,365,365,365,365,365,365,365,365,365,365,365,365,365,365,365,365,365,365,365,365,365,365,365,365,365,365,365,365,365,365,365,365,365
1,2002,INITIAL_VALUE,0.439990,0.000000,0.000000,0.000000,13.697091,2.220771,0.691643,0.376922,0.686925,0.017462,0.007830,3.087795,0.226167,0.243004,0.076461,0.076923,3.008475,2.135428,7.201984,5.512507,5.613431,6.591795,7.238856,7.625483,0.002626,0.000000,0.000000,0.000000,17538.156250,14345.688477,3192.605713,276.938293,14068.896484,2873.222900,247.801468,51.654617,20.062246,0.000000,4577.605957,1388.209839,479.190125,4098.562500,660.095581,210.645828,102.277573,0.000000,285.888947,76.129967,53.163364,0.000000,21236.363281,16158.865234,2550.596924,1524.759644,1002.781738,35.804886,0.012253,2.858232,43.374535,0.000000,0.000000,0.012052,0.000181,0.011872,1.508454,0.011474,0.011474,0.774872,0.000000,0.001266,0.000000,0.000000,0.000000,0.000243,0.000000,0.007932,0.001267,0.000000,0.000000,0.725650,596800.000000,4.000000,0.203443,298400.000000,2.000000,0.101721,298400.000000,2.000000,0.101721,0.000000,0.000000,0.000000,0.000000,0.000000,0.000000,208829.265625,1.399660,0.071188,298400.000000,2.000000,0.101721,13874517.000000,92.992744,4.729681,2367.033936,0.015865,0.000807,359439.343750,2.409111,0.122529,-8254432.000000,-55.324612,-2.813851,0.000000,0.000000,0.000000,0.000000,0.000000,0.000000,0.000000,0.000000,0.000000,490.963837,0.003291,0.000167,0.070237,0.000000,0.000000,41.660248,0.000279,0.000014,798.879700,0.005354,0.000272,0.000000,0.000000,0.000000,0.000000,0.000000,0.000000,0.000000,0.000000,0.000000,0.000000,0.000000,0.000000,0.000000,0.000000,51065815040.000000,41843.503906,17407.810547,42081271808.000000,34481.542969,14345.073242,8984454144.000000,7361.893066,3062.708252,0.000000,0.000000,0.000000,0.000000,0.000000,0.000000,13160573952.000000,10783.819336,4486.304199,3550308352.000000,2909.135010,1210.263672,7455629.000000,6.109168,2.541547,9783.455078,0.008017,0.003335,3719109.750000,3.047451,1.267806,121320064.000000,99.410080,41.356762,4425050.500000,3.625902,1.508454,33658.015625,0.027579,0.011474,33658.261719,0.027580,0.011474,161.707397,0.000133,0.000055,0.218612,0.000000,0.000000,285.088989,0.000234,0.000097,12865.403320,0.010542,0.004386,0.000000,0.000000,0.000000,0.000000,0.000000,0.000000,0.000000,0.000000,0.000000,0.000000,0.000000,0.000000,0.000000,0.000000,69183608.000000,470.316833,23.583981,1395958.625000,9.489861,0.475868,67787680.000000,460.827209,23.108124,0.000000,0.000000,0.000000,0.000000,0.000000,0.000000,51049856.000000,347.041840,17.402370,74641192.000000,507.418030,25.444416,3269550.500000,22.226719,1.114556,2367.262207,0.016093,0.000807,490933.500000,3.337413,0.167354,9656666.000000,65.646942,3.291858,0.000000,0.000000,0.000000,0.000000,0.000000,0.000000,0.000000,0.000000,0.000000,84.088448,0.000572,0.000029,0.014122,0.000000,0.000000,37.407261,0.000254,0.000013,1129.308838,0.007677,0.000385,0.000000,0.000000,0.000000,0.000000,0.000000,0.000000,0.000000,0.000000,0.000000,0.000000,0.000000,0.000000,0.000000,0.000000,2806400.000000,4.000000,0.956673,1403200.000000,2.000000,0.478336,1403200.000000,2.000000,0.478336,0.000000,0.000000,0.000000,0.000000,0.000000,0.000000,973122.375000,1.387004,0.331727,1403200.000000,2.000000,0.478336,70988488.000000,101.180855,24.199245,14548.405273,0.020736,0.004959,1928502.000000,2.748720,0.657407,-44515052.000000,-63.447910,-15.174724,0.000000,0.000000,0.000000,0.000000,0.000000,0.000000,0.000000,0.000000,0.000000,2645.032227,0.003770,0.000902,0.615163,0.000001,0.000000,187.195816,0.000267,0.000064,3109.071045,0.004431,0.001060,0.000000,0.000000,0.000000,0.000000,0.000000,0.000000,0.000000,0.000000,0.000000,0.000000,0.000000,0.000000,0.000000,0.000000,311898816.000000,436.100098,106.323097,3583.938232,0.005011,0.001222,311895136.000000,436.094971,106.321846,0.000000,0.000000,0.000000,0.000000,0.000000,0.000000,216294976.000000,302.425873,73.732735,445638656.000000,623.096558,151.913635,9445002.000000,13.206099,3.219704,6879.850098,0.009619,0.002345,1886666.250000,2.637956,0.643145,49031448.000000,68.556274,16.714315,0.000000,0.000000,0.000000,0.000000,0.000000,0.000000,0.000000,0.000000,0.000000,333.042084,0.000466,0.000114,0.115585,0.000000,0.000000,162.701050,0.000227,0.000055,5366.764648,0.007504,0.001829,0.000000,0.000000,0.000000,0.000000,0.000000,0.000000,0.000000,0.000000,0.000000,0.000000,0.000000,0.000000,0.000000,0.000000,60058476544.000000,21554.148438,20473.318359,2238472960.000000,15217.355469,763.072449
1,2002,FINAL_VALUE,0.027720,0.000000,0.000000,0.000000,1.500000,0.661875,0.074868,0.389129,0.164593,0.002180,0.003385,1.353034,0.205434,0.142485,0.042241,0.065620,2.684106,1.731066,5.548355,4.775263,5.663965,6.698119,7.337444,7.699766,0.000499,0.000000,0.000000,0.000000,17544.138672,14349.690430,3194.560059,276.648560,14073.162109,2875.131592,247.915833,51.606750,20.035046,0.000000,4564.038086,1391.920776,485.298035,4078.845947,656.936157,210.312347,102.909103,0.000000,289.980560,76.787666,54.984333,0.000000,21456.662109,16403.486328,2536.052002,1520.188599,996.990723,38.167816,0.012034,2.956875,46.090893,0.000000,0.000000,0.011733,0.000176,0.011557,0.000000,0.000000,0.000000,0.754304,0.000000,0.000963,0.000000,0.000000,0.000000,0.000118,0.000000,0.003465,0.000963,0.000000,0.000000,-0.757769,596800.000000,4.000000,0.203443,298400.000000,2.000000,0.101721,298400.000000,2.000000,0.101721,0.000000,0.000000,0.000000,0.000000,0.000000,0.000000,205535.453125,1.377583,0.070065,298400.000000,2.000000,0.101721,14803591.000000,99.219780,5.046392,2291.796387,0.015361,0.000781,368573.937500,2.470335,0.125643,-8317823.500000,-55.749485,-2.835460,0.000000,0.000000,0.000000,0.000000,0.000000,0.000000,0.000000,0.000000,0.000000,376.107971,0.002521,0.000128,0.035211,0.000000,0.000000,19.599495,0.000131,0.000007,185.525818,0.001243,0.000063,0.000000,0.000000,0.000000,0.000000,0.000000,0.000000,0.000000,0.000000,0.000000,0.000000,0.000000,0.000000,0.000000,0.000000,51082375168.000000,41857.074219,17413.457031,42093019136.000000,34491.164063,14349.077148,8989120512.000000,7365.716309,3064.298584,0.000000,0.000000,0.000000,0.000000,0.000000,0.000000,13114068992.000000,10745.713867,4470.451172,3546074112.000000,2905.665283,1208.820190,8122791.500000,6.655844,2.768976,9689.288086,0.007939,0.003303,3846922.250000,3.152181,1.311376,126830088.000000,103.925011,43.235073,0.000000,0.000000,0.000000,0.000000,0.000000,0.000000,0.000000,0.000000,0.000000,127.193520,0.000104,0.000043,0.183170,0.000000,0.000000,112.096802,0.000092,0.000038,5466.493652,0.004479,0.001863,0.000000,0.000000,0.000000,0.000000,0.000000,0.000000,0.000000,0.000000,0.000000,0.000000,0.000000,0.000000,0.000000,0.000000,69604352.000000,473.177094,23.727407,1395961.000000,9.489878,0.475869,68208312.000000,463.686707,23.251513,0.000000,0.000000,0.000000,0.000000,0.000000,0.000000,50610844.000000,344.057404,17.252716,74295872.000000,505.070526,25.326700,3537964.500000,24.051424,1.206056,2364.645020,0.016075,0.000806,501665.187500,3.410368,0.171013,9918655.000000,67.427979,3.381168,0.000000,0.000000,0.000000,0.000000,0.000000,0.000000,0.000000,0.000000,0.000000,38.971638,0.000265,0.000013,0.005041,0.000000,0.000000,14.493889,0.000099,0.000005,362.566010,0.002465,0.000124,0.000000,0.000000,0.000000,0.000000,0.000000,0.000000,0.000000,0.000000,0.000000,0.000000,0.000000,0.000000,0.000000,0.000000,2806400.000000,4.000000,0.956673,1403200.000000,2.000000,0.478336,1403200.000000,2.000000,0.478336,0.000000,0.000000,0.000000,0.000000,0.000000,0.000000,957459.000000,1.364679,0.326388,1403200.000000,2.000000,0.478336,75859792.000000,108.123993,25.859823,14168.589844,0.020195,0.004830,1993867.000000,2.841886,0.679689,-44776808.000000,-63.820988,-15.263953,0.000000,0.000000,0.000000,0.000000,0.000000,0.000000,0.000000,0.000000,0.000000,2113.417480,0.003012,0.000720,0.272996,0.000000,0.000000,99.515030,0.000142,0.000034,889.553650,0.001268,0.000303,0.000000,0.000000,0.000000,0.000000,0.000000,0.000000,0.000000,0.000000,0.000000,0.000000,0.000000,0.000000,0.000000,0.000000,312552416.000000,437.014008,106.545906,217.018250,0.000303,0.000074,312552288.000000,437.013855,106.545868,0.000000,0.000000,0.000000,0.000000,0.000000,0.000000,223411168.000000,312.375793,76.158577,461114144.000000,644.734558,157.189072,9642092.000000,13.481672,3.286890,6790.082520,0.009494,0.002315,1963012.250000,2.744704,0.669171,51553092.000000,72.082069,17.573919,0.000000,0.000000,0.000000,0.000000,0.000000,0.000000,0.000000,0.000000,0.000000,169.572311,0.000237,0.000058,0.089423,0.000000,0.000000,99.152664,0.000139,0.000034,3259.597412,0.004558,0.001111,0.000000,0.000000,0.000000,0.000000,0.000000,0.000000,0.000000,0.000000,0.000000,0.000000,0.000000,0.000000,0.000000,0.000000,60697358336.000000,21783.433594,20691.105469,2244993792.000000,15261.684570,765.295288
1,2002,ANNUAL_DELTA,-0.412270,0.000000,0.000000,0.000000,-12.197091,-1.558896,-0.616774,0.012207,-0.522332,-0.015282,-0.004445,-1.734760,-0.020733,-0.100518,-0.034220,-0.011303,-0.324368,-0.404361,-1.653629,-0.737244,0.050533,0.106323,0.098588,0.074283,-0.002128,0.000000,0.000000,0.000000,5.982422,4.001953,1.954346,-0.289734,4.265625,1.908691,0.114365,-0.047867,-0.027201,0.000000,-13.567871,3.710938,6.107910,-19.716553,-3.159424,-0.333481,0.631531,0.000000,4.091614,0.657700,1.820969,0.000000,220.298828,244.621094,-14.544922,-4.571045,-5.791016,2.362930,-0.000219,0.098643,2.716358,0.000000,0.000000,-0.000319,-0.000005,-0.000315,-1.508454,-0.011474,-0.011474,-0.020568,0.000000,-0.000303,0.000000,-0.000000,0.000000,-0.000126,0.000000,-0.004468,-0.000303,0.000000,0.000000,-1.483418,0.000000,0.000000,0.000000,0.000000,0.000000,0.000000,0.000000,0.000000,0.000000,0.000000,0.000000,0.000000,0.000000,0.000000,0.000000,-3293.812500,-0.022077,-0.001123,0.000000,0.000000,0.000000,929074.000000,6.227036,0.316711,-75.237549,-0.000504,-0.000026,9134.593750,0.061224,0.003114,-63391.500000,-0.424873,-0.021609,0.000000,0.000000,0.000000,0.000000,0.000000,0.000000,0.000000,0.000000,0.000000,-114.855865,-0.000770,-0.000039,-0.035026,-0.000000,-0.000000,-22.060753,-0.000148,-0.000008,-613.353882,-0.004111,-0.000209,0.000000,0.000000,0.000000,0.000000,0.000000,0.000000,0.000000,0.000000,0.000000,0.000000,0.000000,0.000000,0.000000,0.000000,16560128.000000,13.570313,5.646484,11747328.000000,9.621094,4.003906,4666368.000000,3.823242,1.590332,0.000000,0.000000,0.000000,0.000000,0.000000,0.000000,-46504960.000000,-38.105469,-15.853027,-4234240.000000,-3.469727,-1.443481,667162.500000,0.546676,0.227429,-94.166992,-0.000077,-0.000032,127812.500000,0.104730,0.043570,5510024.000000,4.514931,1.878311,-4425050.500000,-3.625902,-1.508454,-33658.015625,-0.027579,-0.011474,-33658.261719,-0.027580,-0.011474,-34.513878,-0.000028,-0.000012,-0.035442,-0.000000,-0.000000,-172.992188,-0.000142,-0.000059,-7398.909668,-0.006063,-0.002522,0.000000,0.000000,0.000000,0.000000,0.000000,0.000000,0.000000,0.000000,0.000000,0.000000,0.000000,0.000000,0.000000,0.000000,420744.000000,2.860260,0.143427,2.375000,0.000016,0.000001,420632.000000,2.859497,0.143389,0.000000,0.000000,0.000000,0.000000,0.000000,0.000000,-439012.000000,-2.984436,-0.149654,-345320.000000,-2.347504,-0.117716,268414.000000,1.824705,0.091500,-2.617188,-0.000018,-0.000001,10731.687500,0.072955,0.003658,261989.000000,1.781036,0.089310,0.000000,0.000000,0.000000,0.000000,0.000000,0.000000,0.000000,0.000000,0.000000,-45.116810,-0.000307,-0.000015,-0.009081,-0.000000,-0.000000,-22.913372,-0.000156,-0.000008,-766.742828,-0.005212,-0.000261,0.000000,0.000000,0.000000,0.000000,0.000000,0.000000,0.000000,0.000000,0.000000,0.000000,0.000000,0.000000,0.000000,0.000000,0.000000,0.000000,0.000000,0.000000,0.000000,0.000000,0.000000,0.000000,0.000000,0.000000,0.000000,0.000000,0.000000,0.000000,0.000000,-15663.375000,-0.022325,-0.005339,0.000000,0.000000,0.000000,4871304.000000,6.943138,1.660578,-379.815430,-0.000541,-0.000129,65365.000000,0.093166,0.022282,-261756.000000,-0.373077,-0.089230,0.000000,0.000000,0.000000,0.000000,0.000000,0.000000,0.000000,0.000000,0.000000,-531.614746,-0.000758,-0.000181,-0.342166,-0.000000,-0.000000,-87.680786,-0.000125,-0.000030,-2219.517395,-0.003164,-0.000757,0.000000,0.000000,0.000000,0.000000,0.000000,0.000000,0.000000,0.000000,0.000000,0.000000,0.000000,0.000000,0.000000,0.000000,653600.000000,0.913910,0.222809,-3366.919983,-0.004708,-0.001148,657152.000000,0.918884,0.224022,0.000000,0.000000,0.000000,0.000000,0.000000,0.000000,7116192.000000,9.949921,2.425842,15475488.000000,21.638000,5.275436,197090.000000,0.275574,0.067186,-89.767578,-0.000126,-0.000031,76346.000000,0.106748,0.026026,2521644.000000,3.525795,0.859604,0.000000,0.000000,0.000000,0.000000,0.000000,0.000000,0.000000,0.000000,0.000000,-163.469772,-0.000229,-0.000056,-0.026162,-0.000000,-0.000000,-63.548386,-0.000089,-0.000022,-2107.167236,-0.002946,-0.000718,0.000000,0.000000,0.000000,0.000000,0.000000,0.000000,0.000000,0.000000,0.000000,0.000000,0.000000,0.000000,0.000000,0.000000,638881792.000000,229.285156,217.787109,6520832.000000,44.329102,2.222839
1,2002,MIN_VALUE,0.000000,0.000000,0.000000,0.000000,0.000000,0.049846,0.000025,0.022868,0.021293,0.001740,0.003385,0.094916,0.068033,0.068810,0.038375,0.064036,1.915837,0.372390,0.800139,2.126549,4.357345,5.807492,6.769272,7.344678,0.000000,0.000000,0.000000,0.000000,17538.156250,14345.688477,3192.605713,276.648560,14068.896484,2873.222900,247.801468,51.606750,20.035046,0.000000,4397.987305,1263.849731,437.654694,3960.373291,625.148743,205.865616,101.324875,0.000000,215.512833,65.127655,50.543446,0.000000,21236.363281,16158.865234,2536.052002,1520.188599,996.990723,35.597065,0.012034,2.858232,43.374535,0.000000,0.000000,0.010199,0.000153,0.010046,0.000000,0.000000,0.000000,0.136621,0.000000,0.000250,0.000000,0.000000,0.000000,0.000026,0.000000,0.000668,0.000250,0.000000,0.000000,-0.840719,596800.000000,4.000000,0.203443,298400.000000,2.000000,0.101721,298400.000000,2.000000,0.101721,0.000000,0.000000,0.000000,0.000000,0.000000,0.000000,205535.453125,1.377583,0.070065,298400.000000,2.000000,0.101721,13710486.000000,91.893341,4.673764,2291.796387,0.015361,0.000781,357143.562500,2.393723,0.121747,-8374861.000000,-56.131775,-2.854904,0.000000,0.000000,0.000000,0.000000,0.000000,0.000000,0.000000,0.000000,0.000000,95.995682,0.000643,0.000033,0.025344,0.000000,0.000000,5.606211,0.000038,0.000002,72.983437,0.000489,0.000025,0.000000,0.000000,0.000000,0.000000,0.000000,0.000000,0.000000,0.000000,0.000000,0.000000,0.000000,0.000000,0.000000,0.000000,51065815040.000000,41843.503906,17407.810547,42081271808.000000,34481.542969,14345.073242,8984454144.000000,7361.893066,3062.708252,0.000000,0.000000,0.000000,0.000000,0.000000,0.000000,12631579648.000000,10350.360352,4305.975586,3353404672.000000,2747.791260,1143.141113,6669861.500000,5.465308,2.273687,9670.724609,0.007924,0.003297,3719109.750000,3.047451,1.267806,120667352.000000,98.875244,41.134258,0.000000,0.000000,0.000000,0.000000,0.000000,0.000000,0.000000,0.000000,0.000000,22.081921,0.000018,0.000008,0.176873,0.000000,0.000000,16.587431,0.000014,0.000006,763.484009,0.000626,0.000260,0.000000,0.000000,0.000000,0.000000,0.000000,0.000000,0.000000,0.000000,0.000000,0.000000,0.000000,0.000000,0.000000,0.000000,69183608.000000,470.316833,23.583981,1395958.625000,9.489861,0.475868,67787680.000000,460.827209,23.108124,0.000000,0.000000,0.000000,0.000000,0.000000,0.000000,34264812.000000,232.935501,11.680522,54573492.000000,370.995880,18.603542,3260674.750000,22.166382,1.111531,2334.076416,0.015867,0.000796,484612.781250,3.294445,0.165200,9410259.000000,63.971851,3.207861,0.000000,0.000000,0.000000,0.000000,0.000000,0.000000,0.000000,0.000000,0.000000,0.559997,0.000004,0.000000,0.003777,0.000000,0.000000,0.124791,0.000001,0.000000,4.351082,0.000030,0.000001,0.000000,0.000000,0.000000,0.000000,0.000000,0.000000,0.000000,0.000000,0.000000,0.000000,0.000000,0.000000,0.000000,0.000000,2806400.000000,4.000000,0.956673,1403200.000000,2.000000,0.478336,1403200.000000,2.000000,0.478336,0.000000,0.000000,0.000000,0.000000,0.000000,0.000000,957459.000000,1.364679,0.326388,1403200.000000,2.000000,0.478336,70379592.000000,100.312988,23.991680,14168.589844,0.020195,0.004830,1928502.000000,2.748720,0.657407,-44956868.000000,-64.077637,-15.325335,0.000000,0.000000,0.000000,0.000000,0.000000,0.000000,0.000000,0.000000,0.000000,571.775513,0.000815,0.000195,0.196599,0.000000,0.000000,30.526369,0.000044,0.000010,356.055786,0.000507,0.000121,0.000000,0.000000,0.000000,0.000000,0.000000,0.000000,0.000000,0.000000,0.000000,0.000000,0.000000,0.000000,0.000000,0.000000,311898816.000000,436.100098,106.323097,217.018250,0.000303,0.000074,311895136.000000,436.094971,106.321846,0.000000,0.000000,0.000000,0.000000,0.000000,0.000000,176855584.000000,247.281296,60.288254,267498752.000000,374.019501,91.187576,8054088.500000,11.261309,2.745556,6769.959961,0.009466,0.002308,1886666.250000,2.637956,0.643145,49031448.000000,68.556274,16.714315,0.000000,0.000000,0.000000,0.000000,0.000000,0.000000,0.000000,0.000000,0.000000,31.956512,0.000045,0.000011,0.079801,0.000000,0.000000,19.703039,0.000028,0.000007,682.863770,0.000955,0.000233,0.000000,0.000000,0.000000,0.000000,0.000000,0.000000,0.000000,0.000000,0.000000,0.000000,0.000000,0.000000,0.000000,0.000000,60058476544.000000,21554.148438,20473.318359,2238472960.000000,15217.355469,763.072449
1,2002,MIN_VALUE_JDAY,3.000000,1.000000,1.000000,1.000000,3.000000,309.000000,309.000000,309.000000,310.000000,348.000000,365.000000,309.000000,309.000000,310.000000,343.000000,344.000000,28.000000,307.000000,28.000000,29.000000,29.000000,29.000000,29.000000,29.000000,3.000000,1.000000,1.000000,1.000000,1.000000,1.000000,1.000000,365.000000,1.000000,1.000000,1.000000,365.000000,365.000000,1.000000,349.000000,262.000000,328.000000,349.000000,262.000000,262.000000,349.000000,1.000000,262.000000,262.000000,349.000000,1.000000,1.000000,1.000000,365.000000,365.000000,365.000000,182.000000,355.000000,1.000000,1.000000,1.000000,1.000000,343.000000,343.000000,343.000000,350.000000,350.000000,350.000000,225.000000,1.000000,309.000000,1.000000,310.000000,1.000000,310.000000,1.000000,310.000000,309.000000,1.000000,1.000000,354.000000,1.000000,1.000000,1.000000,1.000000,1.000000,1.000000,1.000000,1.000000,1.000000,1.000000,1.000000,1.000000,1.000000,1.000000,1.000000,365.000000,365.000000,365.000000,1.000000,1.000000,1.000000,87.000000,87.000000,87.000000,365.000000,365.000000,365.000000,133.000000,133.000000,133.000000,346.000000,346.000000,346.000000,1.000000,1.000000,1.000000,1.000000,1.000000,1.000000,1.000000,1.000000,1.000000,310.000000,310.000000,310.000000,313.000000,313.000000,313.000000,311.000000,311.000000,311.000000,316.000000,316.000000,316.000000,1.000000,1.000000,1.000000,1.000000,1.000000,1.000000,1.000000,1.000000,1.000000,1.000000,1.000000,1.000000,1.000000,1.000000,1.000000,1.000000,1.000000,1.000000,1.000000,1.000000,1.000000,1.000000,1.000000,1.000000,1.000000,1.000000,1.000000,1.000000,1.000000,349.000000,349.000000,349.000000,349.000000,349.000000,349.000000,144.000000,144.000000,144.000000,208.000000,208.000000,208.000000,1.000000,1.000000,1.000000,61.000000,61.000000,61.000000,350.000000,350.000000,350.000000,350.000000,350.000000,350.000000,350.000000,350.000000,350.000000,231.000000,231.000000,231.000000,232.000000,232.000000,232.000000,231.000000,231.000000,231.000000,231.000000,231.000000,231.000000,1.000000,1.000000,1.000000,1.000000,1.000000,1.000000,1.000000,1.000000,1.000000,1.000000,1.000000,1.000000,1.000000,1.000000,1.000000,1.000000,1.000000,1.000000,1.000000,1.000000,1.000000,1.000000,1.000000,1.000000,1.000000,1.000000,1.000000,1.000000,1.000000,262.000000,262.000000,262.000000,262.000000,262.000000,262.000000,194.000000,194.000000,194.000000,207.000000,207.000000,207.000000,122.000000,122.000000,122.000000,128.000000,128.000000,128.000000,1.000000,1.000000,1.000000,1.000000,1.000000,1.000000,1.000000,1.000000,1.000000,272.000000,272.000000,272.000000,342.000000,342.000000,342.000000,272.000000,272.000000,272.000000,272.000000,272.000000,272.000000,1.000000,1.000000,1.000000,1.000000,1.000000,1.000000,1.000000,1.000000,1.000000,1.000000,1.000000,1.000000,1.000000,1.000000,1.000000,1.000000,1.000000,1.000000,1.000000,1.000000,1.000000,1.000000,1.000000,1.000000,1.000000,1.000000,1.000000,1.000000,1.000000,365.000000,365.000000,365.000000,1.000000,1.000000,1.000000,84.000000,84.000000,84.000000,365.000000,365.000000,365.000000,1.000000,1.000000,1.000000,348.000000,348.000000,348.000000,1.000000,1.000000,1.000000,1.000000,1.000000,1.000000,1.000000,1.000000,1.000000,309.000000,309.000000,309.000000,309.000000,309.000000,309.000000,309.000000,309.000000,309.000000,310.000000,310.000000,310.000000,1.000000,1.000000,1.000000,1.000000,1.000000,1.000000,1.000000,1.000000,1.000000,1.000000,1.000000,1.000000,1.000000,1.000000,1.000000,1.000000,1.000000,365.000000,365.000000,365.000000,1.000000,1.000000,1.000000,1.000000,1.000000,1.000000,1.000000,1.000000,1.000000,152.000000,152.000000,152.000000,262.000000,262.000000,262.000000,262.000000,262.000000,262.000000,262.000000,262.000000,262.000000,1.000000,1.000000,1.000000,1.000000,1.000000,1.000000,1.000000,1.000000,1.000000,1.000000,1.000000,1.000000,1.000000,1.000000,1.000000,246.000000,246.000000,246.000000,309.000000,309.000000,309.000000,309.000000,309.000000,309.000000,309.000000,309.000000,309.000000,1.000000,1.000000,1.000000,1.000000,1.000000,1.000000,1.000000,1.000000,1.000000,1.000000,1.000000,1.000000,1.000000,1.000000,1.000000,1.000000,1.000000,1.000000,1.000000,1.000000
1,2002,MAX_VALUE,1.418592,0.000000,0.000000,0.000000,37.306358,4.807782,1.878132,1.733196,1.116766,0.020086,0.008402,4.555526,0.281084,0.260142,0.084925,0.078732,9.098223,4.136762,24.442875,20.490685,15.043547,11.877810,10.243541,9.364444,0.006820,0.000000,0.000000,0.000000,17881.166016,14537.807617,3351.882813,355.285828,14197.317383,2922.754395,340.249725,64.521210,24.539612,0.000000,4577.605957,1391.920776,485.298035,4098.562500,660.095581,210.645828,102.909103,0.000000,289.980560,76.787666,54.984333,0.000000,21456.662109,16403.486328,2550.596924,1524.759644,1002.781738,38.167816,0.012253,2.956875,46.090893,0.000000,0.000000,0.029719,0.000446,0.029274,5.422835,0.073792,0.073792,1.274211,0.000000,0.002310,0.000000,0.000000,0.000000,0.000432,0.000000,0.014809,0.002310,0.000000,0.000000,4.360471,596800.000000,4.000000,0.203443,298400.000000,2.000000,0.101721,298400.000000,2.000000,0.101721,0.000000,0.000000,0.000000,0.000000,0.000000,0.000000,208829.265625,1.399660,0.071188,298400.000000,2.000000,0.101721,14804295.000000,99.224503,5.046632,2367.033936,0.015865,0.000807,368573.937500,2.470335,0.125643,-7947630.500000,-53.268299,-2.709265,0.000000,0.000000,0.000000,0.000000,0.000000,0.000000,0.000000,0.000000,0.000000,947.987854,0.006354,0.000323,0.083706,0.000001,0.000000,65.162010,0.000437,0.000022,1119.168091,0.007501,0.000382,0.000000,0.000000,0.000000,0.000000,0.000000,0.000000,0.000000,0.000000,0.000000,0.000000,0.000000,0.000000,0.000000,0.000000,51788427264.000000,42435.617188,17654.142578,42597130240.000000,34904.234375,14520.923828,9191230464.000000,7531.326172,3133.196045,0.000000,0.000000,0.000000,0.000000,0.000000,0.000000,13160573952.000000,10783.819336,4486.304199,3550308352.000000,2909.135010,1210.263672,8122791.500000,6.655844,2.768976,9783.455078,0.008017,0.003335,3846922.250000,3.152181,1.311376,126830088.000000,103.925011,43.235073,5670160.000000,4.646149,1.932899,43128.843750,0.035340,0.014702,43128.808594,0.035340,0.014702,379.280151,0.000311,0.000129,0.225247,0.000000,0.000000,568.418091,0.000466,0.000194,27454.132813,0.022496,0.009359,0.000000,0.000000,0.000000,0.000000,0.000000,0.000000,0.000000,0.000000,0.000000,0.000000,0.000000,0.000000,0.000000,0.000000,115686704.000000,786.449341,39.436405,21837820.000000,148.455612,7.444289,93848888.000000,637.993774,31.992121,0.000000,0.000000,0.000000,0.000000,0.000000,0.000000,51049856.000000,347.041840,17.402370,74641192.000000,507.418030,25.444416,3742989.500000,25.445204,1.275947,2414.078613,0.016411,0.000823,501665.187500,3.410368,0.171013,9918655.000000,67.427979,3.381168,1592696.375000,10.827304,0.542934,22860.583984,0.155408,0.007793,22860.556641,0.155408,0.007793,177.437622,0.001206,0.000060,0.026545,0.000000,0.000000,74.911079,0.000509,0.000026,2033.382446,0.013823,0.000693,0.000000,0.000000,0.000000,0.000000,0.000000,0.000000,0.000000,0.000000,0.000000,0.000000,0.000000,0.000000,0.000000,0.000000,2806400.000000,4.000000,0.956673,1403200.000000,2.000000,0.478336,1403200.000000,2.000000,0.478336,0.000000,0.000000,0.000000,0.000000,0.000000,0.000000,973122.375000,1.387004,0.331727,1403200.000000,2.000000,0.478336,75877728.000000,108.149559,25.865938,14548.405273,0.020736,0.004959,1994007.250000,2.842086,0.679737,-42964328.000000,-61.237640,-14.646098,0.000000,0.000000,0.000000,0.000000,0.000000,0.000000,0.000000,0.000000,0.000000,4770.578125,0.006800,0.001626,0.681197,0.000001,0.000000,275.349457,0.000392,0.000094,4154.051270,0.005921,0.001416,0.000000,0.000000,0.000000,0.000000,0.000000,0.000000,0.000000,0.000000,0.000000,0.000000,0.000000,0.000000,0.000000,0.000000,608524480.000000,850.845154,207.439728,94816120.000000,132.572876,32.321842,563048128.000000,787.259705,191.937332,0.000000,0.000000,0.000000,0.000000,0.000000,0.000000,224909152.000000,314.470276,76.669220,461114144.000000,644.734558,157.189072,11795434.000000,16.492496,4.020942,6938.341309,0.009701,0.002365,1963603.125000,2.745530,0.669372,51601776.000000,72.150131,17.590515,12619709.000000,17.645006,4.301929,181135.765625,0.253266,0.061747,181135.906250,0.253266,0.061747,703.351685,0.000983,0.000240,0.174288,0.000000,0.000000,310.151947,0.000434,0.000106,9993.435547,0.013973,0.003407,0.000000,0.000000,0.000000,0.000000,0.000000,0.000000,3492109.500000,4.882703,1.190424,7152.000000,97596.640625,0.136461,0.033270,7152.000000,60697358336.000000,21783.433594,20691.105469,2244993792.000000,15261.684570,765.295288
1,2002,MAX_VALUE_JDAY,52.000000,1.000000,1.000000,1.000000,52.000000,7.000000,52.000000,8.000000,56.000000,61.000000,62.000000,55.000000,7.000000,55.000000,59.000000,57.000000,225.000000,164.000000,225.000000,225.000000,205.000000,205.000000,205.000000,205.000000,348.000000,1.000000,1.000000,1.000000,258.000000,182.000000,262.000000,182.000000,349.000000,262.000000,262.000000,262.000000,349.000000,1.000000,1.000000,365.000000,365.000000,1.000000,1.000000,1.000000,365.000000,1.000000,365.000000,365.000000,365.000000,1.000000,365.000000,365.000000,1.000000,1.000000,1.000000,365.000000,1.000000,365.000000,365.000000,1.000000,1.000000,205.000000,205.000000,205.000000,153.000000,153.000000,153.000000,179.000000,1.000000,54.000000,1.000000,9.000000,1.000000,8.000000,1.000000,8.000000,54.000000,1.000000,1.000000,153.000000,1.000000,1.000000,1.000000,1.000000,1.000000,1.000000,1.000000,1.000000,1.000000,1.000000,1.000000,1.000000,1.000000,1.000000,1.000000,1.000000,1.000000,1.000000,1.000000,1.000000,1.000000,352.000000,352.000000,352.000000,1.000000,1.000000,1.000000,365.000000,365.000000,365.000000,113.000000,113.000000,113.000000,1.000000,1.000000,1.000000,1.000000,1.000000,1.000000,1.000000,1.000000,1.000000,55.000000,55.000000,55.000000,10.000000,10.000000,10.000000,56.000000,56.000000,56.000000,57.000000,57.000000,57.000000,1.000000,1.000000,1.000000,1.000000,1.000000,1.000000,1.000000,1.000000,1.000000,1.000000,1.000000,1.000000,1.000000,1.000000,349.000000,349.000000,349.000000,349.000000,349.000000,349.000000,349.000000,349.000000,349.000000,1.000000,1.000000,1.000000,1.000000,1.000000,1.000000,1.000000,1.000000,1.000000,1.000000,1.000000,1.000000,365.000000,365.000000,365.000000,1.000000,1.000000,1.000000,365.000000,365.000000,365.000000,365.000000,365.000000,365.000000,53.000000,53.000000,53.000000,53.000000,53.000000,53.000000,53.000000,53.000000,53.000000,8.000000,8.000000,8.000000,9.000000,9.000000,9.000000,8.000000,8.000000,8.000000,8.000000,8.000000,8.000000,1.000000,1.000000,1.000000,1.000000,1.000000,1.000000,1.000000,1.000000,1.000000,1.000000,1.000000,1.000000,1.000000,1.000000,262.000000,262.000000,262.000000,262.000000,262.000000,262.000000,262.000000,262.000000,262.000000,1.000000,1.000000,1.000000,1.000000,1.000000,1.000000,1.000000,1.000000,1.000000,1.000000,1.000000,1.000000,145.000000,145.000000,145.000000,145.000000,145.000000,145.000000,365.000000,365.000000,365.000000,365.000000,365.000000,365.000000,157.000000,157.000000,157.000000,157.000000,157.000000,157.000000,157.000000,157.000000,157.000000,53.000000,53.000000,53.000000,54.000000,54.000000,54.000000,8.000000,8.000000,8.000000,8.000000,8.000000,8.000000,1.000000,1.000000,1.000000,1.000000,1.000000,1.000000,1.000000,1.000000,1.000000,1.000000,1.000000,1.000000,1.000000,1.000000,1.000000,1.000000,1.000000,1.000000,1.000000,1.000000,1.000000,1.000000,1.000000,1.000000,1.000000,1.000000,1.000000,1.000000,1.000000,1.000000,1.000000,1.000000,1.000000,1.000000,1.000000,349.000000,349.000000,349.000000,1.000000,1.000000,1.000000,354.000000,354.000000,354.000000,117.000000,117.000000,117.000000,1.000000,1.000000,1.000000,1.000000,1.000000,1.000000,1.000000,1.000000,1.000000,8.000000,8.000000,8.000000,9.000000,9.000000,9.000000,55.000000,55.000000,55.000000,57.000000,57.000000,57.000000,1.000000,1.000000,1.000000,1.000000,1.000000,1.000000,1.000000,1.000000,1.000000,1.000000,1.000000,1.000000,1.000000,1.000000,258.000000,258.000000,258.000000,182.000000,182.000000,182.000000,262.000000,262.000000,262.000000,1.000000,1.000000,1.000000,1.000000,1.000000,1.000000,259.000000,259.000000,259.000000,365.000000,365.000000,365.000000,145.000000,145.000000,145.000000,145.000000,145.000000,145.000000,345.000000,345.000000,345.000000,346.000000,346.000000,346.000000,153.000000,153.000000,153.000000,153.000000,153.000000,153.000000,153.000000,153.000000,153.000000,53.000000,53.000000,53.000000,54.000000,54.000000,54.000000,8.000000,8.000000,8.000000,8.000000,8.000000,8.000000,1.000000,1.000000,1.000000,1.000000,1.000000,1.000000,122.000000,122.000000,122.000000,122.000000,183.000000,183.000000,183.000000,61.000000,365.000000,365.000000,365.000000,365.000000,365.000000,365.000000
1,2002,ANNUAL_SUM,19.626598,0.000000,0.000000,0.000000,722.615056,235.250819,38.014231,85.511900,87.232093,2.918076,1.947920,474.645162,54.974753,51.891976,22.651523,25.876445,1535.852931,663.319250,4131.346733,3810.094477,3528.224369,3264.439553,3138.484157,3073.839147,0.164899,0.000000,0.000000,0.000000,6480829.626953,5284948.826172,1195945.921631,116936.412445,5167977.867188,1057994.976807,107518.016556,21966.366753,8480.471703,0.000000,1633416.001465,481557.545288,164751.097015,1468711.695557,234018.653320,75737.573822,37136.798134,0.000000,90644.001022,25150.486580,18867.026703,0.000000,7788141.943359,5939344.125000,928298.799072,555701.140747,364970.940247,13306.856297,4.422074,1060.768778,16369.287083,0.000000,0.000000,6.606019,0.099090,6.506929,416.472547,4.305523,4.305523,271.243645,0.000000,0.269229,0.000000,0.000086,0.000000,0.040273,0.000000,1.225369,0.269315,0.000000,0.000000,144.003532,217832000.000000,1460.000000,74.256692,108916000.000000,730.000000,37.128346,108916000.000000,730.000000,37.128346,0.000000,0.000000,0.000000,0.000000,0.000000,0.000000,75652570.515625,507.054760,25.789184,108916000.000000,730.000000,37.128346,5167531481.000000,34634.929504,1761.558369,847047.571777,5.677263,0.288750,131895128.812500,884.015610,44.961694,-2979355664.500000,-19968.871773,-1015.631727,0.000000,0.000000,0.000000,0.000000,0.000000,0.000000,0.000000,0.000000,0.000000,105128.784485,0.704617,0.035837,15.362713,0.000103,0.000005,7227.269558,0.048440,0.002464,115117.062065,0.771562,0.039242,0.000000,0.000000,0.000000,0.000000,0.000000,0.000000,0.000000,0.000000,0.000000,0.000000,0.000000,0.000000,0.000000,0.000000,18823337103360.000000,15423907.804688,6416682.160156,15491277336576.000000,12693606.527344,5280817.235352,3332080874496.000000,2730318.655762,1135872.129150,0.000000,0.000000,0.000000,0.000000,0.000000,0.000000,4700035356672.000000,3851225.298828,1602193.750977,1254408173824.000000,1027866.416504,427614.854126,2633867566.500000,2158.200240,897.858387,3539113.332031,2.899962,1.206447,1379524705.250000,1130.387336,470.265794,45070889816.000000,36931.243690,15364.203091,727067550.921875,595.761677,247.849856,5530292.023010,4.531540,1.885220,5530292.270386,4.531541,1.885220,26790.682018,0.021952,0.009133,69.812157,0.000057,0.000024,40862.899805,0.033483,0.013930,1852548.698181,1.517985,0.631515,0.000000,0.000000,0.000000,0.000000,0.000000,0.000000,0.000000,0.000000,0.000000,0.000000,0.000000,0.000000,0.000000,0.000000,32113057800.000000,218307.665131,10947.011311,3515888536.125000,23901.349682,1198.530263,28597173240.000000,194406.346985,9748.482492,0.000000,0.000000,0.000000,0.000000,0.000000,0.000000,15678704356.000000,106585.345444,5344.709171,23418807600.000000,159203.314209,7983.230808,1254067055.000000,8525.268887,427.498569,863800.494629,5.872199,0.294461,179106860.468750,1217.585725,61.055688,3506306121.000000,23836.207500,1195.263721,46503071.626465,316.132370,15.852419,667476.198380,4.537568,0.227536,667476.203369,4.537568,0.227536,12719.850932,0.086471,0.004336,3.359075,0.000023,0.000001,5086.963310,0.034582,0.001734,144473.910214,0.982148,0.049250,0.000000,0.000000,0.000000,0.000000,0.000000,0.000000,0.000000,0.000000,0.000000,0.000000,0.000000,0.000000,0.000000,0.000000,1024336000.000000,1460.000000,349.185611,512168000.000000,730.000000,174.592806,512168000.000000,730.000000,174.592806,0.000000,0.000000,0.000000,0.000000,0.000000,0.000000,352517264.562500,502.447640,120.169512,512168000.000000,730.000000,174.592806,26511447936.000000,37787.126495,9037.480148,5225121.661133,7.447437,1.781190,714301221.375000,1018.103225,243.497945,-16047587496.000000,-22872.844208,-5470.457641,0.000000,0.000000,0.000000,0.000000,0.000000,0.000000,0.000000,0.000000,0.000000,582462.961792,0.830192,0.198556,128.167243,0.000183,0.000044,34399.459976,0.049030,0.011726,472503.546173,0.673466,0.161072,0.000000,0.000000,0.000000,0.000000,0.000000,0.000000,0.000000,0.000000,0.000000,0.000000,0.000000,0.000000,0.000000,0.000000,155618243136.000000,217587.029694,53048.659752,8484690451.343201,11863.381517,2892.343782,147133528800.000000,205723.611450,50156.307785,0.000000,0.000000,0.000000,0.000000,0.000000,0.000000,75724289056.000000,105878.480164,25813.631905,134195228912.000000,187633.150421,45745.774406,3469194659.000000,4850.663676,1182.612803,2498024.852539,3.492764,0.851551,706948453.000000,988.462604,240.991462,18469035064.000000,25823.594841,6295.904219,448151451.131729,626.609966,152.770223,6432488.913123,8.993972,2.192769,6432485.499061,8.993967,2.192768,62682.194046,0.087643,0.021368,36.687349,0.000051,0.000013,30563.130529,0.042734,0.010419,1009977.486877,1.412161,0.344291,0.000000,0.000000,0.000000,0.000000,0.000000,0.000000,13968438.000000,19.530813,4.761697,28608.000000,539401.031250,0.754196,0.183876,100128.000000,22028141862912.000000,7905592.115234,7509167.148438,818242842624.000000,5562493.835938,278930.575378
1,2002,ANNUAL_AVERAGE,0.053772,0.000000,0.000000,0.000000,1.979767,0.644523,0.104149,0.234279,0.238992,0.007995,0.005337,1.300398,0.150616,0.142170,0.062059,0.070894,4.207816,1.817313,11.318758,10.438615,9.666368,8.943670,8.598587,8.421477,0.000452,0.000000,0.000000,0.000000,17755.697608,14479.311853,3276.564169,320.373733,14158.843472,2898.616375,294.569908,60.181827,23.234169,0.000000,4475.112333,1319.335741,451.372869,4023.867659,641.146995,207.500202,101.744652,0.000000,248.339729,68.905443,51.690484,0.000000,21337.375187,16272.175685,2543.284381,1522.468879,999.920384,36.457141,0.012115,2.906216,44.847362,0.000000,0.000000,0.018099,0.000271,0.017827,1.141021,0.011796,0.011796,0.743133,0.000000,0.000738,0.000000,0.000000,0.000000,0.000110,0.000000,0.003357,0.000738,0.000000,0.000000,0.394530,596800.000000,4.000000,0.203443,298400.000000,2.000000,0.101721,298400.000000,2.000000,0.101721,0.000000,0.000000,0.000000,0.000000,0.000000,0.000000,207267.316481,1.389191,0.070655,298400.000000,2.000000,0.101721,14157620.495890,94.890218,4.826187,2320.678279,0.015554,0.000791,361356.517295,2.421961,0.123183,-8162618.258904,-54.709238,-2.782553,0.000000,0.000000,0.000000,0.000000,0.000000,0.000000,0.000000,0.000000,0.000000,288.024067,0.001930,0.000098,0.042090,0.000000,0.000000,19.800739,0.000133,0.000007,315.389211,0.002114,0.000108,0.000000,0.000000,0.000000,0.000000,0.000000,0.000000,0.000000,0.000000,0.000000,0.000000,0.000000,0.000000,0.000000,0.000000,51570786584.547940,42257.281657,17579.951124,42441855716.646576,34777.004185,14467.992426,9128988697.249315,7480.325084,3111.978436,0.000000,0.000000,0.000000,0.000000,0.000000,0.000000,12876809196.361645,10551.302189,4389.571920,3436734722.805480,2816.072374,1171.547546,7216075.524658,5.912877,2.459886,9696.200910,0.007945,0.003305,3779519.740411,3.096952,1.288399,123481889.906849,101.181490,42.093707,1991965.892937,1.632224,0.679041,15151.484995,0.012415,0.005165,15151.485672,0.012415,0.005165,73.399129,0.000060,0.000025,0.191266,0.000000,0.000000,111.953150,0.000092,0.000038,5075.475885,0.004159,0.001730,0.000000,0.000000,0.000000,0.000000,0.000000,0.000000,0.000000,0.000000,0.000000,0.000000,0.000000,0.000000,0.000000,0.000000,87980980.273973,598.103192,29.991812,9632571.331849,65.483150,3.283645,78348419.835616,532.620129,26.708171,0.000000,0.000000,0.000000,0.000000,0.000000,0.000000,42955354.400000,292.014645,14.643039,64161116.712329,436.173464,21.871865,3435800.150685,23.356901,1.171229,2366.576698,0.016088,0.000807,490703.727312,3.335851,0.167276,9606318.139726,65.304678,3.274695,127405.675689,0.866116,0.043431,1828.701913,0.012432,0.000623,1828.701927,0.012432,0.000623,34.848907,0.000237,0.000012,0.009203,0.000000,0.000000,13.936886,0.000095,0.000005,395.818932,0.002691,0.000135,0.000000,0.000000,0.000000,0.000000,0.000000,0.000000,0.000000,0.000000,0.000000,0.000000,0.000000,0.000000,0.000000,0.000000,2806400.000000,4.000000,0.956673,1403200.000000,2.000000,0.478336,1403200.000000,2.000000,0.478336,0.000000,0.000000,0.000000,0.000000,0.000000,0.000000,965800.724829,1.376569,0.329232,1403200.000000,2.000000,0.478336,72634103.934247,103.526374,24.760220,14315.401811,0.020404,0.004880,1956989.647603,2.789324,0.667118,-43965993.139726,-62.665327,-14.987555,0.000000,0.000000,0.000000,0.000000,0.000000,0.000000,0.000000,0.000000,0.000000,1595.788936,0.002274,0.000544,0.351143,0.000001,0.000000,94.245096,0.000134,0.000032,1294.530263,0.001845,0.000441,0.000000,0.000000,0.000000,0.000000,0.000000,0.000000,0.000000,0.000000,0.000000,0.000000,0.000000,0.000000,0.000000,0.000000,426351351.057534,596.128848,145.338794,23245727.263954,32.502415,7.924230,403105558.356164,563.626333,137.414542,0.000000,0.000000,0.000000,0.000000,0.000000,0.000000,207463805.632877,290.078028,70.722279,367658161.402740,514.063426,125.330889,9504642.901370,13.289490,3.240035,6843.903706,0.009569,0.002333,1936845.076712,2.708117,0.660251,50600096.065753,70.749575,17.249053,1227812.194881,1.716740,0.418549,17623.257296,0.024641,0.006008,17623.247943,0.024641,0.006008,171.732038,0.000240,0.000059,0.100513,0.000000,0.000000,83.734604,0.000117,0.000029,2767.061608,0.003869,0.000943,0.000000,0.000000,0.000000,0.000000,0.000000,0.000000,38269.693151,0.053509,0.013046,78.378082,1477.811045,0.002066,0.000504,274.323288,60351073597.019180,21659.156480,20573.060681,2241761212.668493,15239.709140,764.193357
1,2002,DAY_COUNT,365,365,365,365,365,365,365,365,365,365,365,365,365,365,365,365,365,365,365,365,365,365,365,365,365,365,365,365,365,365,365,365,365,365,365,365,365,365,365,365,365,365,365,365,365,365,365,365,365,365,365,365,365,365,365,365,365,365,365,365,365,365,365,365,365,365,365,365,365,365,365,365,365,365,365,365,365,365,365,365,365,365,365,365,365,365,365,365,365,365,365,365,365,365,365,365,365,365,365,365,365,365,365,365,365,365,365,365,365,365,365,365,365,365,365,365,365,365,365,365,365,365,365,365,365,365,365,365,365,365,365,365,365,365,365,365,365,365,365,365,365,365,365,365,365,365,365,365,365,365,365,365,365,365,365,365,365,365,365,365,365,365,365,365,365,365,365,365,365,365,365,365,365,365,365,365,365,365,365,365,365,365,365,365,365,365,365,365,365,365,365,365,365,365,365,365,365,365,365,365,365,365,365,365,365,365,365,365,365,365,365,365,365,365,365,365,365,365,365,365,365,365,365,365,365,365,365,365,365,365,365,365,365,365,365,365,365,365,365,365,365,365,365,365,365,365,365,365,365,365,365,365,365,365,365,365,365,365,365,365,365,365,365,365,365,365,365,365,365,365,365,365,365,365,365,365,365,365,365,365,365,365,365,365,365,365,365,365,365,365,365,365,365,365,365,365,365,365,365,365,365,365,365,365,365,365,365,365,365,365,365,365,365,365,365,365,365,365,365,365,365,365,365,365,365,365,365,365,365,365,365,365,365,365,365,365,365,365,365,365,365,365,365,365,365,365,365,365,365,365,365,365,365,365,365,365,365,365,365,365,365,365,365,365,365,365,365,365,365,365,365,365,365,365,365,365,365,365,365,365,365,365,365,365,365,365,365,365,365,365,365,365,365,365,365,365,365,365,365,365,365,365,365,365,365,365,365,365,365,365,365,365,365,365,365,365,365,365,365,365,365,365,365,365,365,365
1,2003,INITIAL_VALUE,0.505601,0.000000,0.000000,0.000000,20.599476,2.277514,1.026642,0.565356,0.174336,0.002195,0.003384,1.467719,0.236554,0.146317,0.042490,0.065740,2.906959,1.889616,6.701899,5.347902,5.725037,6.728462,7.352561,7.707550,0.004693,0.000000,0.000000,0.000000,17545.667969,14350.793945,3195.020264,276.943970,14073.949219,2875.257568,248.151413,51.674374,20.063810,0.000000,4563.428711,1391.528564,485.085327,4078.453613,656.821472,210.296570,102.907776,0.000000,289.760559,76.749123,54.980091,0.000000,21456.919922,16403.792969,2536.024902,1520.178589,996.976013,38.172321,0.012034,2.957047,46.098476,0.000000,0.000000,0.011696,0.000175,0.011521,1.558115,0.011851,0.011851,0.765202,0.000000,0.001058,0.000000,0.000000,0.000000,0.000134,0.000000,0.004011,0.001058,0.000000,0.000000,0.788902,596800.000000,4.000000,0.203443,298400.000000,2.000000,0.101721,298400.000000,2.000000,0.101721,0.000000,0.000000,0.000000,0.000000,0.000000,0.000000,205530.328125,1.377549,0.070063,298400.000000,2.000000,0.101721,14803961.000000,99.222260,5.046518,2291.628174,0.015359,0.000781,368615.218750,2.470611,0.125657,-8314295.500000,-55.725842,-2.834258,0.000000,0.000000,0.000000,0.000000,0.000000,0.000000,0.000000,0.000000,0.000000,391.093506,0.002621,0.000133,0.035708,0.000000,0.000000,20.343599,0.000136,0.000007,191.449646,0.001283,0.000065,0.000000,0.000000,0.000000,0.000000,0.000000,0.000000,0.000000,0.000000,0.000000,0.000000,0.000000,0.000000,0.000000,0.000000,51086917632.000000,41860.796875,17415.005859,42096263168.000000,34493.824219,14350.183594,8990472192.000000,7366.824219,3064.759521,0.000000,0.000000,0.000000,0.000000,0.000000,0.000000,13112560640.000000,10744.477539,4469.937012,3545471488.000000,2905.171631,1208.614868,8113584.500000,6.648299,2.765837,9688.990234,0.007939,0.003303,3847289.500000,3.152482,1.311501,126836400.000000,103.930183,43.237225,4570731.000000,3.745273,1.558115,34766.316406,0.028488,0.011851,34766.207031,0.028488,0.011851,150.277634,0.000123,0.000051,0.183485,0.000000,0.000000,133.010254,0.000109,0.000045,6468.306641,0.005300,0.002205,0.000000,0.000000,0.000000,0.000000,0.000000,0.000000,0.000000,0.000000,0.000000,0.000000,0.000000,0.000000,0.000000,0.000000,69604352.000000,473.177094,23.727407,1395961.000000,9.489878,0.475869,68208312.000000,463.686707,23.251513,0.000000,0.000000,0.000000,0.000000,0.000000,0.000000,50563012.000000,343.732239,17.236412,74222424.000000,504.571198,25.301662,3541654.750000,24.076511,1.207314,2364.946289,0.016077,0.000806,501674.468750,3.410431,0.171016,9919092.000000,67.430946,3.381317,0.000000,0.000000,0.000000,0.000000,0.000000,0.000000,0.000000,0.000000,0.000000,51.876034,0.000353,0.000018,0.005613,0.000000,0.000000,18.986986,0.000129,0.000006,470.424805,0.003198,0.000160,0.000000,0.000000,0.000000,0.000000,0.000000,0.000000,0.000000,0.000000,0.000000,0.000000,0.000000,0.000000,0.000000,0.000000,2806400.000000,4.000000,0.956673,1403200.000000,2.000000,0.478336,1403200.000000,2.000000,0.478336,0.000000,0.000000,0.000000,0.000000,0.000000,0.000000,957436.312500,1.364647,0.326380,1403200.000000,2.000000,0.478336,75859792.000000,108.123993,25.859823,14167.659180,0.020193,0.004830,1993888.250000,2.841916,0.679696,-44764764.000000,-63.803822,-15.259848,0.000000,0.000000,0.000000,0.000000,0.000000,0.000000,0.000000,0.000000,0.000000,2315.342773,0.003300,0.000789,0.278544,0.000000,0.000000,106.946709,0.000152,0.000036,919.538208,0.001311,0.000313,0.000000,0.000000,0.000000,0.000000,0.000000,0.000000,0.000000,0.000000,0.000000,0.000000,0.000000,0.000000,0.000000,0.000000,312552416.000000,437.014008,106.545906,217.018250,0.000303,0.000074,312552288.000000,437.013855,106.545868,0.000000,0.000000,0.000000,0.000000,0.000000,0.000000,223173072.000000,312.042877,76.077408,460646656.000000,644.080872,157.029709,9660250.000000,13.507061,3.293080,6790.318848,0.009494,0.002315,1963073.000000,2.744789,0.669191,51553284.000000,72.082336,17.573984,0.000000,0.000000,0.000000,0.000000,0.000000,0.000000,0.000000,0.000000,0.000000,195.172440,0.000273,0.000067,0.092514,0.000000,0.000000,113.408302,0.000159,0.000039,3716.398682,0.005196,0.001267,0.000000,0.000000,0.000000,0.000000,0.000000,0.000000,0.000000,0.000000,0.000000,0.000000,0.000000,0.000000,0.000000,0.000000,60698103808.000000,21783.701172,20691.361328,2245011712.000000,15261.806641,765.301453
1,2003,FINAL_VALUE,0.021586,0.000000,1.500000,0.000000,0.800139,0.975883,0.042349,0.384509,0.514575,0.007739,0.005125,2.567705,0.213574,0.226344,0.061094,0.069752,2.081206,1.449717,1.949482,2.160940,4.236606,5.746629,6.739199,7.329192,0.000230,0.000000,0.000000,0.000000,17554.525391,14356.883789,3197.911133,276.652985,14080.334961,2878.109375,248.248413,51.624924,20.036270,0.000000,4595.340332,1412.330811,501.950867,4093.520508,655.163513,210.830338,104.506287,0.000000,301.993896,80.366348,59.478035,0.000000,21673.083984,16645.230469,2520.880371,1516.176147,991.364502,40.321507,0.011873,3.063895,49.253387,0.000000,0.000000,0.010265,0.000154,0.010111,0.000000,0.000000,0.000000,0.662962,0.000000,0.001347,0.000000,0.000000,0.000000,0.000218,0.000000,0.006814,0.001347,0.000000,0.000000,-0.669776,596800.000000,4.000000,0.203443,298400.000000,2.000000,0.101721,298400.000000,2.000000,0.101721,0.000000,0.000000,0.000000,0.000000,0.000000,0.000000,202151.687500,1.354904,0.068911,298400.000000,2.000000,0.101721,15640102.000000,104.826416,5.331550,2226.524658,0.014923,0.000759,378597.187500,2.537515,0.129060,-8056483.500000,-53.997879,-2.746372,0.000000,0.000000,0.000000,0.000000,0.000000,0.000000,0.000000,0.000000,0.000000,574.820496,0.003853,0.000196,0.046514,0.000000,0.000000,39.164799,0.000262,0.000013,636.922485,0.004269,0.000217,0.000000,0.000000,0.000000,0.000000,0.000000,0.000000,0.000000,0.000000,0.000000,0.000000,0.000000,0.000000,0.000000,0.000000,51111878656.000000,41881.250000,17423.513672,42114113536.000000,34508.453125,14356.268555,8997890048.000000,7372.902832,3067.288330,0.000000,0.000000,0.000000,0.000000,0.000000,0.000000,13212745728.000000,10826.569336,4504.089355,3607924480.000000,2956.345703,1229.904297,7590272.500000,6.219496,2.587446,9643.516602,0.007902,0.003287,3984907.750000,3.265247,1.358414,131867272.000000,108.052505,44.952198,0.000000,0.000000,0.000000,0.000000,0.000000,0.000000,0.000000,0.000000,0.000000,123.444641,0.000101,0.000042,0.186263,0.000000,0.000000,249.695770,0.000205,0.000085,11036.326172,0.009043,0.003762,0.000000,0.000000,0.000000,0.000000,0.000000,0.000000,0.000000,0.000000,0.000000,0.000000,0.000000,0.000000,0.000000,0.000000,70056728.000000,476.252411,23.881620,1395959.750000,9.489869,0.475868,68660728.000000,466.762238,23.405735,0.000000,0.000000,0.000000,0.000000,0.000000,0.000000,47927580.000000,325.816315,16.338020,71064024.000000,483.100098,24.224997,3987226.250000,27.105549,1.359204,2402.311279,0.016331,0.000819,513725.937500,3.492358,0.175124,10219093.000000,69.470383,3.483584,0.000000,0.000000,0.000000,0.000000,0.000000,0.000000,0.000000,0.000000,0.000000,84.813789,0.000577,0.000029,0.007374,0.000000,0.000000,31.701082,0.000216,0.000011,920.899597,0.006260,0.000314,0.000000,0.000000,0.000000,0.000000,0.000000,0.000000,0.000000,0.000000,0.000000,0.000000,0.000000,0.000000,0.000000,0.000000,2806400.000000,4.000000,0.956673,1403200.000000,2.000000,0.478336,1403200.000000,2.000000,0.478336,0.000000,0.000000,0.000000,0.000000,0.000000,0.000000,941510.750000,1.341948,0.320951,1403200.000000,2.000000,0.478336,80363800.000000,114.543617,27.395193,13820.697266,0.019699,0.004711,2064419.500000,2.942445,0.703739,-43605736.000000,-62.151848,-14.864748,0.000000,0.000000,0.000000,0.000000,0.000000,0.000000,0.000000,0.000000,0.000000,2838.639893,0.004046,0.000968,0.386207,0.000001,0.000000,169.055908,0.000241,0.000058,2426.681152,0.003459,0.000827,0.000000,0.000000,0.000000,0.000000,0.000000,0.000000,0.000000,0.000000,0.000000,0.000000,0.000000,0.000000,0.000000,0.000000,313127520.000000,437.818115,106.741959,23.511541,0.000033,0.000008,313127520.000000,437.818115,106.741959,0.000000,0.000000,0.000000,0.000000,0.000000,0.000000,219255376.000000,306.565125,74.741905,462398144.000000,646.529846,157.626770,10696579.000000,14.956067,3.646354,6740.011719,0.009424,0.002298,2046394.500000,2.861290,0.697595,54060988.000000,75.588631,18.428835,0.000000,0.000000,0.000000,0.000000,0.000000,0.000000,0.000000,0.000000,0.000000,328.566406,0.000459,0.000112,0.093286,0.000000,0.000000,150.317123,0.000210,0.000051,4967.914063,0.006946,0.001694,0.000000,0.000000,0.000000,0.000000,0.000000,0.000000,0.000000,0.000000,0.000000,0.000000,0.000000,0.000000,0.000000,0.000000,61326573568.000000,22009.250000,20905.597656,2251686144.000000,15307.179688,767.576660
1,2003,ANNUAL_DELTA,-0.484015,0.000000,1.500000,0.000000,-19.799336,-1.301630,-0.984293,-0.180846,0.340238,0.005544,0.001741,1.099986,-0.022981,0.080027,0.018604,0.004013,-0.825753,-0.439900,-4.752417,-3.186962,-1.488431,-0.981833,-0.613362,-0.378358,-0.004463,0.000000,0.000000,0.000000,8.857422,6.089844,2.890869,-0.290985,6.385742,2.851807,0.097000,-0.049450,-0.027540,0.000000,31.911621,20.802246,16.865540,15.066895,-1.657959,0.533768,1.598511,0.000000,12.233337,3.617226,4.497944,0.000000,216.164063,241.437500,-15.144531,-4.002441,-5.611511,2.149185,-0.000160,0.106849,3.154911,0.000000,0.000000,-0.001431,-0.000021,-0.001410,-1.558115,-0.011851,-0.011851,-0.102240,0.000000,0.000289,0.000000,0.000000,0.000000,0.000084,0.000000,0.002803,0.000289,0.000000,0.000000,-1.458678,0.000000,0.000000,0.000000,0.000000,0.000000,0.000000,0.000000,0.000000,0.000000,0.000000,0.000000,0.000000,0.000000,0.000000,0.000000,-3378.640625,-0.022645,-0.001152,0.000000,0.000000,0.000000,836141.000000,5.604156,0.285031,-65.103516,-0.000436,-0.000022,9981.968750,0.066903,0.003403,257812.000000,1.727962,0.087885,0.000000,0.000000,0.000000,0.000000,0.000000,0.000000,0.000000,0.000000,0.000000,183.726990,0.001231,0.000063,0.010806,0.000000,0.000000,18.821199,0.000126,0.000006,445.472839,0.002986,0.000152,0.000000,0.000000,0.000000,0.000000,0.000000,0.000000,0.000000,0.000000,0.000000,0.000000,0.000000,0.000000,0.000000,0.000000,24961024.000000,20.453125,8.507813,17850368.000000,14.628906,6.084961,7417856.000000,6.078613,2.528809,0.000000,0.000000,0.000000,0.000000,0.000000,0.000000,100185088.000000,82.091797,34.152344,62452992.000000,51.174072,21.289429,-523312.000000,-0.428803,-0.178391,-45.473633,-0.000037,-0.000016,137618.250000,0.112765,0.046913,5030872.000000,4.122322,1.714973,-4570731.000000,-3.745273,-1.558115,-34766.316406,-0.028488,-0.011851,-34766.207031,-0.028488,-0.011851,-26.832993,-0.000022,-0.000009,0.002778,0.000000,0.000000,116.685516,0.000096,0.000040,4568.019531,0.003743,0.001557,0.000000,0.000000,0.000000,0.000000,0.000000,0.000000,0.000000,0.000000,0.000000,0.000000,0.000000,0.000000,0.000000,0.000000,452376.000000,3.075317,0.154213,-1.250000,-0.000009,-0.000000,452416.000000,3.075531,0.154222,0.000000,0.000000,0.000000,0.000000,0.000000,0.000000,-2635432.000000,-17.915924,-0.898392,-3158400.000000,-21.471100,-1.076666,445571.500000,3.029037,0.151891,37.364990,0.000254,0.000013,12051.468750,0.081927,0.004108,300001.000000,2.039436,0.102267,0.000000,0.000000,0.000000,0.000000,0.000000,0.000000,0.000000,0.000000,0.000000,32.937756,0.000224,0.000011,0.001761,0.000000,0.000000,12.714096,0.000086,0.000004,450.474792,0.003062,0.000154,0.000000,0.000000,0.000000,0.000000,0.000000,0.000000,0.000000,0.000000,0.000000,0.000000,0.000000,0.000000,0.000000,0.000000,0.000000,0.000000,0.000000,0.000000,0.000000,0.000000,0.000000,0.000000,0.000000,0.000000,0.000000,0.000000,0.000000,0.000000,0.000000,-15925.562500,-0.022699,-0.005429,0.000000,0.000000,0.000000,4504008.000000,6.419624,1.535370,-346.961914,-0.000495,-0.000118,70531.250000,0.100529,0.024043,1159028.000000,1.651974,0.395100,0.000000,0.000000,0.000000,0.000000,0.000000,0.000000,0.000000,0.000000,0.000000,523.297119,0.000746,0.000178,0.107663,0.000000,0.000000,62.109200,0.000089,0.000021,1507.142944,0.002148,0.000514,0.000000,0.000000,0.000000,0.000000,0.000000,0.000000,0.000000,0.000000,0.000000,0.000000,0.000000,0.000000,0.000000,0.000000,575104.000000,0.804108,0.196053,-193.506708,-0.000271,-0.000066,575232.000000,0.804260,0.196091,0.000000,0.000000,0.000000,0.000000,0.000000,0.000000,-3917696.000000,-5.477753,-1.335503,1751488.000000,2.448975,0.597061,1036329.000000,1.449006,0.353274,-50.307129,-0.000070,-0.000017,83321.500000,0.116501,0.028403,2507704.000000,3.506294,0.854851,0.000000,0.000000,0.000000,0.000000,0.000000,0.000000,0.000000,0.000000,0.000000,133.393967,0.000187,0.000045,0.000773,0.000000,0.000000,36.908821,0.000052,0.000013,1251.515381,0.001750,0.000427,0.000000,0.000000,0.000000,0.000000,0.000000,0.000000,0.000000,0.000000,0.000000,0.000000,0.000000,0.000000,0.000000,0.000000,628469760.000000,225.548828,214.236328,6674432.000000,45.373047,2.275208
1,2003,MIN_VALUE,0.000000,0.000000,0.000000,0.000000,0.000000,0.081260,0.000031,0.032530,0.026193,0.001540,0.003072,0.149464,0.081009,0.069101,0.034875,0.062093,1.736476,0.713594,-0.549863,1.383192,4.236606,5.746629,6.739199,7.329192,0.000000,0.000000,0.000000,0.000000,17545.667969,14350.793945,3195.020264,276.652985,14073.949219,2875.257568,248.151413,51.624924,20.036270,0.000000,4354.755859,1263.287598,433.711823,3921.145752,620.182861,205.547791,102.250648,0.000000,215.809097,65.463196,53.125324,0.000000,21456.919922,16403.792969,2520.880371,1516.176147,991.364502,38.048347,0.011873,2.957047,46.098476,0.000000,0.000000,0.010265,0.000154,0.010111,0.000000,0.000000,0.000000,0.255277,0.000000,0.000309,0.000000,0.000000,0.000000,0.000032,0.000000,0.000832,0.000309,0.000000,0.000000,-0.885205,596800.000000,4.000000,0.203443,298400.000000,2.000000,0.101721,298400.000000,2.000000,0.101721,0.000000,0.000000,0.000000,0.000000,0.000000,0.000000,202151.687500,1.354904,0.068911,298400.000000,2.000000,0.101721,14720683.000000,98.664093,5.018129,2226.524658,0.014923,0.000759,367622.906250,2.463960,0.125319,-8385741.500000,-56.204700,-2.858613,0.000000,0.000000,0.000000,0.000000,0.000000,0.000000,0.000000,0.000000,0.000000,125.766357,0.000843,0.000043,0.024174,0.000000,0.000000,6.840885,0.000046,0.000002,80.686790,0.000541,0.000028,0.000000,0.000000,0.000000,0.000000,0.000000,0.000000,0.000000,0.000000,0.000000,0.000000,0.000000,0.000000,0.000000,0.000000,51086917632.000000,41860.796875,17415.005859,42096263168.000000,34493.824219,14350.183594,8990472192.000000,7366.824219,3064.759521,0.000000,0.000000,0.000000,0.000000,0.000000,0.000000,12511730688.000000,10252.155273,4265.120117,3329151232.000000,2727.917969,1134.873413,6990080.500000,5.727696,2.382847,9630.953125,0.007892,0.003283,3847289.500000,3.152482,1.311501,126703088.000000,103.820953,43.191780,0.000000,0.000000,0.000000,0.000000,0.000000,0.000000,0.000000,0.000000,0.000000,22.455881,0.000018,0.000008,0.166911,0.000000,0.000000,15.979250,0.000013,0.000005,748.547424,0.000613,0.000255,0.000000,0.000000,0.000000,0.000000,0.000000,0.000000,0.000000,0.000000,0.000000,0.000000,0.000000,0.000000,0.000000,0.000000,69604344.000000,473.177063,23.727406,1395959.750000,9.489869,0.475868,68208312.000000,463.686707,23.251513,0.000000,0.000000,0.000000,0.000000,0.000000,0.000000,33806408.000000,229.819214,11.524257,54588712.000000,371.099335,18.608730,3541654.750000,24.076511,1.207314,2363.599854,0.016068,0.000806,498773.718750,3.390712,0.170027,9799271.000000,66.616394,3.340471,0.000000,0.000000,0.000000,0.000000,0.000000,0.000000,0.000000,0.000000,0.000000,0.563230,0.000004,0.000000,0.003575,0.000000,0.000000,0.125320,0.000001,0.000000,4.379447,0.000030,0.000001,0.000000,0.000000,0.000000,0.000000,0.000000,0.000000,0.000000,0.000000,0.000000,0.000000,0.000000,0.000000,0.000000,0.000000,2806400.000000,4.000000,0.956673,1403200.000000,2.000000,0.478336,1403200.000000,2.000000,0.478336,0.000000,0.000000,0.000000,0.000000,0.000000,0.000000,941510.750000,1.341948,0.320951,1403200.000000,2.000000,0.478336,75584664.000000,107.731842,25.766035,13820.697266,0.019699,0.004711,1993888.250000,2.841916,0.679696,-45016648.000000,-64.162842,-15.345714,0.000000,0.000000,0.000000,0.000000,0.000000,0.000000,0.000000,0.000000,0.000000,723.340820,0.001031,0.000247,0.190997,0.000000,0.000000,36.207836,0.000052,0.000012,386.492065,0.000551,0.000132,0.000000,0.000000,0.000000,0.000000,0.000000,0.000000,0.000000,0.000000,0.000000,0.000000,0.000000,0.000000,0.000000,0.000000,312552416.000000,437.014008,106.545906,23.511541,0.000033,0.000008,312552288.000000,437.013855,106.545868,0.000000,0.000000,0.000000,0.000000,0.000000,0.000000,177575952.000000,248.288513,60.533817,267426928.000000,373.919067,91.163094,8595667.000000,12.018550,2.930175,6706.645996,0.009377,0.002286,1963062.125000,2.744774,0.669188,51552488.000000,72.081215,17.573713,0.000000,0.000000,0.000000,0.000000,0.000000,0.000000,0.000000,0.000000,0.000000,31.614611,0.000044,0.000011,0.076306,0.000000,0.000000,23.117977,0.000032,0.000008,757.123962,0.001059,0.000258,0.000000,0.000000,0.000000,0.000000,0.000000,0.000000,0.000000,0.000000,0.000000,0.000000,0.000000,0.000000,0.000000,0.000000,60698103808.000000,21783.701172,20691.361328,2245011712.000000,15261.806641,765.301453
1,2003,MIN_VALUE_JDAY,5.000000,1.000000,1.000000,1.000000,5.000000,278.000000,280.000000,167.000000,215.000000,288.000000,289.000000,248.000000,278.000000,249.000000,287.000000,288.000000,364.000000,277.000000,364.000000,364.000000,365.000000,365.000000,365.000000,365.000000,5.000000,1.000000,1.000000,1.000000,1.000000,1.000000,1.000000,365.000000,1.000000,1.000000,1.000000,365.000000,365.000000,1.000000,349.000000,262.000000,347.000000,349.000000,262.000000,349.000000,349.000000,1.000000,262.000000,349.000000,349.000000,1.000000,1.000000,1.000000,365.000000,365.000000,365.000000,175.000000,362.000000,1.000000,1.000000,1.000000,1.000000,365.000000,365.000000,365.000000,350.000000,350.000000,350.000000,211.000000,1.000000,250.000000,1.000000,251.000000,1.000000,217.000000,1.000000,279.000000,250.000000,1.000000,1.000000,358.000000,1.000000,1.000000,1.000000,1.000000,1.000000,1.000000,1.000000,1.000000,1.000000,1.000000,1.000000,1.000000,1.000000,1.000000,1.000000,365.000000,365.000000,365.000000,1.000000,1.000000,1.000000,97.000000,97.000000,97.000000,365.000000,365.000000,365.000000,135.000000,135.000000,135.000000,292.000000,292.000000,292.000000,1.000000,1.000000,1.000000,1.000000,1.000000,1.000000,1.000000,1.000000,1.000000,222.000000,222.000000,222.000000,288.000000,288.000000,288.000000,251.000000,251.000000,251.000000,258.000000,258.000000,258.000000,1.000000,1.000000,1.000000,1.000000,1.000000,1.000000,1.000000,1.000000,1.000000,1.000000,1.000000,1.000000,1.000000,1.000000,1.000000,1.000000,1.000000,1.000000,1.000000,1.000000,1.000000,1.000000,1.000000,1.000000,1.000000,1.000000,1.000000,1.000000,1.000000,349.000000,349.000000,349.000000,349.000000,349.000000,349.000000,134.000000,134.000000,134.000000,349.000000,349.000000,349.000000,1.000000,1.000000,1.000000,41.000000,41.000000,41.000000,350.000000,350.000000,350.000000,350.000000,350.000000,350.000000,350.000000,350.000000,350.000000,217.000000,217.000000,217.000000,260.000000,260.000000,260.000000,251.000000,251.000000,251.000000,251.000000,251.000000,251.000000,1.000000,1.000000,1.000000,1.000000,1.000000,1.000000,1.000000,1.000000,1.000000,1.000000,1.000000,1.000000,1.000000,1.000000,2.000000,2.000000,2.000000,365.000000,365.000000,365.000000,1.000000,1.000000,1.000000,1.000000,1.000000,1.000000,1.000000,1.000000,1.000000,262.000000,262.000000,262.000000,262.000000,262.000000,262.000000,1.000000,1.000000,1.000000,187.000000,187.000000,187.000000,127.000000,127.000000,127.000000,127.000000,127.000000,127.000000,1.000000,1.000000,1.000000,1.000000,1.000000,1.000000,1.000000,1.000000,1.000000,251.000000,251.000000,251.000000,288.000000,288.000000,288.000000,251.000000,251.000000,251.000000,251.000000,251.000000,251.000000,1.000000,1.000000,1.000000,1.000000,1.000000,1.000000,1.000000,1.000000,1.000000,1.000000,1.000000,1.000000,1.000000,1.000000,1.000000,1.000000,1.000000,1.000000,1.000000,1.000000,1.000000,1.000000,1.000000,1.000000,1.000000,1.000000,1.000000,1.000000,1.000000,365.000000,365.000000,365.000000,1.000000,1.000000,1.000000,44.000000,44.000000,44.000000,365.000000,365.000000,365.000000,1.000000,1.000000,1.000000,292.000000,292.000000,292.000000,1.000000,1.000000,1.000000,1.000000,1.000000,1.000000,1.000000,1.000000,1.000000,249.000000,249.000000,249.000000,283.000000,283.000000,283.000000,250.000000,250.000000,250.000000,253.000000,253.000000,253.000000,1.000000,1.000000,1.000000,1.000000,1.000000,1.000000,1.000000,1.000000,1.000000,1.000000,1.000000,1.000000,1.000000,1.000000,1.000000,1.000000,1.000000,365.000000,365.000000,365.000000,1.000000,1.000000,1.000000,1.000000,1.000000,1.000000,1.000000,1.000000,1.000000,152.000000,152.000000,152.000000,262.000000,262.000000,262.000000,262.000000,262.000000,262.000000,262.000000,262.000000,262.000000,2.000000,2.000000,2.000000,2.000000,2.000000,2.000000,1.000000,1.000000,1.000000,1.000000,1.000000,1.000000,1.000000,1.000000,1.000000,215.000000,215.000000,215.000000,278.000000,278.000000,278.000000,168.000000,168.000000,168.000000,167.000000,167.000000,167.000000,1.000000,1.000000,1.000000,1.000000,1.000000,1.000000,1.000000,1.000000,1.000000,1.000000,1.000000,1.000000,1.000000,1.000000,1.000000,1.000000,1.000000,1.000000,1.000000,1.000000
1,2003,MAX_VALUE,15.050710,1.500000,1.500000,0.000000,91.226936,20.948774,4.570284,3.486977,0.861963,0.007878,0.005182,3.497469,0.294413,0.236603,0.063285,0.071148,9.715709,4.069737,25.557356,21.473814,15.446040,11.947250,10.239330,9.345278,0.010662,0.000000,0.000000,0.000000,17916.644531,14605.310547,3357.187744,354.493500,14258.095703,2925.599365,342.066589,67.290398,26.469652,0.000000,4595.340332,1412.330811,501.950867,4093.520508,656.821472,210.830338,104.506287,0.000000,301.993896,80.366348,59.478035,0.000000,21673.087891,16645.230469,2536.024902,1520.178589,996.976013,40.321507,0.012034,3.063895,49.253387,0.000000,0.000000,0.030487,0.000457,0.030029,6.268929,0.084229,0.084229,1.617818,0.000000,0.003226,0.000000,0.000000,0.000000,0.000475,0.000000,0.017370,0.003227,0.000000,0.000000,5.023063,596800.000000,4.000000,0.203443,298400.000000,2.000000,0.101721,298400.000000,2.000000,0.101721,0.000000,0.000000,0.000000,0.000000,0.000000,0.000000,205530.328125,1.377549,0.070063,298400.000000,2.000000,0.101721,15763695.000000,105.654793,5.373682,2291.628174,0.015359,0.000781,379720.593750,2.545044,0.129443,-8008185.000000,-53.674164,-2.729908,0.000000,0.000000,0.000000,0.000000,0.000000,0.000000,0.000000,0.000000,0.000000,1101.382446,0.007382,0.000375,0.055906,0.000000,0.000000,57.099312,0.000383,0.000019,804.561523,0.005393,0.000274,0.000000,0.000000,0.000000,0.000000,0.000000,0.000000,0.000000,0.000000,0.000000,0.000000,0.000000,0.000000,0.000000,0.000000,52122456064.000000,42709.324219,17768.009766,42835681280.000000,35099.707031,14602.244141,9286755328.000000,7609.599609,3165.759521,0.000000,0.000000,0.000000,0.000000,0.000000,0.000000,13212745728.000000,10826.569336,4504.089355,3607924480.000000,2956.345703,1229.904297,8113584.500000,6.648299,2.765837,9688.990234,0.007939,0.003303,3984907.750000,3.265247,1.358414,132499960.000000,108.570930,45.167877,16072230.000000,13.169641,5.478858,122250.523438,0.100173,0.041674,122250.539063,0.100173,0.041674,666.275024,0.000546,0.000227,0.191421,0.000000,0.000000,585.922607,0.000480,0.000200,32733.365234,0.026822,0.011158,0.000000,0.000000,0.000000,0.000000,0.000000,0.000000,0.000000,0.000000,0.000000,0.000000,0.000000,0.000000,0.000000,0.000000,112541176.000000,765.065796,38.364128,20270228.000000,137.798965,6.909913,92270976.000000,627.266968,31.454227,0.000000,0.000000,0.000000,0.000000,0.000000,0.000000,50563012.000000,343.732239,17.236412,74222424.000000,504.571198,25.301662,3991877.000000,27.137165,1.360790,2405.579102,0.016353,0.000820,515140.031250,3.501972,0.175606,10281615.000000,69.895409,3.504897,1640412.125000,11.151680,0.559200,23545.458984,0.160064,0.008026,23545.419922,0.160064,0.008026,228.378036,0.001553,0.000078,0.011232,0.000000,0.000000,77.257927,0.000525,0.000026,2053.191650,0.013958,0.000700,0.000000,0.000000,0.000000,0.000000,0.000000,0.000000,0.000000,0.000000,0.000000,0.000000,0.000000,0.000000,0.000000,0.000000,2806400.000000,4.000000,0.956673,1403200.000000,2.000000,0.478336,1403200.000000,2.000000,0.478336,0.000000,0.000000,0.000000,0.000000,0.000000,0.000000,957436.312500,1.364647,0.326380,1403200.000000,2.000000,0.478336,80858440.000000,115.248634,27.563812,14167.659180,0.020193,0.004830,2064419.500000,2.942445,0.703739,-43309568.000000,-61.729717,-14.763787,0.000000,0.000000,0.000000,0.000000,0.000000,0.000000,0.000000,0.000000,0.000000,7571.492676,0.010792,0.002581,0.433611,0.000001,0.000000,277.117218,0.000395,0.000094,3005.052246,0.004283,0.001024,0.000000,0.000000,0.000000,0.000000,0.000000,0.000000,0.000000,0.000000,0.000000,0.000000,0.000000,0.000000,0.000000,0.000000,609547328.000000,852.275330,207.788406,84253344.000000,117.803894,28.721100,565460992.000000,790.633362,192.759842,0.000000,0.000000,0.000000,0.000000,0.000000,0.000000,223173072.000000,312.042877,76.077408,462398144.000000,646.529846,157.626770,12016780.000000,16.801987,4.096397,6831.140137,0.009551,0.002329,2046394.500000,2.861290,0.697595,54060988.000000,75.588631,18.428835,14334666.000000,20.042877,4.886540,205750.687500,0.287683,0.070138,205751.031250,0.287683,0.070138,593.571533,0.000830,0.000202,0.119044,0.000000,0.000000,470.721527,0.000658,0.000160,16333.282227,0.022837,0.005568,0.000000,0.000000,0.000000,0.000000,0.000000,0.000000,3492109.500000,4.882703,1.190424,7152.000000,86441.304688,0.120863,0.029467,7152.000000,61326573568.000000,22009.250000,20905.597656,2251686144.000000,15307.179688,767.576660
1,2003,MAX_VALUE_JDAY,293.000000,364.000000,364.000000,1.000000,293.000000,293.000000,293.000000,294.000000,326.000000,353.000000,106.000000,325.000000,293.000000,348.000000,104.000000,86.000000,211.000000,294.000000,211.000000,211.000000,211.000000,211.000000,211.000000,211.000000,293.000000,1.000000,1.000000,1.000000,349.000000,349.000000,262.000000,182.000000,349.000000,262.000000,262.000000,349.000000,349.000000,1.000000,365.000000,365.000000,365.000000,365.000000,1.000000,365.000000,365.000000,1.000000,365.000000,365.000000,365.000000,1.000000,362.000000,365.000000,1.000000,1.000000,1.000000,365.000000,1.000000,365.000000,365.000000,1.000000,1.000000,211.000000,211.000000,211.000000,145.000000,145.000000,145.000000,295.000000,1.000000,294.000000,1.000000,31.000000,1.000000,294.000000,1.000000,294.000000,294.000000,1.000000,1.000000,145.000000,1.000000,1.000000,1.000000,1.000000,1.000000,1.000000,1.000000,1.000000,1.000000,1.000000,1.000000,1.000000,1.000000,1.000000,1.000000,1.000000,1.000000,1.000000,1.000000,1.000000,1.000000,323.000000,323.000000,323.000000,1.000000,1.000000,1.000000,325.000000,325.000000,325.000000,116.000000,116.000000,116.000000,1.000000,1.000000,1.000000,1.000000,1.000000,1.000000,1.000000,1.000000,1.000000,325.000000,325.000000,325.000000,32.000000,32.000000,32.000000,325.000000,325.000000,325.000000,349.000000,349.000000,349.000000,1.000000,1.000000,1.000000,1.000000,1.000000,1.000000,1.000000,1.000000,1.000000,1.000000,1.000000,1.000000,1.000000,1.000000,349.000000,349.000000,349.000000,349.000000,349.000000,349.000000,349.000000,349.000000,349.000000,1.000000,1.000000,1.000000,1.000000,1.000000,1.000000,365.000000,365.000000,365.000000,365.000000,365.000000,365.000000,1.000000,1.000000,1.000000,1.000000,1.000000,1.000000,365.000000,365.000000,365.000000,322.000000,322.000000,322.000000,295.000000,295.000000,295.000000,295.000000,295.000000,295.000000,295.000000,295.000000,295.000000,294.000000,294.000000,294.000000,31.000000,31.000000,31.000000,294.000000,294.000000,294.000000,294.000000,294.000000,294.000000,1.000000,1.000000,1.000000,1.000000,1.000000,1.000000,1.000000,1.000000,1.000000,1.000000,1.000000,1.000000,1.000000,1.000000,262.000000,262.000000,262.000000,262.000000,262.000000,262.000000,262.000000,262.000000,262.000000,1.000000,1.000000,1.000000,1.000000,1.000000,1.000000,1.000000,1.000000,1.000000,1.000000,1.000000,1.000000,133.000000,133.000000,133.000000,138.000000,138.000000,138.000000,322.000000,322.000000,322.000000,322.000000,322.000000,322.000000,148.000000,148.000000,148.000000,148.000000,148.000000,148.000000,148.000000,148.000000,148.000000,323.000000,323.000000,323.000000,73.000000,73.000000,73.000000,324.000000,324.000000,324.000000,324.000000,324.000000,324.000000,1.000000,1.000000,1.000000,1.000000,1.000000,1.000000,1.000000,1.000000,1.000000,1.000000,1.000000,1.000000,1.000000,1.000000,1.000000,1.000000,1.000000,1.000000,1.000000,1.000000,1.000000,1.000000,1.000000,1.000000,1.000000,1.000000,1.000000,1.000000,1.000000,1.000000,1.000000,1.000000,1.000000,1.000000,1.000000,322.000000,322.000000,322.000000,1.000000,1.000000,1.000000,365.000000,365.000000,365.000000,116.000000,116.000000,116.000000,1.000000,1.000000,1.000000,1.000000,1.000000,1.000000,1.000000,1.000000,1.000000,294.000000,294.000000,294.000000,34.000000,34.000000,34.000000,294.000000,294.000000,294.000000,348.000000,348.000000,348.000000,1.000000,1.000000,1.000000,1.000000,1.000000,1.000000,1.000000,1.000000,1.000000,1.000000,1.000000,1.000000,1.000000,1.000000,258.000000,258.000000,258.000000,182.000000,182.000000,182.000000,262.000000,262.000000,262.000000,1.000000,1.000000,1.000000,1.000000,1.000000,1.000000,1.000000,1.000000,1.000000,365.000000,365.000000,365.000000,135.000000,135.000000,135.000000,133.000000,133.000000,133.000000,365.000000,365.000000,365.000000,365.000000,365.000000,365.000000,148.000000,148.000000,148.000000,148.000000,148.000000,148.000000,148.000000,148.000000,148.000000,324.000000,324.000000,324.000000,72.000000,72.000000,72.000000,294.000000,294.000000,294.000000,294.000000,294.000000,294.000000,1.000000,1.000000,1.000000,1.000000,1.000000,1.000000,122.000000,122.000000,122.000000,122.000000,183.000000,183.000000,183.000000,61.000000,362.000000,362.000000,362.000000,365.000000,365.000000,365.000000
1,2003,ANNUAL_SUM,38.631365,1.500000,3.000000,0.000000,943.502895,299.040232,48.871726,115.321875,93.201021,1.557839,1.456404,520.325474,60.445130,55.837615,18.768289,24.491227,1618.503259,734.027046,4396.402254,4032.845765,3683.689029,3345.749348,3182.717704,3098.637957,0.220565,0.000000,0.000000,0.000000,6492508.101563,5292930.086914,1199629.762207,118601.313873,5174309.833008,1059549.895020,109107.268204,22351.399963,8636.091240,0.000000,1624313.748047,481213.480103,165308.062225,1459049.086914,232207.099487,75620.629135,37440.125519,0.000000,90850.380966,25369.436440,19723.430042,0.000000,7869017.718750,6029177.228516,922934.256348,554140.201660,362877.302246,14192.075214,4.358945,1098.243827,17423.756569,0.000000,0.000000,7.153867,0.107308,7.046559,523.126689,5.115771,5.115770,314.767661,0.000000,0.336527,0.000000,0.000077,0.000000,0.046884,0.000000,1.402885,0.336604,0.000000,0.000000,206.956144,217832000.000000,1460.000000,74.256692,108916000.000000,730.000000,37.128346,108916000.000000,730.000000,37.128346,0.000000,0.000000,0.000000,0.000000,0.000000,0.000000,74423883.046875,498.819591,25.370337,108916000.000000,730.000000,37.128346,5531849857.000000,37076.741615,1885.750760,823858.869385,5.521842,0.280845,135803154.687500,910.208814,46.293900,-2986229652.000000,-20014.944050,-1017.974997,0.000000,0.000000,0.000000,0.000000,0.000000,0.000000,0.000000,0.000000,0.000000,133996.698982,0.898101,0.045678,13.542141,0.000091,0.000005,8363.736099,0.056057,0.002851,117328.276657,0.786383,0.039996,0.000000,0.000000,0.000000,0.000000,0.000000,0.000000,0.000000,0.000000,0.000000,0.000000,0.000000,0.000000,0.000000,0.000000,18856100880384.000000,15450754.582031,6427851.023438,15514638102528.000000,12712748.394531,5288780.674805,3341438553088.000000,2737986.354492,1139062.058594,0.000000,0.000000,0.000000,0.000000,0.000000,0.000000,4673666443264.000000,3829618.516602,1593204.851074,1252069338624.000000,1025949.965088,426817.568726,2703756197.500000,2215.467225,921.682701,3523389.648438,2.887078,1.201087,1430459407.000000,1172.123407,487.628910,47272464208.000000,38735.221428,16114.697224,1040371854.984375,852.484313,354.652072,7913379.735474,6.484251,2.697590,7913380.764160,6.484252,2.697590,30963.204828,0.025371,0.010555,66.457141,0.000054,0.000023,46588.070200,0.038174,0.015881,2127213.182922,1.743046,0.725145,0.000000,0.000000,0.000000,0.000000,0.000000,0.000000,0.000000,0.000000,0.000000,0.000000,0.000000,0.000000,0.000000,0.000000,32123275960.000000,218377.133057,10950.494652,3452161855.000000,23468.129496,1176.806497,28671104768.000000,194908.939636,9773.684912,0.000000,0.000000,0.000000,0.000000,0.000000,0.000000,15222676172.000000,103485.222061,5189.253839,23068910160.000000,156824.678162,7863.954391,1365072774.750000,9279.896503,465.339279,869086.505615,5.908134,0.296263,184300894.437500,1252.895274,62.826281,3646600129.000000,24789.939705,1243.088503,42936912.100220,291.889272,14.636752,616289.751163,4.189597,0.210087,616289.800320,4.189597,0.210087,15948.694081,0.108421,0.005437,2.186553,0.000015,0.000001,5750.170058,0.039090,0.001960,156865.611410,1.066388,0.053474,0.000000,0.000000,0.000000,0.000000,0.000000,0.000000,0.000000,0.000000,0.000000,0.000000,0.000000,0.000000,0.000000,0.000000,1024336000.000000,1460.000000,349.185611,512168000.000000,730.000000,174.592806,512168000.000000,730.000000,174.592806,0.000000,0.000000,0.000000,0.000000,0.000000,0.000000,346681255.875000,494.129499,118.180077,512168000.000000,730.000000,174.592806,28402869784.000000,40482.995651,9682.246378,5104359.045898,7.275312,1.740024,739068071.625000,1053.403752,251.940710,-16103837904.000000,-22953.018631,-5489.632825,0.000000,0.000000,0.000000,0.000000,0.000000,0.000000,0.000000,0.000000,0.000000,733095.526367,1.044891,0.249905,111.309600,0.000159,0.000038,39905.188526,0.056877,0.013603,489288.074127,0.697389,0.166793,0.000000,0.000000,0.000000,0.000000,0.000000,0.000000,0.000000,0.000000,0.000000,0.000000,0.000000,0.000000,0.000000,0.000000,157115306592.000000,219680.238800,53558.993240,8601650601.198156,12026.916332,2932.214275,148513645856.000000,207653.311768,50626.776131,0.000000,0.000000,0.000000,0.000000,0.000000,0.000000,75847434656.000000,106050.663666,25855.610886,135876558768.000000,189984.002472,46318.922386,3629164003.000000,5074.334455,1237.144707,2467101.279785,3.449526,0.841009,732084552.375000,1023.608153,249.560100,19283569624.000000,26962.485466,6573.570702,451283555.144653,630.989311,153.837926,6477443.350248,9.056828,2.208094,6477444.590482,9.056830,2.208094,73200.855587,0.102350,0.024953,32.520928,0.000045,0.000011,36927.628185,0.051633,0.012588,1224667.442139,1.712343,0.417477,0.000000,0.000000,0.000000,0.000000,0.000000,0.000000,13968438.000000,19.530813,4.761697,28608.000000,544487.788330,0.761308,0.185610,100128.000000,22262864535552.000000,7989830.800781,7589181.703125,820790694656.000000,5579814.365234,279799.111389
1,2003,ANNUAL_AVERAGE,0.105839,0.004110,0.008219,0.000000,2.584939,0.819288,0.133895,0.315950,0.255345,0.004268,0.003990,1.425549,0.165603,0.152980,0.051420,0.067099,4.434256,2.011033,12.044938,11.048893,10.092299,9.166437,8.719775,8.489419,0.000604,0.000000,0.000000,0.000000,17787.693429,14501.178320,3286.656883,324.935107,14176.191323,2902.876425,298.924022,61.236712,23.660524,0.000000,4450.174652,1318.393096,452.898801,3997.394759,636.183834,207.179806,102.575686,0.000000,248.905153,69.505305,54.036795,0.000000,21558.952654,16518.293777,2528.587004,1518.192333,994.184390,38.882398,0.011942,3.008887,47.736319,0.000000,0.000000,0.019600,0.000294,0.019306,1.433224,0.014016,0.014016,0.862377,0.000000,0.000922,0.000000,0.000000,0.000000,0.000128,0.000000,0.003844,0.000922,0.000000,0.000000,0.567003,596800.000000,4.000000,0.203443,298400.000000,2.000000,0.101721,298400.000000,2.000000,0.101721,0.000000,0.000000,0.000000,0.000000,0.000000,0.000000,203901.049443,1.366629,0.069508,298400.000000,2.000000,0.101721,15155753.032877,101.580114,5.166440,2257.147587,0.015128,0.000769,372063.437500,2.493723,0.126833,-8181451.101370,-54.835463,-2.788973,0.000000,0.000000,0.000000,0.000000,0.000000,0.000000,0.000000,0.000000,0.000000,367.114244,0.002461,0.000125,0.037102,0.000000,0.000000,22.914345,0.000154,0.000008,321.447333,0.002154,0.000110,0.000000,0.000000,0.000000,0.000000,0.000000,0.000000,0.000000,0.000000,0.000000,0.000000,0.000000,0.000000,0.000000,0.000000,51660550357.216440,42330.834471,17610.550749,42505857815.145200,34829.447656,14489.810068,9154626172.843836,7501.332478,3120.717969,0.000000,0.000000,0.000000,0.000000,0.000000,0.000000,12804565597.983562,10492.105525,4364.944797,3430326955.134246,2810.821822,1169.363202,7407551.226027,6.069773,2.525158,9653.122324,0.007910,0.003291,3919066.868493,3.211297,1.335970,129513600.569863,106.123894,44.149855,2850333.849272,2.335573,0.971650,21680.492426,0.017765,0.007391,21680.495244,0.017765,0.007391,84.830698,0.000070,0.000029,0.182074,0.000000,0.000000,127.638548,0.000105,0.000044,5827.981323,0.004775,0.001987,0.000000,0.000000,0.000000,0.000000,0.000000,0.000000,0.000000,0.000000,0.000000,0.000000,0.000000,0.000000,0.000000,0.000000,88008975.232877,598.293515,30.001355,9457977.684932,64.296245,3.224127,78550971.967123,533.997095,26.777219,0.000000,0.000000,0.000000,0.000000,0.000000,0.000000,41705962.115068,283.521156,14.217134,63202493.589041,429.656652,21.545081,3739925.410274,25.424374,1.274902,2381.058919,0.016187,0.000812,504933.957363,3.432590,0.172127,9990685.284932,67.917643,3.405722,117635.375617,0.799697,0.040101,1688.465072,0.011478,0.000576,1688.465206,0.011478,0.000576,43.695052,0.000297,0.000015,0.005991,0.000000,0.000000,15.753891,0.000107,0.000005,429.768798,0.002922,0.000147,0.000000,0.000000,0.000000,0.000000,0.000000,0.000000,0.000000,0.000000,0.000000,0.000000,0.000000,0.000000,0.000000,0.000000,2806400.000000,4.000000,0.956673,1403200.000000,2.000000,0.478336,1403200.000000,2.000000,0.478336,0.000000,0.000000,0.000000,0.000000,0.000000,0.000000,949811.659932,1.353779,0.323781,1403200.000000,2.000000,0.478336,77816081.600000,110.912317,26.526702,13984.545331,0.019932,0.004767,2024844.031849,2.886038,0.690249,-44120103.846575,-62.884983,-15.040090,0.000000,0.000000,0.000000,0.000000,0.000000,0.000000,0.000000,0.000000,0.000000,2008.480894,0.002863,0.000685,0.304958,0.000000,0.000000,109.329284,0.000156,0.000037,1340.515272,0.001911,0.000457,0.000000,0.000000,0.000000,0.000000,0.000000,0.000000,0.000000,0.000000,0.000000,0.000000,0.000000,0.000000,0.000000,0.000000,430452894.772603,601.863668,146.736968,23566166.030680,32.950456,8.033464,406886700.975342,568.913183,138.703496,0.000000,0.000000,0.000000,0.000000,0.000000,0.000000,207801190.838356,290.549763,70.837290,372264544.569863,520.504116,126.901157,9942915.076712,13.902286,3.389438,6759.181588,0.009451,0.002304,2005711.102397,2.804406,0.683726,52831697.600000,73.869823,18.009783,1236393.301766,1.728738,0.421474,17746.420138,0.024813,0.006050,17746.423536,0.024813,0.006050,200.550289,0.000280,0.000068,0.089098,0.000000,0.000000,101.171584,0.000141,0.000034,3355.253266,0.004691,0.001144,0.000000,0.000000,0.000000,0.000000,0.000000,0.000000,38269.693151,0.053509,0.013046,78.378082,1491.747365,0.002086,0.000509,274.323288,60994149412.471230,21889.947399,20792.278639,2248741629.194521,15287.162644,766.572908
1,2003,DAY_COUNT,365,365,365,365,365,365,365,365,365,365,365,365,365,365,365,365,365,365,365,365,365,365,365,365,365,365,365,365,365,365,365,365,365,365,365,365,365,365,365,365,365,365,365,365,365,365,365,365,365,365,365,365,365,365,365,365,365,365,365,365,365,365,365,365,365,365,365,365,365,365,365,365,365,365,365,365,365,365,365,365,365,365,365,365,365,365,365,365,365,365,365,365,365,365,365,365,365,365,365,365,365,365,365,365,365,365,365,365,365,365,365,365,365,365,365,365,365,365,365,365,365,365,365,365,365,365,365,365,365,365,365,365,365,365,365,365,365,365,365,365,365,365,365,365,365,365,365,365,365,365,365,365,365,365,365,365,365,365,365,365,365,365,365,365,365,365,365,365,365,365,365,365,365,365,365,365,365,365,365,365,365,365,365,365,365,365,365,365,365,365,365,365,365,365,365,365,365,365,365,365,365,365,365,365,365,365,365,365,365,365,365,365,365,365,365,365,365,365,365,365,365,365,365,365,365,365,365,365,365,365,365,365,365,365,365,365,365,365,365,365,365,365,365,365,365,365,365,365,365,365,365,365,365,365,365,365,365,365,365,365,365,365,365,365,365,365,365,365,365,365,365,365,365,365,365,365,365,365,365,365,365,365,365,365,365,365,365,365,365,365,365,365,365,365,365,365,365,365,365,365,365,365,365,365,365,365,365,365,365,365,365,365,365,365,365,365,365,365,365,365,365,365,365,365,365,365,365,365,365,365,365,365,365,365,365,365,365,365,365,365,365,365,365,365,365,365,365,365,365,365,365,365,365,365,365,365,365,365,365,365,365,365,365,365,365,365,365,365,365,365,365,365,365,365,365,365,365,365,365,365,365,365,365,365,365,365,365,365,365,365,365,365,365,365,365,365,365,365,365,365,365,365,365,365,365,365,365,365,365,365,365,365,365,365,365,365,365,365,365,365,365,365,365,365,365,365
1,2004,INITIAL_VALUE,0.234590,0.000000,0.000000,1.500000,7.902091,1.661295,0.472612,0.434859,0.506351,0.007741,0.005141,2.593001,0.226254,0.226180,0.061213,0.069775,2.164974,1.509651,2.500000,2.821793,4.177342,5.709187,6.716624,7.315751,0.002235,0.000000,0.000000,0.000000,17554.525391,14356.883789,3197.911133,276.652985,14080.334961,2878.109375,248.248413,51.624924,20.036270,0.000000,4594.969238,1411.966431,501.821838,4093.285400,655.069153,210.810898,104.504616,0.000000,301.795410,80.318436,59.472462,0.000000,21673.146484,16645.337891,2520.856201,1516.168945,991.351624,40.334671,0.011873,3.064042,49.260246,0.000000,0.000000,0.010162,0.000152,0.010010,0.000000,0.000000,0.000000,0.663103,0.000000,0.001352,0.000000,0.000000,0.000000,0.000220,0.000000,0.006888,0.001352,0.000000,0.000000,-0.669991,596800.000000,4.000000,0.203443,298400.000000,2.000000,0.101721,298400.000000,2.000000,0.101721,0.000000,0.000000,0.000000,0.000000,0.000000,0.000000,202149.140625,1.354887,0.068911,298400.000000,2.000000,0.101721,15638006.000000,104.812378,5.330836,2226.292480,0.014922,0.000759,378564.218750,2.537294,0.129049,-8053056.000000,-53.974907,-2.745204,0.000000,0.000000,0.000000,0.000000,0.000000,0.000000,0.000000,0.000000,0.000000,562.761719,0.003772,0.000192,0.046143,0.000000,0.000000,38.555664,0.000258,0.000013,631.533264,0.004233,0.000215,0.000000,0.000000,0.000000,0.000000,0.000000,0.000000,0.000000,0.000000,0.000000,0.000000,0.000000,0.000000,0.000000,0.000000,51111878656.000000,41881.250000,17423.513672,42114113536.000000,34508.453125,14356.268555,8997890048.000000,7372.902832,3067.288330,0.000000,0.000000,0.000000,0.000000,0.000000,0.000000,13211840512.000000,10825.828125,4503.780762,3607328000.000000,2955.857178,1229.701050,7616548.500000,6.241026,2.596403,9644.248047,0.007903,0.003288,3985070.000000,3.265380,1.358469,131859640.000000,108.046242,44.949596,0.000000,0.000000,0.000000,0.000000,0.000000,0.000000,0.000000,0.000000,0.000000,126.925087,0.000104,0.000043,0.186265,0.000000,0.000000,252.568268,0.000207,0.000086,11204.541992,0.009181,0.003820,0.000000,0.000000,0.000000,0.000000,0.000000,0.000000,0.000000,0.000000,0.000000,0.000000,0.000000,0.000000,0.000000,0.000000,70056728.000000,476.252411,23.881620,1395959.750000,9.489869,0.475868,68660728.000000,466.762238,23.405735,0.000000,0.000000,0.000000,0.000000,0.000000,0.000000,47900156.000000,325.629883,16.328671,70997672.000000,482.649017,24.202375,3990571.500000,27.128290,1.360345,2402.635010,0.016333,0.000819,513676.125000,3.492020,0.175107,10216997.000000,69.456131,3.482869,0.000000,0.000000,0.000000,0.000000,0.000000,0.000000,0.000000,0.000000,0.000000,88.514725,0.000602,0.000030,0.007557,0.000000,0.000000,32.679886,0.000222,0.000011,944.456116,0.006421,0.000322,0.000000,0.000000,0.000000,0.000000,0.000000,0.000000,0.000000,0.000000,0.000000,0.000000,0.000000,0.000000,0.000000,0.000000,2806400.000000,4.000000,0.956673,1403200.000000,2.000000,0.478336,1403200.000000,2.000000,0.478336,0.000000,0.000000,0.000000,0.000000,0.000000,0.000000,941499.000000,1.341931,0.320947,1403200.000000,2.000000,0.478336,80356360.000000,114.533005,27.392656,13819.511719,0.019697,0.004711,2064426.375000,2.942455,0.703742,-43588424.000000,-62.127174,-14.858846,0.000000,0.000000,0.000000,0.000000,0.000000,0.000000,0.000000,0.000000,0.000000,2854.303467,0.004068,0.000973,0.384640,0.000001,0.000000,168.730042,0.000240,0.000058,2407.413574,0.003431,0.000821,0.000000,0.000000,0.000000,0.000000,0.000000,0.000000,0.000000,0.000000,0.000000,0.000000,0.000000,0.000000,0.000000,0.000000,313127520.000000,437.818115,106.741959,23.511541,0.000033,0.000008,313127520.000000,437.818115,106.741959,0.000000,0.000000,0.000000,0.000000,0.000000,0.000000,219115424.000000,306.369446,74.694199,461989312.000000,645.958191,157.487411,10712647.000000,14.978533,3.651831,6740.357422,0.009424,0.002298,2046747.250000,2.861783,0.697715,54069420.000000,75.600418,18.431709,0.000000,0.000000,0.000000,0.000000,0.000000,0.000000,0.000000,0.000000,0.000000,333.876678,0.000467,0.000114,0.093629,0.000000,0.000000,151.957733,0.000212,0.000052,5018.526855,0.007017,0.001711,0.000000,0.000000,0.000000,0.000000,0.000000,0.000000,0.000000,0.000000,0.000000,0.000000,0.000000,0.000000,0.000000,0.000000,61326757888.000000,22009.316406,20905.662109,2251687680.000000,15307.191406,767.577209
1,2004,FINAL_VALUE,0.000000,0.000000,0.000000,0.000000,0.000000,0.568967,0.000709,0.337571,0.225281,0.002336,0.003070,1.590737,0.201530,0.171191,0.044193,0.063769,2.637520,1.724872,5.298424,4.530765,5.295858,6.465695,7.194320,7.611747,0.000000,0.000000,0.000000,0.000000,17562.515625,14361.627930,3200.727539,277.170532,14084.978516,2880.117432,248.946991,51.662323,20.038412,0.000000,4538.155762,1407.182007,495.878235,4042.378418,650.748718,210.407059,105.242935,0.000000,299.501007,79.847969,61.445206,0.000000,21881.400391,16878.384766,2506.427734,1512.187744,985.863281,43.233879,0.011718,3.173989,52.655731,0.000000,0.000000,0.011520,0.000173,0.011347,1.213997,0.017425,0.017425,0.771366,0.000000,0.001102,0.000000,0.000000,0.000000,0.000136,0.000000,0.003970,0.001102,0.000000,0.000000,0.438661,596800.000000,4.000000,0.203443,298400.000000,2.000000,0.101721,298400.000000,2.000000,0.101721,0.000000,0.000000,0.000000,0.000000,0.000000,0.000000,198920.859375,1.333250,0.067810,298400.000000,2.000000,0.101721,16713036.000000,112.017670,5.697302,2169.982666,0.014544,0.000740,390195.875000,2.615254,0.133014,-8010924.000000,-53.692520,-2.730842,0.000000,0.000000,0.000000,0.000000,0.000000,0.000000,0.000000,0.000000,0.000000,425.242340,0.002850,0.000145,0.032103,0.000000,0.000000,23.470999,0.000157,0.000008,280.614777,0.001881,0.000096,0.000000,0.000000,0.000000,0.000000,0.000000,0.000000,0.000000,0.000000,0.000000,0.000000,0.000000,0.000000,0.000000,0.000000,51130888192.000000,41896.824219,17429.994141,42127699968.000000,34519.582031,14360.899414,9003374592.000000,7377.396484,3069.157715,0.000000,0.000000,0.000000,0.000000,0.000000,0.000000,13035957248.000000,10681.708984,4443.823730,3565491712.000000,2921.576172,1215.439453,9137148.000000,7.487011,3.114760,9592.414063,0.007860,0.003270,4136796.000000,3.389705,1.410191,138767760.000000,113.706787,47.304504,0.000000,0.000000,0.000000,0.000000,0.000000,0.000000,0.000000,0.000000,0.000000,139.503143,0.000114,0.000048,0.174593,0.000000,0.000000,130.996704,0.000107,0.000045,6036.299316,0.004946,0.002058,0.000000,0.000000,0.000000,0.000000,0.000000,0.000000,0.000000,0.000000,0.000000,0.000000,0.000000,0.000000,0.000000,0.000000,71083960.000000,483.235626,24.231792,1680543.125000,11.424495,0.572880,69403472.000000,471.811493,23.658930,0.000000,0.000000,0.000000,0.000000,0.000000,0.000000,49325676.000000,335.320709,16.814615,73071976.000000,496.750336,24.909485,4260758.500000,28.965048,1.452449,2419.306396,0.016447,0.000825,532606.812500,3.620712,0.181560,10691032.000000,72.678665,3.644463,647395.312500,4.401056,0.220690,9292.310547,0.063170,0.003168,9292.309570,0.063170,0.003168,58.088524,0.000395,0.000020,0.004708,0.000000,0.000000,17.951698,0.000122,0.000006,467.848907,0.003180,0.000159,0.000000,0.000000,0.000000,0.000000,0.000000,0.000000,0.000000,0.000000,0.000000,0.000000,0.000000,0.000000,0.000000,0.000000,2806400.000000,4.000000,0.956673,1403200.000000,2.000000,0.478336,1403200.000000,2.000000,0.478336,0.000000,0.000000,0.000000,0.000000,0.000000,0.000000,926092.187500,1.319972,0.315695,1403200.000000,2.000000,0.478336,85850424.000000,122.363777,29.265528,13521.679688,0.019273,0.004609,2134203.000000,3.041909,0.727528,-43354396.000000,-61.793610,-14.779068,0.000000,0.000000,0.000000,0.000000,0.000000,0.000000,0.000000,0.000000,0.000000,2379.394043,0.003391,0.000811,0.258409,0.000000,0.000000,116.705635,0.000166,0.000040,1248.855225,0.001780,0.000426,0.000000,0.000000,0.000000,0.000000,0.000000,0.000000,0.000000,0.000000,0.000000,0.000000,0.000000,0.000000,0.000000,0.000000,316488512.000000,442.517487,107.887680,1280894.500000,1.790960,0.436644,315208512.000000,440.727783,107.451340,0.000000,0.000000,0.000000,0.000000,0.000000,0.000000,226915680.000000,317.275818,77.353218,487721664.000000,681.937439,166.259293,10866888.000000,15.194194,3.704410,6672.958984,0.009330,0.002275,2117141.500000,2.960209,0.721712,56373068.000000,78.821404,19.216999,2913860.250000,4.074190,0.993305,41823.683594,0.058478,0.014257,41823.628906,0.058478,0.014257,230.893921,0.000323,0.000079,0.082198,0.000000,0.000000,110.666512,0.000155,0.000038,3610.979492,0.005049,0.001231,0.000000,0.000000,0.000000,0.000000,0.000000,0.000000,0.000000,0.000000,0.000000,0.000000,0.000000,0.000000,0.000000,0.000000,61932302336.000000,22226.636719,21112.083984,2257841920.000000,15349.026367,769.675049
1,2004,ANNUAL_DELTA,-0.234590,0.000000,0.000000,-1.500000,-7.902091,-1.092328,-0.471903,-0.097288,-0.281071,-0.005405,-0.002071,-1.002264,-0.024724,-0.054988,-0.017020,-0.006006,0.472546,0.215220,2.798424,1.708971,1.118516,0.756508,0.477695,0.295996,-0.002235,0.000000,0.000000,0.000000,7.990234,4.744141,2.816406,0.517548,4.643555,2.008057,0.698578,0.037399,0.002142,0.000000,-56.813477,-4.784424,-5.943604,-50.906982,-4.320435,-0.403839,0.738319,0.000000,-2.294403,-0.470467,1.972744,0.000000,208.253906,233.046875,-14.428467,-3.981201,-5.488342,2.899208,-0.000156,0.109947,3.395485,0.000000,0.000000,0.001358,0.000020,0.001337,1.213997,0.017425,0.017425,0.108263,0.000000,-0.000250,0.000000,-0.000000,0.000000,-0.000083,0.000000,-0.002919,-0.000250,0.000000,0.000000,1.108652,0.000000,0.000000,0.000000,0.000000,0.000000,0.000000,0.000000,0.000000,0.000000,0.000000,0.000000,0.000000,0.000000,0.000000,0.000000,-3228.281250,-0.021637,-0.001100,0.000000,0.000000,0.000000,1075030.000000,7.205292,0.366467,-56.309814,-0.000377,-0.000019,11631.656250,0.077960,0.003965,42132.000000,0.282387,0.014363,0.000000,0.000000,0.000000,0.000000,0.000000,0.000000,0.000000,0.000000,0.000000,-137.519379,-0.000922,-0.000047,-0.014040,-0.000000,-0.000000,-15.084665,-0.000101,-0.000005,-350.918488,-0.002352,-0.000120,0.000000,0.000000,0.000000,0.000000,0.000000,0.000000,0.000000,0.000000,0.000000,0.000000,0.000000,0.000000,0.000000,0.000000,19009536.000000,15.574219,6.480469,13586432.000000,11.128906,4.630859,5484544.000000,4.493652,1.869385,0.000000,0.000000,0.000000,0.000000,0.000000,0.000000,-175883264.000000,-144.119141,-59.957031,-41836288.000000,-34.281006,-14.261597,1520599.500000,1.245985,0.518357,-51.833984,-0.000042,-0.000018,151726.000000,0.124325,0.051722,6908120.000000,5.660545,2.354908,0.000000,0.000000,0.000000,0.000000,0.000000,0.000000,0.000000,0.000000,0.000000,12.578056,0.000010,0.000004,-0.011672,-0.000000,-0.000000,-121.571564,-0.000100,-0.000041,-5168.242676,-0.004235,-0.001762,0.000000,0.000000,0.000000,0.000000,0.000000,0.000000,0.000000,0.000000,0.000000,0.000000,0.000000,0.000000,0.000000,0.000000,1027232.000000,6.983215,0.350172,284583.375000,1.934626,0.097012,742744.000000,5.049255,0.253195,0.000000,0.000000,0.000000,0.000000,0.000000,0.000000,1425520.000000,9.690826,0.485945,2074304.000000,14.101318,0.707109,270187.000000,1.836758,0.092104,16.671387,0.000113,0.000006,18930.687500,0.128692,0.006453,474035.000000,3.222534,0.161594,647395.312500,4.401056,0.220690,9292.310547,0.063170,0.003168,9292.309570,0.063170,0.003168,-30.426201,-0.000207,-0.000010,-0.002849,-0.000000,-0.000000,-14.728188,-0.000100,-0.000005,-476.607208,-0.003240,-0.000162,0.000000,0.000000,0.000000,0.000000,0.000000,0.000000,0.000000,0.000000,0.000000,0.000000,0.000000,0.000000,0.000000,0.000000,0.000000,0.000000,0.000000,0.000000,0.000000,0.000000,0.000000,0.000000,0.000000,0.000000,0.000000,0.000000,0.000000,0.000000,0.000000,-15406.812500,-0.021960,-0.005252,0.000000,0.000000,0.000000,5494064.000000,7.830772,1.872871,-297.832031,-0.000425,-0.000102,69776.625000,0.099454,0.023786,234028.000000,0.333565,0.079778,0.000000,0.000000,0.000000,0.000000,0.000000,0.000000,0.000000,0.000000,0.000000,-474.909424,-0.000677,-0.000162,-0.126232,-0.000000,-0.000000,-52.024406,-0.000074,-0.000018,-1158.558350,-0.001651,-0.000395,0.000000,0.000000,0.000000,0.000000,0.000000,0.000000,0.000000,0.000000,0.000000,0.000000,0.000000,0.000000,0.000000,0.000000,3360992.000000,4.699371,1.145721,1280870.988459,1.790927,0.436636,2080992.000000,2.909668,0.709381,0.000000,0.000000,0.000000,0.000000,0.000000,0.000000,7800256.000000,10.906372,2.659019,25732352.000000,35.979248,8.771881,154241.000000,0.215661,0.052579,-67.398438,-0.000094,-0.000023,70394.250000,0.098426,0.023997,2303648.000000,3.220985,0.785290,2913860.250000,4.074190,0.993305,41823.683594,0.058478,0.014257,41823.628906,0.058478,0.014257,-102.982758,-0.000144,-0.000035,-0.011431,-0.000000,-0.000000,-41.291222,-0.000058,-0.000014,-1407.547363,-0.001968,-0.000480,0.000000,0.000000,0.000000,0.000000,0.000000,0.000000,0.000000,0.000000,0.000000,0.000000,0.000000,0.000000,0.000000,0.000000,605544448.000000,217.320313,206.421875,6154240.000000,41.834961,2.097839
1,2004,MIN_VALUE,0.000000,0.000000,0.000000,0.000000,0.000000,0.091532,0.000054,0.038838,0.027841,0.001658,0.002995,0.148393,0.084587,0.069882,0.037203,0.062034,1.353961,0.910756,-3.898964,-1.316956,2.567792,4.717920,6.128933,6.966553,0.000000,0.000000,0.000000,0.000000,17554.525391,14356.883789,3197.911133,276.652985,14080.334961,2878.109375,248.248383,51.624924,20.036270,0.000000,4382.872070,1278.982788,451.016510,3931.788086,617.887207,206.427505,103.757957,0.000000,223.822128,69.589561,57.293335,0.000000,21673.054688,16645.337891,2506.427734,1512.187744,985.863281,40.334671,0.011718,3.064042,49.260246,0.000000,0.000000,0.008352,0.000125,0.008227,0.000000,0.000000,0.000000,0.412948,0.000000,0.000333,0.000000,0.000000,0.000000,0.000034,0.000000,0.000902,0.000333,0.000000,0.000000,-0.931554,596800.000000,4.000000,0.203443,298400.000000,2.000000,0.101721,298400.000000,2.000000,0.101721,0.000000,0.000000,0.000000,0.000000,0.000000,0.000000,198920.859375,1.333250,0.067810,298400.000000,2.000000,0.101721,15480048.000000,103.753677,5.276989,2169.982666,0.014544,0.000740,376464.343750,2.523219,0.128333,-8138456.000000,-54.547295,-2.774316,0.000000,0.000000,0.000000,0.000000,0.000000,0.000000,0.000000,0.000000,0.000000,133.474396,0.000895,0.000046,0.023626,0.000000,0.000000,7.081235,0.000047,0.000002,86.379227,0.000579,0.000029,0.000000,0.000000,0.000000,0.000000,0.000000,0.000000,0.000000,0.000000,0.000000,0.000000,0.000000,0.000000,0.000000,0.000000,51111878656.000000,41881.250000,17423.513672,42114113536.000000,34508.453125,14356.268555,8997890048.000000,7372.902832,3067.288330,0.000000,0.000000,0.000000,0.000000,0.000000,0.000000,12585876480.000000,10312.911133,4290.395996,3386761728.000000,2775.124268,1154.512207,7600876.000000,6.228184,2.591060,9583.950195,0.007853,0.003267,3985004.250000,3.265326,1.358447,131106312.000000,107.428970,44.692795,0.000000,0.000000,0.000000,0.000000,0.000000,0.000000,0.000000,0.000000,0.000000,23.119501,0.000019,0.000008,0.161531,0.000000,0.000000,14.927141,0.000012,0.000005,684.380249,0.000561,0.000233,0.000000,0.000000,0.000000,0.000000,0.000000,0.000000,0.000000,0.000000,0.000000,0.000000,0.000000,0.000000,0.000000,0.000000,70056728.000000,476.252411,23.881620,1395959.750000,9.489869,0.475868,68660728.000000,466.762238,23.405735,0.000000,0.000000,0.000000,0.000000,0.000000,0.000000,30994704.000000,210.704987,10.565776,51282852.000000,348.625793,17.481798,3872174.250000,26.323414,1.319984,2387.255371,0.016229,0.000814,509034.031250,3.460463,0.173524,10024841.000000,68.149834,3.417365,0.000000,0.000000,0.000000,0.000000,0.000000,0.000000,0.000000,0.000000,0.000000,0.602761,0.000004,0.000000,0.003509,0.000000,0.000000,0.129414,0.000001,0.000000,4.530060,0.000031,0.000002,0.000000,0.000000,0.000000,0.000000,0.000000,0.000000,0.000000,0.000000,0.000000,0.000000,0.000000,0.000000,0.000000,0.000000,2806400.000000,4.000000,0.956673,1403200.000000,2.000000,0.478336,1403200.000000,2.000000,0.478336,0.000000,0.000000,0.000000,0.000000,0.000000,0.000000,926092.187500,1.319972,0.315695,1403200.000000,2.000000,0.478336,79735864.000000,113.648605,27.181135,13521.679688,0.019273,0.004609,2064426.375000,2.942455,0.703742,-43802864.000000,-62.432819,-14.931947,0.000000,0.000000,0.000000,0.000000,0.000000,0.000000,0.000000,0.000000,0.000000,781.888428,0.001114,0.000267,0.189193,0.000000,0.000000,38.390495,0.000055,0.000013,420.538605,0.000599,0.000143,0.000000,0.000000,0.000000,0.000000,0.000000,0.000000,0.000000,0.000000,0.000000,0.000000,0.000000,0.000000,0.000000,0.000000,313127520.000000,437.818115,106.741959,13.748982,0.000019,0.000005,313127520.000000,437.818115,106.741959,0.000000,0.000000,0.000000,0.000000,0.000000,0.000000,180886448.000000,252.917297,61.662331,263553632.000000,368.503387,89.842720,9013742.000000,12.603107,3.072692,6657.914063,0.009309,0.002270,2046747.250000,2.861783,0.697715,54069420.000000,75.600418,18.431709,0.000000,0.000000,0.000000,0.000000,0.000000,0.000000,0.000000,0.000000,0.000000,34.209682,0.000048,0.000012,0.075859,0.000000,0.000000,27.449522,0.000038,0.000009,892.696960,0.001248,0.000304,0.000000,0.000000,0.000000,0.000000,0.000000,0.000000,0.000000,0.000000,0.000000,0.000000,0.000000,0.000000,0.000000,0.000000,61326561280.000000,22009.244141,20905.593750,2251676928.000000,15307.117188,767.573547
1,2004,MIN_VALUE_JDAY,3.000000,1.000000,1.000000,2.000000,3.000000,142.000000,166.000000,142.000000,186.000000,342.000000,345.000000,214.000000,214.000000,218.000000,306.000000,339.000000,4.000000,215.000000,4.000000,5.000000,6.000000,6.000000,6.000000,6.000000,3.000000,1.000000,1.000000,1.000000,1.000000,1.000000,1.000000,1.000000,1.000000,1.000000,4.000000,1.000000,1.000000,1.000000,349.000000,262.000000,330.000000,349.000000,262.000000,262.000000,349.000000,1.000000,262.000000,262.000000,349.000000,1.000000,6.000000,1.000000,366.000000,366.000000,366.000000,1.000000,366.000000,1.000000,1.000000,1.000000,1.000000,7.000000,7.000000,7.000000,1.000000,1.000000,1.000000,205.000000,1.000000,218.000000,1.000000,219.000000,1.000000,218.000000,1.000000,143.000000,218.000000,1.000000,1.000000,350.000000,1.000000,1.000000,1.000000,1.000000,1.000000,1.000000,1.000000,1.000000,1.000000,1.000000,1.000000,1.000000,1.000000,1.000000,1.000000,366.000000,366.000000,366.000000,1.000000,1.000000,1.000000,56.000000,56.000000,56.000000,366.000000,366.000000,366.000000,84.000000,84.000000,84.000000,290.000000,290.000000,290.000000,1.000000,1.000000,1.000000,1.000000,1.000000,1.000000,1.000000,1.000000,1.000000,218.000000,218.000000,218.000000,235.000000,235.000000,235.000000,219.000000,219.000000,219.000000,234.000000,234.000000,234.000000,1.000000,1.000000,1.000000,1.000000,1.000000,1.000000,1.000000,1.000000,1.000000,1.000000,1.000000,1.000000,1.000000,1.000000,1.000000,1.000000,1.000000,1.000000,1.000000,1.000000,1.000000,1.000000,1.000000,1.000000,1.000000,1.000000,1.000000,1.000000,1.000000,349.000000,349.000000,349.000000,349.000000,349.000000,349.000000,97.000000,97.000000,97.000000,349.000000,349.000000,349.000000,15.000000,15.000000,15.000000,41.000000,41.000000,41.000000,1.000000,1.000000,1.000000,1.000000,1.000000,1.000000,1.000000,1.000000,1.000000,219.000000,219.000000,219.000000,219.000000,219.000000,219.000000,219.000000,219.000000,219.000000,219.000000,219.000000,219.000000,1.000000,1.000000,1.000000,1.000000,1.000000,1.000000,1.000000,1.000000,1.000000,1.000000,1.000000,1.000000,1.000000,1.000000,1.000000,1.000000,1.000000,1.000000,1.000000,1.000000,1.000000,1.000000,1.000000,1.000000,1.000000,1.000000,1.000000,1.000000,1.000000,262.000000,262.000000,262.000000,262.000000,262.000000,262.000000,169.000000,169.000000,169.000000,180.000000,180.000000,180.000000,90.000000,90.000000,90.000000,91.000000,91.000000,91.000000,1.000000,1.000000,1.000000,1.000000,1.000000,1.000000,1.000000,1.000000,1.000000,234.000000,234.000000,234.000000,305.000000,305.000000,305.000000,219.000000,219.000000,219.000000,219.000000,219.000000,219.000000,1.000000,1.000000,1.000000,1.000000,1.000000,1.000000,1.000000,1.000000,1.000000,1.000000,1.000000,1.000000,1.000000,1.000000,1.000000,1.000000,1.000000,1.000000,1.000000,1.000000,1.000000,1.000000,1.000000,1.000000,1.000000,1.000000,1.000000,1.000000,1.000000,366.000000,366.000000,366.000000,1.000000,1.000000,1.000000,53.000000,53.000000,53.000000,366.000000,366.000000,366.000000,1.000000,1.000000,1.000000,290.000000,290.000000,290.000000,1.000000,1.000000,1.000000,1.000000,1.000000,1.000000,1.000000,1.000000,1.000000,218.000000,218.000000,218.000000,234.000000,234.000000,234.000000,218.000000,218.000000,218.000000,219.000000,219.000000,219.000000,1.000000,1.000000,1.000000,1.000000,1.000000,1.000000,1.000000,1.000000,1.000000,1.000000,1.000000,1.000000,1.000000,1.000000,1.000000,1.000000,1.000000,365.000000,365.000000,365.000000,1.000000,1.000000,1.000000,1.000000,1.000000,1.000000,1.000000,1.000000,1.000000,135.000000,135.000000,135.000000,262.000000,262.000000,262.000000,262.000000,262.000000,262.000000,262.000000,262.000000,262.000000,1.000000,1.000000,1.000000,1.000000,1.000000,1.000000,1.000000,1.000000,1.000000,1.000000,1.000000,1.000000,1.000000,1.000000,1.000000,215.000000,215.000000,215.000000,278.000000,278.000000,278.000000,167.000000,167.000000,167.000000,146.000000,146.000000,146.000000,1.000000,1.000000,1.000000,1.000000,1.000000,1.000000,1.000000,1.000000,1.000000,1.000000,1.000000,1.000000,1.000000,1.000000,5.000000,5.000000,5.000000,7.000000,7.000000,7.000000
1,2004,MAX_VALUE,1.838047,21.100082,21.100082,21.100082,43.201317,6.075686,2.182638,2.187663,1.488388,0.018971,0.007891,5.511011,0.292664,0.270269,0.075875,0.074762,10.038158,4.445724,26.104856,21.845831,15.854791,12.159587,10.355186,9.410456,0.007741,0.000000,0.000000,0.000000,17862.970703,14525.369141,3356.267090,339.297119,14201.225586,2927.995117,341.890411,62.892841,24.255571,0.000000,4594.969238,1411.966431,501.821838,4093.285400,655.069153,210.810898,105.242935,0.000000,301.795410,80.318436,61.445206,0.000000,21881.400391,16878.384766,2520.856201,1516.168945,991.351624,43.240082,0.011873,3.173989,52.655731,0.000000,0.000000,0.033269,0.000499,0.032770,5.043822,0.066218,0.066218,1.918788,0.000000,0.003024,0.000000,0.000000,0.000000,0.000538,0.000000,0.018405,0.003024,0.000000,0.000000,3.670250,596800.000000,4.000000,0.203443,298400.000000,2.000000,0.101721,298400.000000,2.000000,0.101721,0.000000,0.000000,0.000000,0.000000,0.000000,0.000000,202149.140625,1.354887,0.068911,298400.000000,2.000000,0.101721,16738588.000000,112.188927,5.706012,2226.292480,0.014922,0.000759,390466.906250,2.617070,0.133106,-7797179.000000,-52.259911,-2.657978,0.000000,0.000000,0.000000,0.000000,0.000000,0.000000,0.000000,0.000000,0.000000,1271.067383,0.008519,0.000433,0.070106,0.000000,0.000000,84.323158,0.000565,0.000029,1520.886353,0.010194,0.000518,0.000000,0.000000,0.000000,0.000000,0.000000,0.000000,0.000000,0.000000,0.000000,0.000000,0.000000,0.000000,0.000000,0.000000,51791998976.000000,42438.542969,17655.361328,42599600128.000000,34906.261719,14521.765625,9192415232.000000,7532.296875,3133.599854,0.000000,0.000000,0.000000,0.000000,0.000000,0.000000,13211840512.000000,10825.828125,4503.780762,3607328000.000000,2955.857178,1229.701050,9137148.000000,7.487011,3.114760,9648.530273,0.007906,0.003289,4136796.000000,3.389705,1.410191,138767760.000000,113.706787,47.304504,6078736.000000,4.980937,2.072179,46236.574219,0.037886,0.015762,46236.597656,0.037886,0.015762,423.895203,0.000347,0.000145,0.201193,0.000000,0.000000,715.111877,0.000586,0.000244,34118.820313,0.027957,0.011631,0.000000,0.000000,0.000000,0.000000,0.000000,0.000000,0.000000,0.000000,0.000000,0.000000,0.000000,0.000000,0.000000,0.000000,122744336.000000,834.427856,41.842281,24556480.000000,166.937317,8.371052,98188016.000000,667.491638,33.471287,0.000000,0.000000,0.000000,0.000000,0.000000,0.000000,49367864.000000,335.607513,16.828999,73148296.000000,497.269165,24.935501,4379972.500000,29.775475,1.493088,2435.519531,0.016557,0.000830,532606.812500,3.620712,0.181560,10691097.000000,72.679108,3.644485,1330337.250000,9.043760,0.453498,19094.824219,0.129808,0.006509,19094.841797,0.129809,0.006509,287.812408,0.001957,0.000098,0.020774,0.000000,0.000000,90.550407,0.000616,0.000031,2460.138428,0.016724,0.000839,0.000000,0.000000,0.000000,0.000000,0.000000,0.000000,0.000000,0.000000,0.000000,0.000000,0.000000,0.000000,0.000000,0.000000,2806400.000000,4.000000,0.956673,1403200.000000,2.000000,0.478336,1403200.000000,2.000000,0.478336,0.000000,0.000000,0.000000,0.000000,0.000000,0.000000,941499.000000,1.341931,0.320947,1403200.000000,2.000000,0.478336,85967016.000000,122.529961,29.305273,13819.511719,0.019697,0.004711,2134951.000000,3.042975,0.727783,-42231464.000000,-60.193081,-14.396273,0.000000,0.000000,0.000000,0.000000,0.000000,0.000000,0.000000,0.000000,0.000000,6191.771484,0.008825,0.002111,0.578276,0.000001,0.000000,351.993805,0.000502,0.000120,5472.623535,0.007800,0.001866,0.000000,0.000000,0.000000,0.000000,0.000000,0.000000,0.000000,0.000000,0.000000,0.000000,0.000000,0.000000,0.000000,0.000000,646667264.000000,904.176819,220.442215,89091440.000000,124.568573,30.370358,597900416.000000,835.990479,203.818100,0.000000,0.000000,0.000000,0.000000,0.000000,0.000000,228100320.000000,318.932220,77.757057,488211488.000000,682.622314,166.426285,12747122.000000,17.823156,4.345363,6779.424805,0.009479,0.002311,2117141.500000,2.960209,0.721712,56378124.000000,78.828476,19.218723,10861334.000000,15.186428,3.702517,155896.093750,0.217976,0.053143,155896.687500,0.217976,0.053144,937.773010,0.001311,0.000320,0.138476,0.000000,0.000000,385.225159,0.000539,0.000131,12542.614258,0.017537,0.004276,0.000000,0.000000,0.000000,0.000000,0.000000,0.000000,3492109.500000,4.882703,1.190424,7152.000000,92617.273438,0.129498,0.031572,7152.000000,61932302336.000000,22226.636719,21112.083984,2257841920.000000,15349.026367,769.675049
1,2004,MAX_VALUE_JDAY,29.000000,6.000000,6.000000,8.000000,29.000000,29.000000,29.000000,30.000000,32.000000,38.000000,41.000000,32.000000,29.000000,32.000000,38.000000,35.000000,205.000000,236.000000,205.000000,205.000000,206.000000,206.000000,206.000000,206.000000,235.000000,1.000000,1.000000,1.000000,258.000000,349.000000,262.000000,166.000000,349.000000,262.000000,262.000000,262.000000,349.000000,1.000000,1.000000,1.000000,1.000000,1.000000,1.000000,1.000000,366.000000,1.000000,1.000000,1.000000,366.000000,1.000000,366.000000,366.000000,1.000000,1.000000,1.000000,365.000000,7.000000,366.000000,366.000000,1.000000,1.000000,236.000000,236.000000,236.000000,148.000000,148.000000,148.000000,236.000000,1.000000,31.000000,1.000000,32.000000,1.000000,31.000000,1.000000,30.000000,31.000000,1.000000,1.000000,148.000000,1.000000,1.000000,1.000000,1.000000,1.000000,1.000000,1.000000,1.000000,1.000000,1.000000,1.000000,1.000000,1.000000,1.000000,1.000000,1.000000,1.000000,1.000000,1.000000,1.000000,1.000000,345.000000,345.000000,345.000000,1.000000,1.000000,1.000000,349.000000,349.000000,349.000000,73.000000,73.000000,73.000000,1.000000,1.000000,1.000000,1.000000,1.000000,1.000000,1.000000,1.000000,1.000000,31.000000,31.000000,31.000000,33.000000,33.000000,33.000000,32.000000,32.000000,32.000000,33.000000,33.000000,33.000000,1.000000,1.000000,1.000000,1.000000,1.000000,1.000000,1.000000,1.000000,1.000000,1.000000,1.000000,1.000000,1.000000,1.000000,349.000000,349.000000,349.000000,349.000000,349.000000,349.000000,349.000000,349.000000,349.000000,1.000000,1.000000,1.000000,1.000000,1.000000,1.000000,1.000000,1.000000,1.000000,1.000000,1.000000,1.000000,366.000000,366.000000,366.000000,7.000000,7.000000,7.000000,366.000000,366.000000,366.000000,366.000000,366.000000,366.000000,348.000000,348.000000,348.000000,348.000000,348.000000,348.000000,348.000000,348.000000,348.000000,30.000000,30.000000,30.000000,31.000000,31.000000,31.000000,30.000000,30.000000,30.000000,30.000000,30.000000,30.000000,1.000000,1.000000,1.000000,1.000000,1.000000,1.000000,1.000000,1.000000,1.000000,1.000000,1.000000,1.000000,1.000000,1.000000,262.000000,262.000000,262.000000,262.000000,262.000000,262.000000,262.000000,262.000000,262.000000,1.000000,1.000000,1.000000,1.000000,1.000000,1.000000,365.000000,365.000000,365.000000,365.000000,365.000000,365.000000,118.000000,118.000000,118.000000,118.000000,118.000000,118.000000,366.000000,366.000000,366.000000,364.000000,364.000000,364.000000,125.000000,125.000000,125.000000,125.000000,125.000000,125.000000,125.000000,125.000000,125.000000,30.000000,30.000000,30.000000,30.000000,30.000000,30.000000,30.000000,30.000000,30.000000,30.000000,30.000000,30.000000,1.000000,1.000000,1.000000,1.000000,1.000000,1.000000,1.000000,1.000000,1.000000,1.000000,1.000000,1.000000,1.000000,1.000000,1.000000,1.000000,1.000000,1.000000,1.000000,1.000000,1.000000,1.000000,1.000000,1.000000,1.000000,1.000000,1.000000,1.000000,1.000000,1.000000,1.000000,1.000000,1.000000,1.000000,1.000000,343.000000,343.000000,343.000000,1.000000,1.000000,1.000000,349.000000,349.000000,349.000000,79.000000,79.000000,79.000000,1.000000,1.000000,1.000000,1.000000,1.000000,1.000000,1.000000,1.000000,1.000000,31.000000,31.000000,31.000000,34.000000,34.000000,34.000000,32.000000,32.000000,32.000000,34.000000,34.000000,34.000000,1.000000,1.000000,1.000000,1.000000,1.000000,1.000000,1.000000,1.000000,1.000000,1.000000,1.000000,1.000000,1.000000,1.000000,258.000000,258.000000,258.000000,152.000000,152.000000,152.000000,262.000000,262.000000,262.000000,1.000000,1.000000,1.000000,1.000000,1.000000,1.000000,197.000000,197.000000,197.000000,365.000000,365.000000,365.000000,119.000000,119.000000,119.000000,118.000000,118.000000,118.000000,366.000000,366.000000,366.000000,306.000000,306.000000,306.000000,148.000000,148.000000,148.000000,148.000000,148.000000,148.000000,148.000000,148.000000,148.000000,30.000000,30.000000,30.000000,30.000000,30.000000,30.000000,30.000000,30.000000,30.000000,30.000000,30.000000,30.000000,1.000000,1.000000,1.000000,1.000000,1.000000,1.000000,122.000000,122.000000,122.000000,122.000000,153.000000,153.000000,153.000000,61.000000,366.000000,366.000000,366.000000,366.000000,366.000000,366.000000
1,2004,ANNUAL_SUM,19.265444,21.100082,42.200165,22.600082,772.835439,223.628774,41.411114,81.660389,77.725568,1.982465,1.583794,448.397053,54.849956,49.743996,19.529315,24.279461,1652.189494,736.269251,4512.495638,4132.384093,3750.495995,3385.299251,3207.743585,3116.190236,0.192688,0.000000,0.000000,0.000000,6494488.017578,5294478.633789,1200074.317871,115181.954834,5179268.235352,1062505.597656,107800.241455,21528.250721,8253.881395,0.000000,1640448.076172,489992.081421,172241.111115,1468247.430420,232487.967712,76084.472763,38091.479675,0.000000,95263.327301,26754.627655,21308.699181,0.000000,7968248.345703,6132535.556641,920006.410645,554178.761230,361838.580994,15140.125751,4.311015,1140.897237,18656.054672,0.000000,0.000000,7.357039,0.110356,7.246681,424.195344,4.524668,4.524668,338.546320,0.000000,0.298170,0.000000,0.000073,0.000000,0.039117,0.000000,1.170281,0.298243,0.000000,0.000000,84.478743,218428800.000000,1464.000000,74.460135,109214400.000000,732.000000,37.230067,109214400.000000,732.000000,37.230067,0.000000,0.000000,0.000000,0.000000,0.000000,0.000000,73414292.203125,492.052896,25.026178,109214400.000000,732.000000,37.230067,5871176183.000000,39351.046890,2001.423618,802809.770752,5.380763,0.273670,139866226.281250,937.441193,47.678959,-2919385611.000000,-19566.927704,-995.188550,0.000000,0.000000,0.000000,0.000000,0.000000,0.000000,0.000000,0.000000,0.000000,113930.764038,0.763611,0.038838,11.993800,0.000080,0.000004,7067.406812,0.047369,0.002409,106878.496147,0.716344,0.036434,0.000000,0.000000,0.000000,0.000000,0.000000,0.000000,0.000000,0.000000,0.000000,0.000000,0.000000,0.000000,0.000000,0.000000,18851893964800.000000,15447307.421875,6426416.902344,15517212614656.000000,12714857.933594,5289658.305664,3334680088576.000000,2732448.461426,1136758.173340,0.000000,0.000000,0.000000,0.000000,0.000000,0.000000,4720108326912.000000,3867673.169922,1609036.414551,1276882948608.000000,1046282.326416,435276.273682,2997646972.000000,2456.282348,1021.867042,3512974.788086,2.878544,1.197537,1483934588.500000,1215.941155,505.858048,49321833368.000000,40414.481613,16813.306107,679983549.406250,557.180883,231.799404,5172156.969604,4.238083,1.763135,5172157.502075,4.238084,1.763135,27637.061552,0.022646,0.009421,65.345045,0.000054,0.000022,37075.563723,0.030380,0.012639,1704155.332153,1.396391,0.580929,0.000000,0.000000,0.000000,0.000000,0.000000,0.000000,0.000000,0.000000,0.000000,0.000000,0.000000,0.000000,0.000000,0.000000,34303208808.000000,233196.527008,11693.611551,4309919030.375000,29299.245628,1469.207107,29993293024.000000,203897.298645,10224.405128,0.000000,0.000000,0.000000,0.000000,0.000000,0.000000,14595319964.000000,99220.394058,4975.394549,22331260560.000000,151810.064758,7612.497192,1496113128.500000,10170.721478,510.009588,881081.276123,5.989676,0.300352,189446507.281250,1287.875643,64.580367,3764029426.000000,25588.235397,1283.118944,53335131.931702,362.577377,18.181398,765539.422142,5.204211,0.260965,765539.563255,5.204212,0.260965,13128.875659,0.089251,0.004475,2.253403,0.000015,0.000001,4392.778609,0.029863,0.001497,124405.757175,0.845722,0.042409,0.000000,0.000000,0.000000,0.000000,0.000000,0.000000,0.000000,0.000000,0.000000,0.000000,0.000000,0.000000,0.000000,0.000000,1027142400.000000,1464.000000,350.142284,513571200.000000,732.000000,175.071142,513571200.000000,732.000000,175.071142,0.000000,0.000000,0.000000,0.000000,0.000000,0.000000,341884147.375000,487.292115,116.544792,513571200.000000,732.000000,175.071142,30216269672.000000,43067.659203,10300.415766,4995198.195313,7.119724,1.702812,767623812.250000,1094.104631,261.675068,-15766889960.000000,-22472.762245,-5374.770741,0.000000,0.000000,0.000000,0.000000,0.000000,0.000000,0.000000,0.000000,0.000000,655354.287231,0.934085,0.223404,101.538713,0.000145,0.000035,34943.992947,0.049806,0.011912,445718.362396,0.635288,0.151941,0.000000,0.000000,0.000000,0.000000,0.000000,0.000000,0.000000,0.000000,0.000000,0.000000,0.000000,0.000000,0.000000,0.000000,164961746368.000000,230651.211243,56233.764671,9709341046.056530,13575.700612,3309.814588,155252397920.000000,217075.499481,52923.947411,0.000000,0.000000,0.000000,0.000000,0.000000,0.000000,77364180176.000000,108171.392502,26372.653893,137550547376.000000,192324.591187,46889.567879,3832878314.000000,5359.169922,1306.588828,2455148.780273,3.432814,0.836935,765967205.125000,1070.983226,261.110346,20327986308.000000,28422.799660,6929.601606,511058400.281250,714.567114,174.214556,7335416.974121,10.256455,2.500568,7335416.999512,10.256455,2.500568,64634.779373,0.090373,0.022033,31.678163,0.000044,0.000011,31270.322269,0.043722,0.010660,1051864.763062,1.470728,0.358570,0.000000,0.000000,0.000000,0.000000,0.000000,0.000000,13968438.000000,19.530813,4.761697,28608.000000,615363.208008,0.860407,0.209771,100128.000000,22549905612800.000000,8092845.820313,7687031.074219,825262497792.000000,5610214.134766,281323.504578
1,2004,ANNUAL_AVERAGE,0.052638,0.057650,0.115301,0.061749,2.111572,0.611008,0.113145,0.223116,0.212365,0.005417,0.004327,1.225129,0.149863,0.135913,0.053359,0.066337,4.514179,2.011665,12.329223,11.290667,10.247257,9.249452,8.764327,8.514181,0.000526,0.000000,0.000000,0.000000,17744.502780,14465.788617,3278.891579,314.704795,14151.006108,2903.020759,294.536179,58.820357,22.551589,0.000000,4482.098569,1338.776179,470.604129,4011.605001,635.213027,207.881073,104.075081,0.000000,260.282315,73.100076,58.220490,0.000000,21771.170343,16755.561630,2513.678718,1514.149621,988.630003,41.366464,0.011779,3.117206,50.972827,0.000000,0.000000,0.020101,0.000302,0.019800,1.159004,0.012362,0.012362,0.924990,0.000000,0.000815,0.000000,0.000000,0.000000,0.000107,0.000000,0.003197,0.000815,0.000000,0.000000,0.230816,596800.000000,4.000000,0.203443,298400.000000,2.000000,0.101721,298400.000000,2.000000,0.101721,0.000000,0.000000,0.000000,0.000000,0.000000,0.000000,200585.497823,1.344407,0.068378,298400.000000,2.000000,0.101721,16041464.980874,107.516522,5.468371,2193.469319,0.014702,0.000748,382148.159238,2.561315,0.130270,-7976463.418033,-53.461551,-2.719094,0.000000,0.000000,0.000000,0.000000,0.000000,0.000000,0.000000,0.000000,0.000000,311.286241,0.002086,0.000106,0.032770,0.000000,0.000000,19.309855,0.000129,0.000007,292.017749,0.001957,0.000100,0.000000,0.000000,0.000000,0.000000,0.000000,0.000000,0.000000,0.000000,0.000000,0.000000,0.000000,0.000000,0.000000,0.000000,51507907007.650276,42205.757983,17558.516127,42396755777.748634,34740.048999,14452.618321,9111147782.994535,7465.706179,3105.896648,0.000000,0.000000,0.000000,0.000000,0.000000,0.000000,12896470838.557377,10567.413033,4396.274357,3488751225.704918,2858.694881,1189.279436,8190292.273224,6.711154,2.791986,9598.291771,0.007865,0.003272,4054466.088798,3.322244,1.382126,134759107.562842,110.422081,45.937995,1857878.550290,1.522352,0.633332,14131.576420,0.011579,0.004817,14131.577875,0.011579,0.004817,75.511097,0.000062,0.000026,0.178538,0.000000,0.000000,101.299354,0.000083,0.000035,4656.162110,0.003815,0.001587,0.000000,0.000000,0.000000,0.000000,0.000000,0.000000,0.000000,0.000000,0.000000,0.000000,0.000000,0.000000,0.000000,0.000000,93724614.229508,637.148981,31.949758,11775735.055669,80.052584,4.014227,81948888.043716,557.096444,27.935533,0.000000,0.000000,0.000000,0.000000,0.000000,0.000000,39877923.398907,271.093973,13.593974,61014373.114754,414.781598,20.799173,4087740.788251,27.788856,1.393469,2407.325891,0.016365,0.000821,517613.407872,3.518786,0.176449,10284233.404372,69.913211,3.505789,145724.404185,0.990649,0.049676,2091.637765,0.014219,0.000713,2091.638151,0.014219,0.000713,35.871245,0.000244,0.000012,0.006157,0.000000,0.000000,12.002127,0.000082,0.000004,339.906440,0.002311,0.000116,0.000000,0.000000,0.000000,0.000000,0.000000,0.000000,0.000000,0.000000,0.000000,0.000000,0.000000,0.000000,0.000000,0.000000,2806400.000000,4.000000,0.956673,1403200.000000,2.000000,0.478336,1403200.000000,2.000000,0.478336,0.000000,0.000000,0.000000,0.000000,0.000000,0.000000,934109.692281,1.331399,0.318428,1403200.000000,2.000000,0.478336,82558113.857924,117.671200,28.143212,13648.082501,0.019453,0.004652,2097332.820355,2.989357,0.714959,-43078934.316940,-61.400990,-14.685166,0.000000,0.000000,0.000000,0.000000,0.000000,0.000000,0.000000,0.000000,0.000000,1790.585484,0.002552,0.000610,0.277428,0.000000,0.000000,95.475391,0.000136,0.000033,1217.809733,0.001736,0.000415,0.000000,0.000000,0.000000,0.000000,0.000000,0.000000,0.000000,0.000000,0.000000,0.000000,0.000000,0.000000,0.000000,0.000000,450715154.010929,630.194566,153.644166,26528254.224198,37.092078,9.043209,424186879.562842,593.102458,144.600949,0.000000,0.000000,0.000000,0.000000,0.000000,0.000000,211377541.464481,295.550253,72.056431,375821167.693989,525.477025,128.113573,10472345.120219,14.642541,3.569915,6708.056777,0.009379,0.002287,2092806.571380,2.926184,0.713416,55540946.196721,77.657923,18.933338,1396334.426998,1.952369,0.475996,20042.122880,0.028023,0.006832,20042.122949,0.028023,0.006832,176.597758,0.000247,0.000060,0.086552,0.000000,0.000000,85.438039,0.000119,0.000029,2873.947440,0.004018,0.000980,0.000000,0.000000,0.000000,0.000000,0.000000,0.000000,38165.131148,0.053363,0.013010,78.163934,1681.320240,0.002351,0.000573,273.573770,61611763969.398910,22111.600602,21002.817143,2254815567.737705,15328.453920,768.643455
1,2004,DAY_COUNT,366,366,366,366,366,366,366,366,366,366,366,366,366,366,366,366,366,366,366,366,366,366,366,366,366,366,366,366,366,366,366,366,366,366,366,366,366,366,366,366,366,366,366,366,366,366,366,366,366,366,366,366,366,366,366,366,366,366,366,366,366,366,366,366,366,366,366,366,366,366,366,366,366,366,366,366,366,366,366,366,366,366,366,366,366,366,366,366,366,366,366,366,366,366,366,366,366,366,366,366,366,366,366,366,366,366,366,366,366,366,366,366,366,366,366,366,366,366,366,366,366,366,366,366,366,366,366,366,366,366,366,366,366,366,366,366,366,366,366,366,366,366,366,366,366,366,366,366,366,366,366,366,366,366,366,366,366,366,366,366,366,366,366,366,366,366,366,366,366,366,366,366,366,366,366,366,366,366,366,366,366,366,366,366,366,366,366,366,366,366,366,366,366,366,366,366,366,366,366,366,366,366,366,366,366,366,366,366,366,366,366,366,366,366,366,366,366,366,366,366,366,366,366,366,366,366,366,366,366,366,366,366,366,366,366,366,366,366,366,366,366,366,366,366,366,366,366,366,366,366,366,366,366,366,366,366,366,366,366,366,366,366,366,366,366,366,366,366,366,366,366,366,366,366,366,366,366,366,366,366,366,366,366,366,366,366,366,366,366,366,366,366,366,366,366,366,366,366,366,366,366,366,366,366,366,366,366,366,366,366,366,366,366,366,366,366,366,366,366,366,366,366,366,366,366,366,366,366,366,366,366,366,366,366,366,366,366,366,366,366,366,366,366,366,366,366,366,366,366,366,366,366,366,366,366,366,366,366,366,366,366,366,366,366,366,366,366,366,366,366,366,366,366,366,366,366,366,366,366,366,366,366,366,366,366,366,366,366,366,366,366,366,366,366,366,366,366,366,366,366,366,366,366,366,366,366,366,366,366,366,366,366,366,366,366,366,366,366,366,366,366,366,366,366,366,366
1,2005,INITIAL_VALUE,0.020135,0.000000,0.000000,0.000000,1.000000,0.604223,0.050334,0.303280,0.225067,0.002335,0.003073,1.566379,0.198688,0.171425,0.044278,0.063761,2.684106,1.747733,5.548355,4.656570,5.328604,6.485516,7.205886,7.618456,0.000304,0.000000,0.000000,0.000000,17563.669922,14362.424805,3201.048828,277.387451,14085.531250,2880.212646,249.122086,51.712399,20.059637,0.000000,4537.610840,1406.782593,495.687195,4042.046387,650.633240,210.389008,105.241623,0.000000,299.274689,79.803825,61.440720,0.000000,21881.529297,16878.562500,2506.402344,1512.182129,985.851624,43.237282,0.011718,3.174160,52.663631,0.000000,0.000000,0.011574,0.000174,0.011401,1.127609,0.008577,0.008577,0.777712,0.000000,0.001070,0.000000,0.000000,0.000000,0.000131,0.000000,0.003782,0.001070,0.000000,0.000000,0.346115,596800.000000,4.000000,0.203443,298400.000000,2.000000,0.101721,298400.000000,2.000000,0.101721,0.000000,0.000000,0.000000,0.000000,0.000000,0.000000,198917.296875,1.333226,0.067809,298400.000000,2.000000,0.101721,16712039.000000,112.010986,5.696962,2169.825684,0.014543,0.000740,390179.718750,2.615145,0.133008,-8008472.500000,-53.676090,-2.730006,0.000000,0.000000,0.000000,0.000000,0.000000,0.000000,0.000000,0.000000,0.000000,426.370087,0.002858,0.000145,0.032178,0.000000,0.000000,23.572710,0.000158,0.000008,282.697968,0.001895,0.000096,0.000000,0.000000,0.000000,0.000000,0.000000,0.000000,0.000000,0.000000,0.000000,0.000000,0.000000,0.000000,0.000000,0.000000,51134267392.000000,41899.597656,17431.146484,42130030592.000000,34521.492188,14361.693359,9004323840.000000,7378.174316,3069.481445,0.000000,0.000000,0.000000,0.000000,0.000000,0.000000,13034621952.000000,10680.614258,4443.368652,3564871680.000000,2921.068115,1215.228149,9132575.000000,7.483263,3.113201,9592.171875,0.007860,0.003270,4137164.750000,3.390007,1.410317,138774112.000000,113.711990,47.306667,3307841.000000,2.710456,1.127609,25160.425781,0.020617,0.008577,25160.406250,0.020617,0.008577,128.849548,0.000106,0.000044,0.174595,0.000000,0.000000,124.197510,0.000102,0.000042,5665.818848,0.004643,0.001931,0.000000,0.000000,0.000000,0.000000,0.000000,0.000000,0.000000,0.000000,0.000000,0.000000,0.000000,0.000000,0.000000,0.000000,71083960.000000,483.235626,24.231792,1680543.125000,11.424495,0.572880,69403472.000000,471.811493,23.658930,0.000000,0.000000,0.000000,0.000000,0.000000,0.000000,49281832.000000,335.022644,16.799669,72995328.000000,496.229309,24.883358,4263736.500000,28.985294,1.453464,2419.564941,0.016448,0.000825,532617.562500,3.620786,0.181564,10691137.000000,72.679382,3.644499,0.000000,0.000000,0.000000,0.000000,0.000000,0.000000,0.000000,0.000000,0.000000,53.726612,0.000365,0.000018,0.004639,0.000000,0.000000,16.795244,0.000114,0.000006,440.584290,0.002995,0.000150,0.000000,0.000000,0.000000,0.000000,0.000000,0.000000,0.000000,0.000000,0.000000,0.000000,0.000000,0.000000,0.000000,0.000000,2806400.000000,4.000000,0.956673,1403200.000000,2.000000,0.478336,1403200.000000,2.000000,0.478336,0.000000,0.000000,0.000000,0.000000,0.000000,0.000000,926075.375000,1.319948,0.315690,1403200.000000,2.000000,0.478336,85847232.000000,122.359222,29.264439,13520.874023,0.019271,0.004609,2134184.500000,3.041882,0.727522,-43343856.000000,-61.778587,-14.775476,0.000000,0.000000,0.000000,0.000000,0.000000,0.000000,0.000000,0.000000,0.000000,2307.414551,0.003289,0.000787,0.257904,0.000000,0.000000,114.564964,0.000163,0.000039,1247.406860,0.001778,0.000425,0.000000,0.000000,0.000000,0.000000,0.000000,0.000000,0.000000,0.000000,0.000000,0.000000,0.000000,0.000000,0.000000,0.000000,316488512.000000,442.517487,107.887680,1280894.500000,1.790960,0.436644,315208512.000000,440.727783,107.451340,0.000000,0.000000,0.000000,0.000000,0.000000,0.000000,226696576.000000,316.969482,77.278534,487227904.000000,681.247070,166.090988,10881878.000000,15.215154,3.709520,6673.197266,0.009331,0.002275,2117309.250000,2.960443,0.721769,56376564.000000,78.826286,19.218191,0.000000,0.000000,0.000000,0.000000,0.000000,0.000000,0.000000,0.000000,0.000000,222.133453,0.000311,0.000076,0.081688,0.000000,0.000000,105.948952,0.000148,0.000036,3457.847900,0.004835,0.001179,0.000000,0.000000,0.000000,0.000000,0.000000,0.000000,0.000000,0.000000,0.000000,0.000000,0.000000,0.000000,0.000000,0.000000,61932691456.000000,22226.777344,21112.218750,2257856000.000000,15349.123047,769.679932
1,2005,FINAL_VALUE,0.186411,0.000000,0.000000,0.000000,5.298424,3.448936,0.270472,1.731060,1.252683,0.005213,0.003098,4.985408,0.267415,0.245734,0.053498,0.065217,3.134532,2.191850,7.797928,6.125812,6.564421,7.195905,7.604823,7.846125,0.001239,0.000000,0.000000,0.000000,17564.898438,14362.670898,3202.387207,276.647156,14086.196289,2881.621094,249.102524,51.652893,20.029987,0.000000,4517.549316,1418.477905,500.632965,4017.031738,649.037781,210.853134,106.630219,0.000000,305.622131,81.363228,64.970612,0.000000,22073.337891,17093.078125,2492.290771,1508.847412,980.625732,45.640072,0.011610,3.283551,56.365562,0.000000,0.000000,0.013354,0.000200,0.013153,0.000000,0.000000,0.000000,0.933376,0.000000,0.003537,0.000000,0.000000,0.000000,0.000556,0.000000,0.019248,0.003538,0.000000,0.000000,-0.952624,596800.000000,4.000000,0.203443,298400.000000,2.000000,0.101721,298400.000000,2.000000,0.101721,0.000000,0.000000,0.000000,0.000000,0.000000,0.000000,195971.171875,1.313480,0.066805,298400.000000,2.000000,0.101721,17736368.000000,118.876457,6.046145,2125.275146,0.014244,0.000724,401720.468750,2.692497,0.136942,-7802136.500000,-52.293140,-2.659668,0.000000,0.000000,0.000000,0.000000,0.000000,0.000000,0.000000,0.000000,0.000000,1370.940308,0.009189,0.000467,0.050201,0.000000,0.000000,79.255447,0.000531,0.000027,1066.605713,0.007149,0.000364,0.000000,0.000000,0.000000,0.000000,0.000000,0.000000,0.000000,0.000000,0.000000,0.000000,0.000000,0.000000,0.000000,0.000000,51138527232.000000,41903.085938,17432.597656,42130878464.000000,34522.187500,14361.984375,9007493120.000000,7380.770996,3070.561768,0.000000,0.000000,0.000000,0.000000,0.000000,0.000000,12961805312.000000,10620.948242,4418.546387,3568944896.000000,2924.405762,1216.616577,9644820.000000,7.902998,3.287820,9566.505859,0.007839,0.003261,4305363.000000,3.527829,1.467654,146056768.000000,119.679428,49.789253,0.000000,0.000000,0.000000,0.000000,0.000000,0.000000,0.000000,0.000000,0.000000,668.585754,0.000548,0.000228,0.181789,0.000000,0.000000,713.007568,0.000584,0.000243,35706.582031,0.029258,0.012172,0.000000,0.000000,0.000000,0.000000,0.000000,0.000000,0.000000,0.000000,0.000000,0.000000,0.000000,0.000000,0.000000,0.000000,71374080.000000,485.207886,24.330690,1680543.000000,11.424494,0.572880,69693560.000000,473.783569,23.757818,0.000000,0.000000,0.000000,0.000000,0.000000,0.000000,56051524.000000,381.043671,19.107389,81802256.000000,556.099609,27.885548,4383609.500000,29.800200,1.494327,2456.081299,0.016697,0.000837,555423.312500,3.775821,0.189338,11314284.000000,76.915588,3.856923,0.000000,0.000000,0.000000,0.000000,0.000000,0.000000,0.000000,0.000000,0.000000,225.873688,0.001536,0.000077,0.008402,0.000000,0.000000,76.879051,0.000523,0.000026,2178.682129,0.014811,0.000743,0.000000,0.000000,0.000000,0.000000,0.000000,0.000000,0.000000,0.000000,0.000000,0.000000,0.000000,0.000000,0.000000,0.000000,2806400.000000,4.000000,0.956673,1403200.000000,2.000000,0.478336,1403200.000000,2.000000,0.478336,0.000000,0.000000,0.000000,0.000000,0.000000,0.000000,912189.250000,1.300156,0.310956,1403200.000000,2.000000,0.478336,90965656.000000,129.654587,31.009256,13276.504883,0.018923,0.004526,2195467.000000,3.129229,0.748412,-42509068.000000,-60.588753,-14.490905,0.000000,0.000000,0.000000,0.000000,0.000000,0.000000,0.000000,0.000000,0.000000,7327.192871,0.010444,0.002498,0.397187,0.000001,0.000000,364.289459,0.000519,0.000124,4258.212891,0.006069,0.001452,0.000000,0.000000,0.000000,0.000000,0.000000,0.000000,0.000000,0.000000,0.000000,0.000000,0.000000,0.000000,0.000000,0.000000,315627968.000000,441.314270,107.594330,1469.954834,0.002055,0.000501,315626336.000000,441.311981,107.593773,0.000000,0.000000,0.000000,0.000000,0.000000,0.000000,233864832.000000,326.992218,79.722115,508651008.000000,711.201050,173.393906,11154202.000000,15.595920,3.802353,6634.371094,0.009276,0.002262,2174361.250000,3.040214,0.741217,58288320.000000,81.499329,19.869888,0.000000,0.000000,0.000000,0.000000,0.000000,0.000000,0.000000,0.000000,0.000000,784.669373,0.001097,0.000267,0.096704,0.000000,0.000000,397.214905,0.000555,0.000135,13254.272461,0.018532,0.004518,0.000000,0.000000,0.000000,0.000000,0.000000,0.000000,0.000000,0.000000,0.000000,0.000000,0.000000,0.000000,0.000000,0.000000,62487969792.000000,22426.058594,21301.505859,2265042176.000000,15397.975586,772.129578
1,2005,ANNUAL_DELTA,0.166277,0.000000,0.000000,0.000000,4.298424,2.844713,0.220138,1.427779,1.027616,0.002878,0.000025,3.419029,0.068727,0.074310,0.009219,0.001455,0.450426,0.444117,2.249573,1.469242,1.235817,0.710389,0.398937,0.227669,0.000935,0.000000,0.000000,0.000000,1.228516,0.246094,1.338379,-0.740295,0.665039,1.408447,-0.019562,-0.059505,-0.029650,0.000000,-20.061523,11.695313,4.945770,-25.014648,-1.595459,0.464127,1.388596,0.000000,6.347443,1.559402,3.529892,0.000000,191.808594,214.515625,-14.111572,-3.334717,-5.225891,2.402790,-0.000108,0.109392,3.701931,0.000000,0.000000,0.001779,0.000027,0.001753,-1.127609,-0.008577,-0.008577,0.155664,0.000000,0.002468,0.000000,0.000000,0.000000,0.000425,0.000000,0.015466,0.002468,0.000000,0.000000,-1.298740,0.000000,0.000000,0.000000,0.000000,0.000000,0.000000,0.000000,0.000000,0.000000,0.000000,0.000000,0.000000,0.000000,0.000000,0.000000,-2946.125000,-0.019746,-0.001004,0.000000,0.000000,0.000000,1024329.000000,6.865471,0.349183,-44.550537,-0.000299,-0.000015,11540.750000,0.077351,0.003934,206336.000000,1.382950,0.070338,0.000000,0.000000,0.000000,0.000000,0.000000,0.000000,0.000000,0.000000,0.000000,944.570221,0.006331,0.000322,0.018023,0.000000,0.000000,55.682737,0.000373,0.000019,783.907745,0.005254,0.000267,0.000000,0.000000,0.000000,0.000000,0.000000,0.000000,0.000000,0.000000,0.000000,0.000000,0.000000,0.000000,0.000000,0.000000,4259840.000000,3.488281,1.451172,847872.000000,0.695313,0.291016,3169280.000000,2.596680,1.080322,0.000000,0.000000,0.000000,0.000000,0.000000,0.000000,-72816640.000000,-59.666016,-24.822266,4073216.000000,3.337646,1.388428,512245.000000,0.419735,0.174619,-25.666016,-0.000021,-0.000009,168198.250000,0.137822,0.057337,7282656.000000,5.967438,2.482586,-3307841.000000,-2.710456,-1.127609,-25160.425781,-0.020617,-0.008577,-25160.406250,-0.020617,-0.008577,539.736206,0.000442,0.000184,0.007194,0.000000,0.000000,588.810059,0.000482,0.000201,30040.763184,0.024616,0.010241,0.000000,0.000000,0.000000,0.000000,0.000000,0.000000,0.000000,0.000000,0.000000,0.000000,0.000000,0.000000,0.000000,0.000000,290120.000000,1.972260,0.098898,-0.125000,-0.000001,-0.000000,290088.000000,1.972076,0.098888,0.000000,0.000000,0.000000,0.000000,0.000000,0.000000,6769692.000000,46.021027,2.307720,8806928.000000,59.870300,3.002190,119873.000000,0.814905,0.040863,36.516357,0.000248,0.000012,22805.750000,0.155036,0.007774,623147.000000,4.236206,0.212425,0.000000,0.000000,0.000000,0.000000,0.000000,0.000000,0.000000,0.000000,0.000000,172.147076,0.001170,0.000059,0.003763,0.000000,0.000000,60.083807,0.000408,0.000020,1738.097839,0.011816,0.000592,0.000000,0.000000,0.000000,0.000000,0.000000,0.000000,0.000000,0.000000,0.000000,0.000000,0.000000,0.000000,0.000000,0.000000,0.000000,0.000000,0.000000,0.000000,0.000000,0.000000,0.000000,0.000000,0.000000,0.000000,0.000000,0.000000,0.000000,0.000000,0.000000,-13886.125000,-0.019792,-0.004734,0.000000,0.000000,0.000000,5118424.000000,7.295364,1.744818,-244.369141,-0.000348,-0.000083,61282.500000,0.087347,0.020891,834788.000000,1.189835,0.284571,0.000000,0.000000,0.000000,0.000000,0.000000,0.000000,0.000000,0.000000,0.000000,5019.778320,0.007155,0.001711,0.139283,0.000000,0.000000,249.724495,0.000356,0.000085,3010.806030,0.004291,0.001026,0.000000,0.000000,0.000000,0.000000,0.000000,0.000000,0.000000,0.000000,0.000000,0.000000,0.000000,0.000000,0.000000,0.000000,-860544.000000,-1.203217,-0.293350,-1279424.545166,-1.788905,-0.436143,417824.000000,0.584198,0.142433,0.000000,0.000000,0.000000,0.000000,0.000000,0.000000,7168256.000000,10.022736,2.443581,21423104.000000,29.953979,7.302917,272324.000000,0.380766,0.092832,-38.826172,-0.000054,-0.000013,57052.000000,0.079771,0.019448,1911756.000000,2.673042,0.651697,0.000000,0.000000,0.000000,0.000000,0.000000,0.000000,0.000000,0.000000,0.000000,562.535919,0.000787,0.000192,0.015016,0.000000,0.000000,291.265953,0.000407,0.000099,9796.424561,0.013697,0.003340,0.000000,0.000000,0.000000,0.000000,0.000000,0.000000,0.000000,0.000000,0.000000,0.000000,0.000000,0.000000,0.000000,0.000000,555278336.000000,199.281250,189.287109,7186176.000000,48.852539,2.449646
1,2005,MIN_VALUE,0.000000,0.000000,0.000000,0.000000,0.000000,0.098001,0.000055,0.050373,0.041832,0.001375,0.002609,0.259920,0.087524,0.080643,0.034831,0.058739,1.881543,0.974825,0.549863,1.816917,3.984682,5.692870,6.747333,7.350708,0.000000,0.000000,0.000000,0.000000,17563.669922,14362.424805,3201.048828,276.647156,14085.531250,2880.212646,249.102524,51.652893,20.029987,0.000000,4319.927246,1268.225708,443.886139,3874.545166,611.256470,205.767746,104.703804,0.000000,218.136490,68.418419,59.776764,0.000000,21881.498047,16878.562500,2492.290771,1508.847412,980.625732,42.876480,0.011609,3.174160,52.663631,0.000000,0.000000,0.009771,0.000147,0.009625,0.000000,0.000000,0.000000,0.598031,0.000000,0.000414,0.000000,0.000000,0.000000,0.000038,0.000000,0.000980,0.000415,0.000000,0.000000,-0.975537,596800.000000,4.000000,0.203443,298400.000000,2.000000,0.101721,298400.000000,2.000000,0.101721,0.000000,0.000000,0.000000,0.000000,0.000000,0.000000,195971.171875,1.313480,0.066805,298400.000000,2.000000,0.101721,16681008.000000,111.803001,5.686384,2125.275146,0.014244,0.000724,389317.562500,2.609367,0.132714,-8061561.000000,-54.031910,-2.748103,0.000000,0.000000,0.000000,0.000000,0.000000,0.000000,0.000000,0.000000,0.000000,163.919968,0.001099,0.000056,0.022095,0.000000,0.000000,8.352459,0.000056,0.000003,95.221024,0.000638,0.000032,0.000000,0.000000,0.000000,0.000000,0.000000,0.000000,0.000000,0.000000,0.000000,0.000000,0.000000,0.000000,0.000000,0.000000,51134267392.000000,41899.597656,17431.146484,42130030592.000000,34521.492188,14361.693359,9004323840.000000,7378.174316,3069.481445,0.000000,0.000000,0.000000,0.000000,0.000000,0.000000,12386754560.000000,10149.750000,4222.517090,3339987712.000000,2736.797607,1138.567505,8412008.000000,6.892828,2.867567,9558.326172,0.007832,0.003258,4137164.750000,3.390007,1.410317,138774112.000000,113.711990,47.306667,0.000000,0.000000,0.000000,0.000000,0.000000,0.000000,0.000000,0.000000,0.000000,28.193682,0.000023,0.000010,0.164158,0.000000,0.000000,18.449179,0.000015,0.000006,894.673340,0.000733,0.000305,0.000000,0.000000,0.000000,0.000000,0.000000,0.000000,0.000000,0.000000,0.000000,0.000000,0.000000,0.000000,0.000000,0.000000,71083960.000000,483.235626,24.231792,1680543.000000,11.424494,0.572880,69403472.000000,471.811493,23.658930,0.000000,0.000000,0.000000,0.000000,0.000000,0.000000,32125856.000000,218.394669,10.951374,52860176.000000,359.348572,18.019491,3976816.000000,27.034779,1.355656,2419.564941,0.016448,0.000825,532240.312500,3.618221,0.181435,10672145.000000,72.550270,3.638024,0.000000,0.000000,0.000000,0.000000,0.000000,0.000000,0.000000,0.000000,0.000000,0.603233,0.000004,0.000000,0.003353,0.000000,0.000000,0.132975,0.000001,0.000000,4.641382,0.000032,0.000002,0.000000,0.000000,0.000000,0.000000,0.000000,0.000000,0.000000,0.000000,0.000000,0.000000,0.000000,0.000000,0.000000,0.000000,2806400.000000,4.000000,0.956673,1403200.000000,2.000000,0.478336,1403200.000000,2.000000,0.478336,0.000000,0.000000,0.000000,0.000000,0.000000,0.000000,912189.250000,1.300156,0.310956,1403200.000000,2.000000,0.478336,85738496.000000,122.204247,29.227373,13276.504883,0.018923,0.004526,2133745.000000,3.041256,0.727372,-43496664.000000,-61.996384,-14.827565,0.000000,0.000000,0.000000,0.000000,0.000000,0.000000,0.000000,0.000000,0.000000,977.623962,0.001393,0.000333,0.176135,0.000000,0.000000,45.806622,0.000065,0.000016,464.723053,0.000662,0.000158,0.000000,0.000000,0.000000,0.000000,0.000000,0.000000,0.000000,0.000000,0.000000,0.000000,0.000000,0.000000,0.000000,0.000000,315627968.000000,441.314270,107.594330,1469.954834,0.002055,0.000501,315208512.000000,440.727783,107.451340,0.000000,0.000000,0.000000,0.000000,0.000000,0.000000,191581072.000000,267.870636,65.308022,280754944.000000,392.554474,95.706474,9162202.000000,12.810684,3.123300,6614.820313,0.009249,0.002255,2117309.250000,2.960443,0.721769,56376564.000000,78.826286,19.218191,0.000000,0.000000,0.000000,0.000000,0.000000,0.000000,0.000000,0.000000,0.000000,41.346363,0.000058,0.000014,0.072657,0.000000,0.000000,36.840363,0.000052,0.000013,1333.823486,0.001865,0.000455,0.000000,0.000000,0.000000,0.000000,0.000000,0.000000,0.000000,0.000000,0.000000,0.000000,0.000000,0.000000,0.000000,0.000000,61932613632.000000,22226.750000,21112.191406,2257856000.000000,15349.123047,769.679932
1,2005,MIN_VALUE_JDAY,2.000000,1.000000,1.000000,1.000000,2.000000,271.000000,295.000000,271.000000,273.000000,306.000000,357.000000,246.000000,271.000000,251.000000,303.000000,303.000000,15.000000,300.000000,15.000000,15.000000,15.000000,15.000000,15.000000,15.000000,2.000000,1.000000,1.000000,1.000000,1.000000,1.000000,1.000000,365.000000,1.000000,1.000000,365.000000,365.000000,365.000000,1.000000,349.000000,262.000000,317.000000,349.000000,262.000000,262.000000,349.000000,1.000000,262.000000,262.000000,349.000000,1.000000,5.000000,1.000000,365.000000,365.000000,365.000000,147.000000,362.000000,1.000000,1.000000,1.000000,1.000000,15.000000,15.000000,15.000000,350.000000,350.000000,350.000000,350.000000,1.000000,247.000000,1.000000,273.000000,1.000000,272.000000,1.000000,272.000000,247.000000,1.000000,1.000000,362.000000,1.000000,1.000000,1.000000,1.000000,1.000000,1.000000,1.000000,1.000000,1.000000,1.000000,1.000000,1.000000,1.000000,1.000000,1.000000,365.000000,365.000000,365.000000,1.000000,1.000000,1.000000,31.000000,31.000000,31.000000,365.000000,365.000000,365.000000,75.000000,75.000000,75.000000,298.000000,298.000000,298.000000,1.000000,1.000000,1.000000,1.000000,1.000000,1.000000,1.000000,1.000000,1.000000,273.000000,273.000000,273.000000,303.000000,303.000000,303.000000,273.000000,273.000000,273.000000,304.000000,304.000000,304.000000,1.000000,1.000000,1.000000,1.000000,1.000000,1.000000,1.000000,1.000000,1.000000,1.000000,1.000000,1.000000,1.000000,1.000000,1.000000,1.000000,1.000000,1.000000,1.000000,1.000000,1.000000,1.000000,1.000000,1.000000,1.000000,1.000000,1.000000,1.000000,1.000000,349.000000,349.000000,349.000000,349.000000,349.000000,349.000000,147.000000,147.000000,147.000000,349.000000,349.000000,349.000000,1.000000,1.000000,1.000000,1.000000,1.000000,1.000000,350.000000,350.000000,350.000000,350.000000,350.000000,350.000000,350.000000,350.000000,350.000000,229.000000,229.000000,229.000000,309.000000,309.000000,309.000000,229.000000,229.000000,229.000000,229.000000,229.000000,229.000000,1.000000,1.000000,1.000000,1.000000,1.000000,1.000000,1.000000,1.000000,1.000000,1.000000,1.000000,1.000000,1.000000,1.000000,1.000000,1.000000,1.000000,365.000000,365.000000,365.000000,1.000000,1.000000,1.000000,1.000000,1.000000,1.000000,1.000000,1.000000,1.000000,262.000000,262.000000,262.000000,262.000000,262.000000,262.000000,184.000000,184.000000,184.000000,1.000000,1.000000,1.000000,112.000000,113.000000,113.000000,51.000000,51.000000,51.000000,1.000000,1.000000,1.000000,1.000000,1.000000,1.000000,1.000000,1.000000,1.000000,240.000000,240.000000,240.000000,300.000000,300.000000,300.000000,240.000000,240.000000,240.000000,253.000000,253.000000,253.000000,1.000000,1.000000,1.000000,1.000000,1.000000,1.000000,1.000000,1.000000,1.000000,1.000000,1.000000,1.000000,1.000000,1.000000,1.000000,1.000000,1.000000,1.000000,1.000000,1.000000,1.000000,1.000000,1.000000,1.000000,1.000000,1.000000,1.000000,1.000000,1.000000,365.000000,365.000000,365.000000,1.000000,1.000000,1.000000,27.000000,27.000000,27.000000,365.000000,365.000000,365.000000,16.000000,16.000000,16.000000,303.000000,303.000000,303.000000,1.000000,1.000000,1.000000,1.000000,1.000000,1.000000,1.000000,1.000000,1.000000,251.000000,251.000000,251.000000,272.000000,272.000000,272.000000,251.000000,251.000000,251.000000,252.000000,252.000000,252.000000,1.000000,1.000000,1.000000,1.000000,1.000000,1.000000,1.000000,1.000000,1.000000,1.000000,1.000000,1.000000,1.000000,1.000000,365.000000,365.000000,365.000000,365.000000,365.000000,365.000000,1.000000,1.000000,1.000000,1.000000,1.000000,1.000000,1.000000,1.000000,1.000000,135.000000,135.000000,135.000000,262.000000,262.000000,262.000000,262.000000,262.000000,262.000000,262.000000,262.000000,262.000000,1.000000,1.000000,1.000000,1.000000,1.000000,1.000000,1.000000,1.000000,1.000000,1.000000,1.000000,1.000000,1.000000,1.000000,1.000000,246.000000,246.000000,246.000000,271.000000,271.000000,271.000000,271.000000,271.000000,271.000000,271.000000,271.000000,271.000000,1.000000,1.000000,1.000000,1.000000,1.000000,1.000000,1.000000,1.000000,1.000000,1.000000,1.000000,1.000000,1.000000,1.000000,5.000000,5.000000,5.000000,1.000000,1.000000,1.000000
1,2005,MAX_VALUE,1.260856,0.000000,0.000000,0.000000,39.111553,4.539989,1.950752,2.099734,1.252683,0.005213,0.003383,4.985408,0.281686,0.245734,0.053498,0.065217,8.515724,5.198944,23.352484,19.915939,15.025819,11.787893,10.178115,9.322843,0.006281,0.000000,0.000000,0.000000,17915.974609,14570.554688,3374.051758,349.637054,14235.480469,2934.489502,350.578827,64.765709,25.282988,0.000000,4537.610840,1418.477905,500.632965,4042.046387,650.633240,210.853134,106.630219,0.000000,305.622131,81.363228,64.970612,0.000000,22073.337891,17093.078125,2506.402344,1512.182129,985.851624,45.640072,0.011718,3.283551,56.365562,0.000000,0.000000,0.031308,0.000470,0.030839,6.713952,0.088594,0.088595,1.617822,0.000000,0.003537,0.000000,0.000000,0.000000,0.000556,0.000000,0.019248,0.003538,0.000000,0.000000,5.272987,596800.000000,4.000000,0.203443,298400.000000,2.000000,0.101721,298400.000000,2.000000,0.101721,0.000000,0.000000,0.000000,0.000000,0.000000,0.000000,198917.296875,1.333226,0.067809,298400.000000,2.000000,0.101721,17792076.000000,119.249840,6.065136,2169.825684,0.014543,0.000740,401720.468750,2.692497,0.136942,-7802136.500000,-52.293140,-2.659668,0.000000,0.000000,0.000000,0.000000,0.000000,0.000000,0.000000,0.000000,0.000000,1370.940308,0.009189,0.000467,0.050201,0.000000,0.000000,79.255447,0.000531,0.000027,1066.605713,0.007149,0.000364,0.000000,0.000000,0.000000,0.000000,0.000000,0.000000,0.000000,0.000000,0.000000,0.000000,0.000000,0.000000,0.000000,0.000000,51977228288.000000,42590.320313,17718.503906,42731847680.000000,35014.625000,14566.848633,9245490176.000000,7575.787109,3151.692627,0.000000,0.000000,0.000000,0.000000,0.000000,0.000000,13034621952.000000,10680.614258,4443.368652,3568944896.000000,2924.405762,1216.616577,9644820.000000,7.902998,3.287820,9592.171875,0.007860,0.003270,4306681.000000,3.528910,1.468103,146520800.000000,120.059654,49.947433,7826582.000000,6.413128,2.668001,59531.218750,0.048780,0.020294,59531.261719,0.048780,0.020294,668.585754,0.000548,0.000228,0.181789,0.000000,0.000000,713.007568,0.000584,0.000243,35706.582031,0.029258,0.012172,0.000000,0.000000,0.000000,0.000000,0.000000,0.000000,0.000000,0.000000,0.000000,0.000000,0.000000,0.000000,0.000000,0.000000,136149232.000000,925.555664,46.411877,30282006.000000,205.860001,10.322824,105867296.000000,719.696106,36.089073,0.000000,0.000000,0.000000,0.000000,0.000000,0.000000,56051524.000000,381.043671,19.107389,81802256.000000,556.099609,27.885548,4615938.000000,31.379591,1.573526,2456.081299,0.016697,0.000837,556266.750000,3.781555,0.189626,11337350.000000,77.072403,3.864786,1731588.125000,11.771502,0.590281,24854.164063,0.168961,0.008473,24854.156250,0.168961,0.008473,233.629517,0.001588,0.000080,0.008663,0.000000,0.000000,77.902504,0.000530,0.000027,2178.682129,0.014811,0.000743,0.000000,0.000000,0.000000,0.000000,0.000000,0.000000,0.000000,0.000000,0.000000,0.000000,0.000000,0.000000,0.000000,0.000000,2806400.000000,4.000000,0.956673,1403200.000000,2.000000,0.478336,1403200.000000,2.000000,0.478336,0.000000,0.000000,0.000000,0.000000,0.000000,0.000000,926075.375000,1.319948,0.315690,1403200.000000,2.000000,0.478336,91255104.000000,130.067139,31.107927,13520.874023,0.019271,0.004609,2195467.000000,3.129229,0.748412,-42509068.000000,-60.588753,-14.490905,0.000000,0.000000,0.000000,0.000000,0.000000,0.000000,0.000000,0.000000,0.000000,7327.192871,0.010444,0.002498,0.397187,0.000001,0.000000,364.289459,0.000519,0.000124,4258.212891,0.006069,0.001452,0.000000,0.000000,0.000000,0.000000,0.000000,0.000000,0.000000,0.000000,0.000000,0.000000,0.000000,0.000000,0.000000,0.000000,647599360.000000,905.480103,220.759964,92263240.000000,129.003403,31.451590,603239872.000000,843.456177,205.638260,0.000000,0.000000,0.000000,0.000000,0.000000,0.000000,241152352.000000,337.181702,82.206360,508651008.000000,711.201050,173.393906,12778955.000000,17.867666,4.356215,6695.933594,0.009362,0.002283,2174361.250000,3.040214,0.741217,58288320.000000,81.499329,19.869888,14605130.000000,20.421043,4.978739,209632.734375,0.293111,0.071462,209632.640625,0.293111,0.071462,784.669373,0.001097,0.000267,0.098079,0.000000,0.000000,397.214905,0.000555,0.000135,13254.272461,0.018532,0.004518,0.000000,0.000000,0.000000,0.000000,0.000000,0.000000,3492109.500000,4.882703,1.190424,7152.000000,94503.281250,0.132135,0.032215,7152.000000,62487969792.000000,22426.058594,21301.505859,2265042176.000000,15397.975586,772.129578
1,2005,MAX_VALUE_JDAY,17.000000,1.000000,1.000000,1.000000,17.000000,359.000000,17.000000,359.000000,365.000000,365.000000,55.000000,365.000000,359.000000,365.000000,365.000000,365.000000,227.000000,146.000000,227.000000,227.000000,212.000000,212.000000,212.000000,212.000000,17.000000,1.000000,1.000000,1.000000,258.000000,349.000000,262.000000,152.000000,349.000000,262.000000,262.000000,262.000000,349.000000,1.000000,1.000000,365.000000,365.000000,1.000000,1.000000,365.000000,365.000000,1.000000,365.000000,365.000000,365.000000,1.000000,365.000000,365.000000,1.000000,1.000000,1.000000,365.000000,1.000000,365.000000,365.000000,1.000000,1.000000,212.000000,212.000000,212.000000,124.000000,124.000000,124.000000,147.000000,1.000000,365.000000,1.000000,365.000000,1.000000,365.000000,1.000000,365.000000,365.000000,1.000000,1.000000,124.000000,1.000000,1.000000,1.000000,1.000000,1.000000,1.000000,1.000000,1.000000,1.000000,1.000000,1.000000,1.000000,1.000000,1.000000,1.000000,1.000000,1.000000,1.000000,1.000000,1.000000,1.000000,333.000000,333.000000,333.000000,1.000000,1.000000,1.000000,365.000000,365.000000,365.000000,365.000000,365.000000,365.000000,1.000000,1.000000,1.000000,1.000000,1.000000,1.000000,1.000000,1.000000,1.000000,365.000000,365.000000,365.000000,365.000000,365.000000,365.000000,365.000000,365.000000,365.000000,365.000000,365.000000,365.000000,1.000000,1.000000,1.000000,1.000000,1.000000,1.000000,1.000000,1.000000,1.000000,1.000000,1.000000,1.000000,1.000000,1.000000,349.000000,349.000000,349.000000,349.000000,349.000000,349.000000,349.000000,349.000000,349.000000,1.000000,1.000000,1.000000,1.000000,1.000000,1.000000,1.000000,1.000000,1.000000,365.000000,365.000000,365.000000,365.000000,365.000000,365.000000,1.000000,1.000000,1.000000,358.000000,358.000000,358.000000,356.000000,356.000000,356.000000,309.000000,309.000000,309.000000,309.000000,309.000000,309.000000,309.000000,309.000000,309.000000,365.000000,365.000000,365.000000,365.000000,365.000000,365.000000,365.000000,365.000000,365.000000,365.000000,365.000000,365.000000,1.000000,1.000000,1.000000,1.000000,1.000000,1.000000,1.000000,1.000000,1.000000,1.000000,1.000000,1.000000,1.000000,1.000000,262.000000,262.000000,262.000000,262.000000,262.000000,262.000000,262.000000,262.000000,262.000000,1.000000,1.000000,1.000000,1.000000,1.000000,1.000000,365.000000,365.000000,365.000000,365.000000,365.000000,365.000000,115.000000,115.000000,115.000000,365.000000,365.000000,365.000000,355.000000,355.000000,355.000000,355.000000,355.000000,355.000000,125.000000,125.000000,125.000000,125.000000,125.000000,125.000000,125.000000,125.000000,125.000000,360.000000,360.000000,360.000000,360.000000,360.000000,360.000000,360.000000,360.000000,360.000000,365.000000,365.000000,365.000000,1.000000,1.000000,1.000000,1.000000,1.000000,1.000000,1.000000,1.000000,1.000000,1.000000,1.000000,1.000000,1.000000,1.000000,1.000000,1.000000,1.000000,1.000000,1.000000,1.000000,1.000000,1.000000,1.000000,1.000000,1.000000,1.000000,1.000000,1.000000,1.000000,1.000000,1.000000,1.000000,1.000000,1.000000,1.000000,329.000000,329.000000,329.000000,1.000000,1.000000,1.000000,365.000000,365.000000,365.000000,365.000000,365.000000,365.000000,1.000000,1.000000,1.000000,1.000000,1.000000,1.000000,1.000000,1.000000,1.000000,365.000000,365.000000,365.000000,365.000000,365.000000,365.000000,365.000000,365.000000,365.000000,365.000000,365.000000,365.000000,1.000000,1.000000,1.000000,1.000000,1.000000,1.000000,1.000000,1.000000,1.000000,1.000000,1.000000,1.000000,1.000000,1.000000,258.000000,258.000000,258.000000,152.000000,152.000000,152.000000,262.000000,262.000000,262.000000,1.000000,1.000000,1.000000,1.000000,1.000000,1.000000,197.000000,197.000000,197.000000,365.000000,365.000000,365.000000,115.000000,115.000000,115.000000,116.000000,116.000000,116.000000,365.000000,365.000000,365.000000,365.000000,365.000000,365.000000,124.000000,124.000000,124.000000,124.000000,124.000000,124.000000,124.000000,124.000000,124.000000,365.000000,365.000000,365.000000,18.000000,18.000000,18.000000,365.000000,365.000000,365.000000,365.000000,365.000000,365.000000,1.000000,1.000000,1.000000,1.000000,1.000000,1.000000,122.000000,122.000000,122.000000,122.000000,153.000000,153.000000,153.000000,61.000000,365.000000,365.000000,365.000000,365.000000,365.000000,365.000000
1,2005,ANNUAL_SUM,20.982164,0.000000,0.000000,0.000000,878.447702,201.095119,45.219894,82.067601,50.860284,0.871478,1.093697,383.820814,56.335016,48.238278,16.178870,22.604839,1597.031412,757.572934,4353.878393,4012.920153,3674.498257,3348.984841,3187.816485,3102.992028,0.219567,0.000000,0.000000,0.000000,6492242.183594,5289946.348633,1202320.682373,117450.957764,5172492.490234,1061691.327148,110202.416855,21998.162773,8432.803936,0.000000,1612426.123535,485718.052856,169230.194366,1443234.075195,229729.617798,75719.267715,38310.212563,0.000000,93397.744080,26455.565224,22103.355091,0.000000,8020018.417969,6198082.759766,912278.247314,551337.335571,358882.433594,16054.532986,4.253585,1178.160464,19920.892010,0.000000,0.000000,7.323220,0.109848,7.213372,485.903071,5.027682,5.027683,369.114185,0.000000,0.301214,0.000000,0.000063,0.000000,0.033504,0.000000,0.958047,0.301277,0.000000,0.000000,115.830839,217832000.000000,1460.000000,74.256692,108916000.000000,730.000000,37.128346,108916000.000000,730.000000,37.128346,0.000000,0.000000,0.000000,0.000000,0.000000,0.000000,72077883.421875,483.095732,24.570610,108916000.000000,730.000000,37.128346,6267703460.000000,42008.736160,2136.595684,783294.099365,5.249960,0.267017,143799814.531250,963.805729,49.019879,-2899779425.500000,-19435.518902,-988.505002,0.000000,0.000000,0.000000,0.000000,0.000000,0.000000,0.000000,0.000000,0.000000,115043.105087,0.771066,0.039217,10.164951,0.000068,0.000003,6222.166968,0.041704,0.002121,75642.083374,0.506984,0.025786,0.000000,0.000000,0.000000,0.000000,0.000000,0.000000,0.000000,0.000000,0.000000,0.000000,0.000000,0.000000,0.000000,0.000000,18839391088640.000000,15437062.527344,6422154.789063,15502646116352.000000,12702922.109375,5284692.733398,3336761149440.000000,2734153.677246,1137467.582764,0.000000,0.000000,0.000000,0.000000,0.000000,0.000000,4633886208000.000000,3797022.452148,1579644.178711,1256861474560.000000,1029876.659180,428451.158813,3262119259.000000,2672.991855,1112.022926,3492201.738281,2.861522,1.190456,1542319382.250000,1263.781862,525.760827,52108949600.000000,42698.254295,17763.405327,846373657.781250,693.521515,288.520081,6437770.252563,5.275131,2.194570,6437771.984131,5.275133,2.194570,30836.179207,0.025267,0.010512,62.213642,0.000051,0.000021,27500.678612,0.022534,0.009375,1332330.187134,1.091716,0.454178,0.000000,0.000000,0.000000,0.000000,0.000000,0.000000,0.000000,0.000000,0.000000,0.000000,0.000000,0.000000,0.000000,0.000000,36983701760.000000,251418.774689,12607.363913,5458882880.375000,37110.012923,1860.877070,31524831464.000000,214308.847046,10746.491009,0.000000,0.000000,0.000000,0.000000,0.000000,0.000000,15198066398.000000,103317.922546,5180.864651,23177745448.000000,157564.550903,7901.055210,1544953201.500000,10502.740986,526.658666,888511.186523,6.040185,0.302884,197312304.500000,1341.348094,67.261737,3981856723.000000,27069.046349,1357.374027,65065235.761475,442.319752,22.180070,933906.054998,6.348783,0.318359,933906.052542,6.348784,0.318359,11207.639359,0.076191,0.003821,1.592691,0.000011,0.000001,3368.165852,0.022897,0.001148,89381.163994,0.607622,0.030469,0.000000,0.000000,0.000000,0.000000,0.000000,0.000000,0.000000,0.000000,0.000000,0.000000,0.000000,0.000000,0.000000,0.000000,1024336000.000000,1460.000000,349.185611,512168000.000000,730.000000,174.592806,512168000.000000,730.000000,174.592806,0.000000,0.000000,0.000000,0.000000,0.000000,0.000000,335554660.562500,478.270612,114.387136,512168000.000000,730.000000,174.592806,32199375744.000000,45894.207207,10976.436285,4888188.471680,6.967201,1.666333,788585343.000000,1123.981387,268.820637,-15701256244.000000,-22379.213612,-5352.396883,0.000000,0.000000,0.000000,0.000000,0.000000,0.000000,0.000000,0.000000,0.000000,671133.532166,0.956576,0.228783,83.322316,0.000119,0.000028,32024.779613,0.045645,0.010917,332897.159393,0.474483,0.113481,0.000000,0.000000,0.000000,0.000000,0.000000,0.000000,0.000000,0.000000,0.000000,0.000000,0.000000,0.000000,0.000000,0.000000,168194908512.000000,235171.850830,57335.915749,9957867529.798584,13923.192825,3394.534688,158237137088.000000,221248.792908,53941.413315,0.000000,0.000000,0.000000,0.000000,0.000000,0.000000,80778645040.000000,112945.532593,27536.609840,144188602368.000000,201605.987457,49152.412689,3822591003.000000,5344.786069,1303.081984,2426521.311035,3.392787,0.827176,784140016.500000,1096.392640,267.305272,20948255896.000000,29290.066963,7141.045124,513957570.287598,718.620761,175.202853,7377028.442631,10.314637,2.514753,7377024.864506,10.314632,2.514752,55392.712658,0.077451,0.018883,28.656264,0.000040,0.000010,29169.153908,0.040785,0.009943,980182.235962,1.370501,0.334134,0.000000,0.000000,0.000000,0.000000,0.000000,0.000000,13968438.000000,19.530813,4.761697,28608.000000,642492.386924,0.898339,0.219019,100128.000000,22701653270528.000000,8147305.953125,7738760.292969,825486259712.000000,5611735.269531,281399.781860
1,2005,ANNUAL_AVERAGE,0.057485,0.000000,0.000000,0.000000,2.406706,0.550946,0.123890,0.224843,0.139343,0.002388,0.002996,1.051564,0.154343,0.132160,0.044326,0.061931,4.375429,2.075542,11.928434,10.994302,10.067119,9.175301,8.733744,8.501348,0.000602,0.000000,0.000000,0.000000,17786.964887,14493.003695,3294.029267,321.783446,14171.212302,2908.743362,301.924430,60.268939,23.103572,0.000000,4417.605818,1330.734391,463.644368,3954.065959,629.396213,207.450049,104.959486,0.000000,255.884230,72.481001,60.557137,0.000000,21972.653200,16981.048657,2499.392458,1510.513248,983.239544,43.985022,0.011654,3.227837,54.577786,0.000000,0.000000,0.020064,0.000301,0.019763,1.331241,0.013774,0.013774,1.011272,0.000000,0.000825,0.000000,0.000000,0.000000,0.000092,0.000000,0.002625,0.000825,0.000000,0.000000,0.317345,596800.000000,4.000000,0.203443,298400.000000,2.000000,0.101721,298400.000000,2.000000,0.101721,0.000000,0.000000,0.000000,0.000000,0.000000,0.000000,197473.653211,1.323550,0.067317,298400.000000,2.000000,0.101721,17171790.301370,115.092428,5.853687,2146.011231,0.014383,0.000732,393972.094606,2.640564,0.134301,-7944601.165753,-53.247997,-2.708233,0.000000,0.000000,0.000000,0.000000,0.000000,0.000000,0.000000,0.000000,0.000000,315.186589,0.002113,0.000107,0.027849,0.000000,0.000000,17.047033,0.000114,0.000006,207.238585,0.001389,0.000071,0.000000,0.000000,0.000000,0.000000,0.000000,0.000000,0.000000,0.000000,0.000000,0.000000,0.000000,0.000000,0.000000,0.000000,51614770105.863014,42293.321993,17594.944628,42473003058.498630,34802.526327,14478.610228,9141811368.328768,7490.831992,3116.349542,0.000000,0.000000,0.000000,0.000000,0.000000,0.000000,12695578652.054794,10402.801239,4327.792270,3443456094.684931,2821.579888,1173.838791,8937313.038356,7.323265,3.046638,9567.675995,0.007840,0.003262,4225532.554110,3.462416,1.440441,142764245.479452,116.981519,48.666864,2318831.939127,1.900059,0.790466,17637.726719,0.014452,0.006013,17637.731463,0.014452,0.006013,84.482683,0.000069,0.000029,0.170448,0.000000,0.000000,75.344325,0.000062,0.000026,3650.219691,0.002991,0.001244,0.000000,0.000000,0.000000,0.000000,0.000000,0.000000,0.000000,0.000000,0.000000,0.000000,0.000000,0.000000,0.000000,0.000000,101325210.301370,688.818561,34.540723,14955843.507877,101.671268,5.098293,86369401.271233,587.147526,29.442441,0.000000,0.000000,0.000000,0.000000,0.000000,0.000000,41638538.076712,283.062801,14.194150,63500672.460274,431.683701,21.646727,4232748.497260,28.774633,1.442900,2434.277223,0.016548,0.000830,540581.656164,3.674926,0.184279,10909196.501370,74.161771,3.718833,178260.919894,1.211835,0.060767,2558.646726,0.017394,0.000872,2558.646719,0.017394,0.000872,30.705861,0.000209,0.000010,0.004364,0.000000,0.000000,9.227852,0.000063,0.000003,244.879901,0.001665,0.000083,0.000000,0.000000,0.000000,0.000000,0.000000,0.000000,0.000000,0.000000,0.000000,0.000000,0.000000,0.000000,0.000000,0.000000,2806400.000000,4.000000,0.956673,1403200.000000,2.000000,0.478336,1403200.000000,2.000000,0.478336,0.000000,0.000000,0.000000,0.000000,0.000000,0.000000,919327.837158,1.310330,0.313389,1403200.000000,2.000000,0.478336,88217467.791781,125.737554,30.072428,13392.297183,0.019088,0.004565,2160507.789041,3.079401,0.736495,-43017140.394521,-61.312914,-14.664101,0.000000,0.000000,0.000000,0.000000,0.000000,0.000000,0.000000,0.000000,0.000000,1838.722006,0.002621,0.000627,0.228280,0.000000,0.000000,87.739122,0.000125,0.000030,912.047012,0.001300,0.000311,0.000000,0.000000,0.000000,0.000000,0.000000,0.000000,0.000000,0.000000,0.000000,0.000000,0.000000,0.000000,0.000000,0.000000,460807968.526027,644.306441,157.084701,27281828.848763,38.145734,9.300095,433526402.980822,606.161076,147.784694,0.000000,0.000000,0.000000,0.000000,0.000000,0.000000,221311356.273973,309.439815,75.442767,395037266.761644,552.345171,134.664144,10472852.063014,14.643250,3.570088,6648.003592,0.009295,0.002266,2148328.812329,3.003815,0.732343,57392481.906849,80.246759,19.564507,1408102.932295,1.968824,0.480008,20211.036829,0.028259,0.006890,20211.027026,0.028259,0.006890,151.760857,0.000212,0.000052,0.078510,0.000000,0.000000,79.915490,0.000112,0.000027,2685.430783,0.003755,0.000915,0.000000,0.000000,0.000000,0.000000,0.000000,0.000000,38269.693151,0.053509,0.013046,78.378082,1760.253115,0.002461,0.000600,274.323288,62196310330.213700,22321.386173,21202.082994,2261606190.991781,15374.617177,770.958306
1,2005,DAY_COUNT,365,365,365,365,365,365,365,365,365,365,365,365,365,365,365,365,365,365,365,365,365,365,365,365,365,365,365,365,365,365,365,365,365,365,365,365,365,365,365,365,365,365,365,365,365,365,365,365,365,365,365,365,365,365,365,365,365,365,365,365,365,365,365,365,365,365,365,365,365,365,365,365,365,365,365,365,365,365,365,365,365,365,365,365,365,365,365,365,365,365,365,365,365,365,365,365,365,365,365,365,365,365,365,365,365,365,365,365,365,365,365,365,365,365,365,365,365,365,365,365,365,365,365,365,365,365,365,365,365,365,365,365,365,365,365,365,365,365,365,365,365,365,365,365,365,365,365,365,365,365,365,365,365,365,365,365,365,365,365,365,365,365,365,365,365,365,365,365,365,365,365,365,365,365,365,365,365,365,365,365,365,365,365,365,365,365,365,365,365,365,365,365,365,365,365,365,365,365,365,365,365,365,365,365,365,365,365,365,365,365,365,365,365,365,365,365,365,365,365,365,365,365,365,365,365,365,365,365,365,365,365,365,365,365,365,365,365,365,365,365,365,365,365,365,365,365,365,365,365,365,365,365,365,365,365,365,365,365,365,365,365,365,365,365,365,365,365,365,365,365,365,365,365,365,365,365,365,365,365,365,365,365,365,365,365,365,365,365,365,365,365,365,365,365,365,365,365,365,365,365,365,365,365,365,365,365,365,365,365,365,365,365,365,365,365,365,365,365,365,365,365,365,365,365,365,365,365,365,365,365,365,365,365,365,365,365,365,365,365,365,365,365,365,365,365,365,365,365,365,365,365,365,365,365,365,365,365,365,365,365,365,365,365,365,365,365,365,365,365,365,365,365,365,365,365,365,365,365,365,365,365,365,365,365,365,365,365,365,365,365,365,365,365,365,365,365,365,365,365,365,365,365,365,365,365,365,365,365,365,365,365,365,365,365,365,365,365,365,365,365,365,365,365,365,365,365
1,2006,INITIAL_VALUE,0.131064,0.000000,0.000000,0.000000,3.799036,3.020184,0.196324,1.350875,1.332518,0.006205,0.003197,4.993166,0.259518,0.248416,0.054775,0.065689,3.448083,2.416459,9.201781,6.837727,6.674655,7.261172,7.642615,7.868379,0.000913,0.000000,0.000000,0.000000,17566.980469,14364.122070,3202.956543,277.040283,14087.285156,2881.788818,249.420609,51.743706,20.068413,0.000000,4516.737305,1418.011963,500.337952,4016.501953,648.911377,210.831100,106.628876,0.000000,305.364441,81.309616,64.966011,0.000000,22073.636719,17093.427734,2492.259277,1508.840942,980.612427,45.638668,0.011609,3.283755,56.375679,0.000000,0.000000,0.013661,0.000205,0.013456,2.062768,0.015690,0.015690,0.990711,0.000000,0.003377,0.000000,0.000000,0.000000,0.000534,0.000000,0.017946,0.003378,0.000000,0.000000,1.054111,596800.000000,4.000000,0.203443,298400.000000,2.000000,0.101721,298400.000000,2.000000,0.101721,0.000000,0.000000,0.000000,0.000000,0.000000,0.000000,195965.656250,1.313443,0.066803,298400.000000,2.000000,0.101721,17728224.000000,118.821877,6.043369,2125.049316,0.014243,0.000724,401712.531250,2.692443,0.136940,-7789236.500000,-52.206680,-2.655271,0.000000,0.000000,0.000000,0.000000,0.000000,0.000000,0.000000,0.000000,0.000000,1410.063599,0.009451,0.000481,0.052060,0.000000,0.000000,84.545952,0.000567,0.000029,1209.528687,0.008107,0.000412,0.000000,0.000000,0.000000,0.000000,0.000000,0.000000,0.000000,0.000000,0.000000,0.000000,0.000000,0.000000,0.000000,0.000000,51144646656.000000,41908.101563,17434.683594,42135134208.000000,34525.675781,14363.434570,9009190912.000000,7382.162598,3071.140625,0.000000,0.000000,0.000000,0.000000,0.000000,0.000000,12959838208.000000,10619.336914,4417.875488,3568251136.000000,2923.837402,1216.380127,9644589.000000,7.902810,3.287741,9565.778320,0.007838,0.003261,4304942.000000,3.527484,1.467510,145992320.000000,119.626610,49.767281,6051129.000000,4.958316,2.062768,46026.621094,0.037714,0.015690,46026.625000,0.037714,0.015690,568.152710,0.000466,0.000194,0.184102,0.000000,0.000000,669.918823,0.000549,0.000228,32305.310547,0.026471,0.011013,0.000000,0.000000,0.000000,0.000000,0.000000,0.000000,0.000000,0.000000,0.000000,0.000000,0.000000,0.000000,0.000000,0.000000,71374080.000000,485.207886,24.330690,1680543.000000,11.424494,0.572880,69693560.000000,473.783569,23.757818,0.000000,0.000000,0.000000,0.000000,0.000000,0.000000,55982008.000000,380.571075,19.083691,81717656.000000,555.524536,27.856709,4389699.000000,29.841599,1.496403,2456.393555,0.016699,0.000837,555392.687500,3.775613,0.189328,11312715.000000,76.904930,3.856388,0.000000,0.000000,0.000000,0.000000,0.000000,0.000000,0.000000,0.000000,0.000000,199.009048,0.001353,0.000068,0.007976,0.000000,0.000000,70.346413,0.000478,0.000024,2016.019653,0.013705,0.000687,0.000000,0.000000,0.000000,0.000000,0.000000,0.000000,0.000000,0.000000,0.000000,0.000000,0.000000,0.000000,0.000000,0.000000,2806400.000000,4.000000,0.956673,1403200.000000,2.000000,0.478336,1403200.000000,2.000000,0.478336,0.000000,0.000000,0.000000,0.000000,0.000000,0.000000,912164.750000,1.300121,0.310948,1403200.000000,2.000000,0.478336,90934528.000000,129.610214,30.998648,13275.106445,0.018921,0.004525,2195714.750000,3.129582,0.748497,-42450560.000000,-60.505360,-14.470960,0.000000,0.000000,0.000000,0.000000,0.000000,0.000000,0.000000,0.000000,0.000000,6976.869141,0.009944,0.002378,0.408148,0.000001,0.000000,363.789581,0.000519,0.000124,4541.331055,0.006473,0.001548,0.000000,0.000000,0.000000,0.000000,0.000000,0.000000,0.000000,0.000000,0.000000,0.000000,0.000000,0.000000,0.000000,0.000000,315627968.000000,441.314270,107.594330,1469.954834,0.002055,0.000501,315626336.000000,441.311981,107.593773,0.000000,0.000000,0.000000,0.000000,0.000000,0.000000,233529968.000000,326.524017,79.607971,508077760.000000,710.399536,173.198486,11183760.000000,15.637249,3.812429,6634.883789,0.009277,0.002262,2175175.750000,3.041353,0.741495,58312668.000000,81.533371,19.878189,0.000000,0.000000,0.000000,0.000000,0.000000,0.000000,0.000000,0.000000,0.000000,753.406982,0.001053,0.000257,0.094508,0.000000,0.000000,376.572266,0.000527,0.000128,12571.727539,0.017578,0.004286,0.000000,0.000000,0.000000,0.000000,0.000000,0.000000,0.000000,0.000000,0.000000,0.000000,0.000000,0.000000,0.000000,0.000000,62488838144.000000,22426.371094,21301.802734,2265074176.000000,15398.193359,772.140503
1,2006,FINAL_VALUE,0.000000,0.000000,0.000000,0.000000,0.000000,3.083905,0.027238,0.722820,2.275590,0.045781,0.012475,7.052546,0.239752,0.289991,0.090595,0.080491,2.538637,1.834353,4.750000,4.046021,4.727130,6.031966,6.898786,7.419641,0.000000,0.000000,0.000000,0.000000,17575.953125,14370.333984,3205.751953,276.653839,14093.882813,2884.741455,249.343597,51.666519,20.031124,0.000000,4578.459961,1452.642334,527.858948,4050.738525,651.939026,211.992264,108.078857,0.000000,326.099121,85.842506,68.697105,0.000000,22247.445313,17289.505859,2478.513184,1504.791504,975.409851,47.248592,0.011395,3.391584,60.056576,0.000000,0.000000,0.011160,0.000167,0.010993,0.000000,0.000000,0.000000,0.794842,0.000000,0.003604,0.000000,0.000000,0.000000,0.000692,0.000000,0.024303,0.003604,0.000000,0.000000,-0.819146,596800.000000,4.000000,0.203443,298400.000000,2.000000,0.101721,298400.000000,2.000000,0.101721,0.000000,0.000000,0.000000,0.000000,0.000000,0.000000,193258.406250,1.295298,0.065880,298400.000000,2.000000,0.101721,18103152.000000,121.334793,6.171178,2060.288574,0.013809,0.000702,410979.500000,2.754554,0.140099,-6885393.000000,-46.148746,-2.347160,0.000000,0.000000,0.000000,0.000000,0.000000,0.000000,0.000000,0.000000,0.000000,1467.023926,0.009833,0.000500,0.069461,0.000000,0.000000,116.559387,0.000781,0.000040,2589.216064,0.017354,0.000883,0.000000,0.000000,0.000000,0.000000,0.000000,0.000000,0.000000,0.000000,0.000000,0.000000,0.000000,0.000000,0.000000,0.000000,51170222080.000000,41929.058594,17443.404297,42153365504.000000,34540.613281,14369.649414,9016638464.000000,7388.264648,3073.679443,0.000000,0.000000,0.000000,0.000000,0.000000,0.000000,13127872512.000000,10757.024414,4475.156738,3647779584.000000,2989.003174,1243.490601,10080270.000000,8.259809,3.436260,9385.223633,0.007690,0.003199,4398338.500000,3.604014,1.499348,147096480.000000,120.531364,50.143677,0.000000,0.000000,0.000000,0.000000,0.000000,0.000000,0.000000,0.000000,0.000000,599.544067,0.000491,0.000204,0.220256,0.000000,0.000000,901.803711,0.000739,0.000307,41135.992188,0.033707,0.014023,0.000000,0.000000,0.000000,0.000000,0.000000,0.000000,0.000000,0.000000,0.000000,0.000000,0.000000,0.000000,0.000000,0.000000,71678840.000000,487.279663,24.434580,1680543.500000,11.424498,0.572880,69998304.000000,475.855194,23.861702,0.000000,0.000000,0.000000,0.000000,0.000000,0.000000,58343032.000000,396.621552,19.888540,85206192.000000,579.239929,29.045916,4816707.500000,32.744442,1.641966,2461.509521,0.016734,0.000839,560788.812500,3.812297,0.191167,11313216.000000,76.908340,3.856559,0.000000,0.000000,0.000000,0.000000,0.000000,0.000000,0.000000,0.000000,0.000000,298.901001,0.002032,0.000102,0.018004,0.000000,0.000000,103.684319,0.000705,0.000035,3262.820801,0.022181,0.001112,0.000000,0.000000,0.000000,0.000000,0.000000,0.000000,0.000000,0.000000,0.000000,0.000000,0.000000,0.000000,0.000000,0.000000,2806400.000000,4.000000,0.956673,1403200.000000,2.000000,0.478336,1403200.000000,2.000000,0.478336,0.000000,0.000000,0.000000,0.000000,0.000000,0.000000,899557.625000,1.282152,0.306650,1403200.000000,2.000000,0.478336,93320168.000000,133.010498,31.811886,12937.076172,0.018439,0.004410,2274384.500000,3.241711,0.775314,-37860548.000000,-53.963150,-12.906271,0.000000,0.000000,0.000000,0.000000,0.000000,0.000000,0.000000,0.000000,0.000000,7128.108398,0.010160,0.002430,0.634232,0.000001,0.000000,479.518707,0.000683,0.000163,9324.318359,0.013290,0.003179,0.000000,0.000000,0.000000,0.000000,0.000000,0.000000,0.000000,0.000000,0.000000,0.000000,0.000000,0.000000,0.000000,0.000000,316058720.000000,441.916565,107.741173,96.176743,0.000134,0.000033,316058624.000000,441.916412,107.741135,0.000000,0.000000,0.000000,0.000000,0.000000,0.000000,244199680.000000,341.442505,83.245163,526679840.000000,736.409180,179.539749,12281392.000000,17.171968,4.186600,6585.604004,0.009208,0.002245,2304764.750000,3.222546,0.785671,62512644.000000,87.405823,21.309917,0.000000,0.000000,0.000000,0.000000,0.000000,0.000000,0.000000,0.000000,0.000000,1078.635010,0.001508,0.000368,0.115472,0.000000,0.000000,428.288940,0.000599,0.000146,14981.795898,0.020948,0.005107,0.000000,0.000000,0.000000,0.000000,0.000000,0.000000,0.000000,0.000000,0.000000,0.000000,0.000000,0.000000,0.000000,0.000000,62990041088.000000,22606.246094,21472.658203,2273712640.000000,15456.917969,775.085266
1,2006,ANNUAL_DELTA,-0.131064,0.000000,0.000000,0.000000,-3.799036,0.063720,-0.169086,-0.628054,0.943072,0.039576,0.009278,2.059380,-0.019766,0.041575,0.035821,0.014802,-0.909445,-0.582106,-4.451781,-2.791706,-1.947526,-1.229206,-0.743829,-0.448737,-0.000913,0.000000,0.000000,0.000000,8.972656,6.211914,2.795410,-0.386444,6.597656,2.952637,-0.077011,-0.077187,-0.037289,0.000000,61.722656,34.630371,27.520996,34.236572,3.027649,1.161163,1.449982,0.000000,20.734680,4.532890,3.731094,0.000000,173.808594,196.078125,-13.746094,-4.049438,-5.202576,1.609924,-0.000214,0.107829,3.680897,0.000000,0.000000,-0.002501,-0.000038,-0.002463,-2.062768,-0.015690,-0.015690,-0.195868,0.000000,0.000227,0.000000,0.000000,0.000000,0.000158,0.000000,0.006358,0.000227,0.000000,0.000000,-1.873257,0.000000,0.000000,0.000000,0.000000,0.000000,0.000000,0.000000,0.000000,0.000000,0.000000,0.000000,0.000000,0.000000,0.000000,0.000000,-2707.250000,-0.018145,-0.000923,0.000000,0.000000,0.000000,374928.000000,2.512917,0.127809,-64.760742,-0.000434,-0.000022,9266.968750,0.062111,0.003159,903843.500000,6.057934,0.308111,0.000000,0.000000,0.000000,0.000000,0.000000,0.000000,0.000000,0.000000,0.000000,56.960327,0.000382,0.000019,0.017401,0.000000,0.000000,32.013435,0.000215,0.000011,1379.687378,0.009247,0.000470,0.000000,0.000000,0.000000,0.000000,0.000000,0.000000,0.000000,0.000000,0.000000,0.000000,0.000000,0.000000,0.000000,0.000000,25575424.000000,20.957031,8.720703,18231296.000000,14.937500,6.214844,7447552.000000,6.102051,2.538818,0.000000,0.000000,0.000000,0.000000,0.000000,0.000000,168034304.000000,137.687500,57.281250,79528448.000000,65.165771,27.110474,435681.000000,0.356999,0.148519,-180.554688,-0.000148,-0.000062,93396.500000,0.076530,0.031838,1104160.000000,0.904755,0.376396,-6051129.000000,-4.958316,-2.062768,-46026.621094,-0.037714,-0.015690,-46026.625000,-0.037714,-0.015690,31.391357,0.000026,0.000011,0.036154,0.000000,0.000000,231.884888,0.000190,0.000079,8830.681641,0.007236,0.003010,0.000000,0.000000,0.000000,0.000000,0.000000,0.000000,0.000000,0.000000,0.000000,0.000000,0.000000,0.000000,0.000000,0.000000,304760.000000,2.071777,0.103889,0.500000,0.000004,0.000000,304744.000000,2.071625,0.103884,0.000000,0.000000,0.000000,0.000000,0.000000,0.000000,2361024.000000,16.050476,0.804850,3488536.000000,23.715393,1.189207,427008.500000,2.902843,0.145563,5.115967,0.000035,0.000002,5396.125000,0.036684,0.001839,501.000000,0.003410,0.000171,0.000000,0.000000,0.000000,0.000000,0.000000,0.000000,0.000000,0.000000,0.000000,99.891953,0.000679,0.000034,0.010027,0.000000,0.000000,33.337906,0.000227,0.000011,1246.801147,0.008476,0.000425,0.000000,0.000000,0.000000,0.000000,0.000000,0.000000,0.000000,0.000000,0.000000,0.000000,0.000000,0.000000,0.000000,0.000000,0.000000,0.000000,0.000000,0.000000,0.000000,0.000000,0.000000,0.000000,0.000000,0.000000,0.000000,0.000000,0.000000,0.000000,0.000000,-12607.125000,-0.017969,-0.004298,0.000000,0.000000,0.000000,2385640.000000,3.400284,0.813238,-338.030273,-0.000482,-0.000115,78669.750000,0.112129,0.026818,4590012.000000,6.542210,1.564689,0.000000,0.000000,0.000000,0.000000,0.000000,0.000000,0.000000,0.000000,0.000000,151.239258,0.000216,0.000052,0.226084,0.000000,0.000000,115.729126,0.000165,0.000039,4782.987305,0.006817,0.001630,0.000000,0.000000,0.000000,0.000000,0.000000,0.000000,0.000000,0.000000,0.000000,0.000000,0.000000,0.000000,0.000000,0.000000,430752.000000,0.602295,0.146843,-1373.778091,-0.001921,-0.000468,432288.000000,0.604431,0.147362,0.000000,0.000000,0.000000,0.000000,0.000000,0.000000,10669712.000000,14.918488,3.637192,18602080.000000,26.009644,6.341263,1097632.000000,1.534719,0.374171,-49.279785,-0.000069,-0.000017,129589.000000,0.181193,0.044176,4199976.000000,5.872452,1.431728,0.000000,0.000000,0.000000,0.000000,0.000000,0.000000,0.000000,0.000000,0.000000,325.228027,0.000455,0.000111,0.020964,0.000000,0.000000,51.716675,0.000072,0.000018,2410.068359,0.003370,0.000822,0.000000,0.000000,0.000000,0.000000,0.000000,0.000000,0.000000,0.000000,0.000000,0.000000,0.000000,0.000000,0.000000,0.000000,501202944.000000,179.875000,170.855469,8638464.000000,58.724609,2.944763
1,2006,MIN_VALUE,0.000000,0.000000,0.000000,0.000000,0.000000,0.074309,0.000038,0.035602,0.030353,0.001943,0.003197,0.163967,0.078665,0.071585,0.039332,0.062227,1.298573,0.626576,-4.451279,-0.811159,4.272573,5.739882,6.721028,7.311649,0.000000,0.000000,0.000000,0.000000,17566.980469,14364.122070,3202.956543,276.653839,14087.285156,2881.788818,249.343597,51.666519,20.031124,0.000000,4316.960449,1279.754028,452.960724,3863.467773,610.324829,205.963760,105.643051,0.000000,226.092758,69.501854,61.871693,0.000000,22073.636719,17093.427734,2478.513184,1504.791504,975.409851,44.922482,0.011395,3.283755,56.375679,0.000000,0.000000,0.010336,0.000155,0.010181,0.000000,0.000000,0.000000,0.569337,0.000000,0.000368,0.000000,0.000000,0.000000,0.000034,0.000000,0.000867,0.000368,0.000000,0.000000,-0.897114,596800.000000,4.000000,0.203443,298400.000000,2.000000,0.101721,298400.000000,2.000000,0.101721,0.000000,0.000000,0.000000,0.000000,0.000000,0.000000,193258.406250,1.295298,0.065880,298400.000000,2.000000,0.101721,17355154.000000,116.321411,5.916194,2060.288574,0.013809,0.000702,399558.562500,2.678006,0.136205,-7789236.500000,-52.206680,-2.655271,0.000000,0.000000,0.000000,0.000000,0.000000,0.000000,0.000000,0.000000,0.000000,150.691605,0.001010,0.000051,0.021628,0.000000,0.000000,7.585564,0.000051,0.000003,95.197571,0.000638,0.000032,0.000000,0.000000,0.000000,0.000000,0.000000,0.000000,0.000000,0.000000,0.000000,0.000000,0.000000,0.000000,0.000000,0.000000,51144646656.000000,41908.101563,17434.683594,42135134208.000000,34525.675781,14363.434570,9009190912.000000,7382.162598,3071.140625,0.000000,0.000000,0.000000,0.000000,0.000000,0.000000,12367006720.000000,10133.568359,4215.785645,3345689088.000000,2741.469238,1140.510986,9033864.000000,7.402380,3.079551,9366.863281,0.007675,0.003193,4283491.500000,3.509908,1.460198,143051728.000000,117.217079,48.764862,0.000000,0.000000,0.000000,0.000000,0.000000,0.000000,0.000000,0.000000,0.000000,28.406118,0.000023,0.000010,0.160706,0.000000,0.000000,17.563616,0.000014,0.000006,821.346375,0.000673,0.000280,0.000000,0.000000,0.000000,0.000000,0.000000,0.000000,0.000000,0.000000,0.000000,0.000000,0.000000,0.000000,0.000000,0.000000,71374072.000000,485.207855,24.330688,1680543.000000,11.424494,0.572880,69693560.000000,473.783569,23.757818,0.000000,0.000000,0.000000,0.000000,0.000000,0.000000,37738880.000000,256.552551,12.864796,60315900.000000,410.033325,20.561069,4309029.500000,29.293198,1.468904,2430.070801,0.016520,0.000828,546114.375000,3.712538,0.186165,10939322.000000,74.366570,3.729102,0.000000,0.000000,0.000000,0.000000,0.000000,0.000000,0.000000,0.000000,0.000000,0.671316,0.000005,0.000000,0.003554,0.000000,0.000000,0.137579,0.000001,0.000000,4.766561,0.000032,0.000002,0.000000,0.000000,0.000000,0.000000,0.000000,0.000000,0.000000,0.000000,0.000000,0.000000,0.000000,0.000000,0.000000,0.000000,2806400.000000,4.000000,0.956673,1403200.000000,2.000000,0.478336,1403200.000000,2.000000,0.478336,0.000000,0.000000,0.000000,0.000000,0.000000,0.000000,899557.625000,1.282152,0.306650,1403200.000000,2.000000,0.478336,89438920.000000,127.478508,30.488808,12937.076172,0.018439,0.004410,2195714.750000,3.129582,0.748497,-42450560.000000,-60.505360,-14.470960,0.000000,0.000000,0.000000,0.000000,0.000000,0.000000,0.000000,0.000000,0.000000,856.326294,0.001221,0.000292,0.170428,0.000000,0.000000,40.444283,0.000058,0.000014,445.947174,0.000636,0.000152,0.000000,0.000000,0.000000,0.000000,0.000000,0.000000,0.000000,0.000000,0.000000,0.000000,0.000000,0.000000,0.000000,0.000000,315627936.000000,441.314240,107.594322,96.176743,0.000134,0.000033,315626336.000000,441.311981,107.593773,0.000000,0.000000,0.000000,0.000000,0.000000,0.000000,187088544.000000,261.589111,63.776558,298517888.000000,417.390808,101.761681,9794735.000000,13.695100,3.338925,6553.565918,0.009163,0.002234,2175175.750000,3.041353,0.741495,58312668.000000,81.533371,19.878189,0.000000,0.000000,0.000000,0.000000,0.000000,0.000000,0.000000,0.000000,0.000000,37.539787,0.000052,0.000013,0.073578,0.000000,0.000000,28.828611,0.000040,0.000010,1036.756592,0.001450,0.000353,0.000000,0.000000,0.000000,0.000000,0.000000,0.000000,0.000000,0.000000,0.000000,0.000000,0.000000,0.000000,0.000000,0.000000,62488838144.000000,22426.371094,21301.802734,2265074176.000000,15398.193359,772.140503
1,2006,MIN_VALUE_JDAY,15.000000,1.000000,1.000000,1.000000,15.000000,286.000000,286.000000,287.000000,229.000000,308.000000,1.000000,287.000000,286.000000,249.000000,305.000000,305.000000,332.000000,287.000000,332.000000,332.000000,333.000000,333.000000,333.000000,333.000000,15.000000,1.000000,1.000000,1.000000,1.000000,1.000000,1.000000,365.000000,1.000000,1.000000,365.000000,365.000000,365.000000,1.000000,349.000000,262.000000,325.000000,349.000000,262.000000,262.000000,349.000000,1.000000,262.000000,262.000000,349.000000,1.000000,1.000000,1.000000,365.000000,365.000000,365.000000,167.000000,365.000000,1.000000,1.000000,1.000000,1.000000,333.000000,333.000000,333.000000,350.000000,350.000000,350.000000,239.000000,1.000000,241.000000,1.000000,288.000000,1.000000,287.000000,1.000000,287.000000,241.000000,1.000000,1.000000,359.000000,1.000000,1.000000,1.000000,1.000000,1.000000,1.000000,1.000000,1.000000,1.000000,1.000000,1.000000,1.000000,1.000000,1.000000,1.000000,365.000000,365.000000,365.000000,1.000000,1.000000,1.000000,80.000000,80.000000,80.000000,365.000000,365.000000,365.000000,98.000000,98.000000,98.000000,1.000000,1.000000,1.000000,1.000000,1.000000,1.000000,1.000000,1.000000,1.000000,1.000000,1.000000,1.000000,289.000000,289.000000,289.000000,298.000000,298.000000,298.000000,289.000000,289.000000,289.000000,297.000000,297.000000,297.000000,1.000000,1.000000,1.000000,1.000000,1.000000,1.000000,1.000000,1.000000,1.000000,1.000000,1.000000,1.000000,1.000000,1.000000,1.000000,1.000000,1.000000,1.000000,1.000000,1.000000,1.000000,1.000000,1.000000,1.000000,1.000000,1.000000,1.000000,1.000000,1.000000,349.000000,349.000000,349.000000,349.000000,349.000000,349.000000,166.000000,166.000000,166.000000,349.000000,349.000000,349.000000,41.000000,41.000000,41.000000,56.000000,56.000000,56.000000,350.000000,350.000000,350.000000,350.000000,350.000000,350.000000,350.000000,350.000000,350.000000,241.000000,241.000000,241.000000,242.000000,242.000000,242.000000,241.000000,241.000000,241.000000,241.000000,241.000000,241.000000,1.000000,1.000000,1.000000,1.000000,1.000000,1.000000,1.000000,1.000000,1.000000,1.000000,1.000000,1.000000,1.000000,1.000000,2.000000,2.000000,2.000000,1.000000,1.000000,1.000000,1.000000,1.000000,1.000000,1.000000,1.000000,1.000000,1.000000,1.000000,1.000000,262.000000,262.000000,262.000000,262.000000,262.000000,262.000000,181.000000,181.000000,181.000000,200.000000,200.000000,200.000000,108.000000,108.000000,108.000000,108.000000,108.000000,108.000000,1.000000,1.000000,1.000000,1.000000,1.000000,1.000000,1.000000,1.000000,1.000000,288.000000,288.000000,288.000000,305.000000,305.000000,305.000000,288.000000,288.000000,288.000000,288.000000,288.000000,288.000000,1.000000,1.000000,1.000000,1.000000,1.000000,1.000000,1.000000,1.000000,1.000000,1.000000,1.000000,1.000000,1.000000,1.000000,1.000000,1.000000,1.000000,1.000000,1.000000,1.000000,1.000000,1.000000,1.000000,1.000000,1.000000,1.000000,1.000000,1.000000,1.000000,365.000000,365.000000,365.000000,1.000000,1.000000,1.000000,77.000000,77.000000,77.000000,365.000000,365.000000,365.000000,1.000000,1.000000,1.000000,1.000000,1.000000,1.000000,1.000000,1.000000,1.000000,1.000000,1.000000,1.000000,1.000000,1.000000,1.000000,240.000000,240.000000,240.000000,287.000000,287.000000,287.000000,251.000000,251.000000,251.000000,256.000000,256.000000,256.000000,1.000000,1.000000,1.000000,1.000000,1.000000,1.000000,1.000000,1.000000,1.000000,1.000000,1.000000,1.000000,1.000000,1.000000,5.000000,5.000000,5.000000,365.000000,365.000000,365.000000,1.000000,1.000000,1.000000,1.000000,1.000000,1.000000,1.000000,1.000000,1.000000,152.000000,152.000000,152.000000,262.000000,262.000000,262.000000,262.000000,262.000000,262.000000,262.000000,262.000000,262.000000,1.000000,1.000000,1.000000,1.000000,1.000000,1.000000,1.000000,1.000000,1.000000,1.000000,1.000000,1.000000,1.000000,1.000000,1.000000,229.000000,229.000000,229.000000,287.000000,287.000000,287.000000,287.000000,287.000000,287.000000,287.000000,287.000000,287.000000,1.000000,1.000000,1.000000,1.000000,1.000000,1.000000,1.000000,1.000000,1.000000,1.000000,1.000000,1.000000,1.000000,1.000000,1.000000,1.000000,1.000000,1.000000,1.000000,1.000000
1,2006,MAX_VALUE,3.756797,0.800139,0.800139,0.800139,55.115459,10.005623,2.786479,3.410454,3.255940,0.048745,0.012475,9.414330,0.320329,0.306851,0.093411,0.080564,10.553249,4.288754,26.942377,22.219118,15.864471,12.255342,10.437237,9.467334,0.005741,0.000000,0.000000,0.000000,17968.216797,14638.582031,3389.021729,368.156616,14285.626953,2939.732910,357.375275,68.598068,26.968256,0.000000,4578.459961,1452.642334,527.858948,4050.738525,651.939026,211.992264,108.078857,0.000000,326.099121,85.842506,68.697105,0.000000,22247.445313,17289.505859,2492.259277,1508.840942,980.612427,47.248592,0.011609,3.391584,60.056576,0.000000,0.000000,0.033814,0.000507,0.033307,8.764199,0.111213,0.111213,1.839982,0.000000,0.005478,0.000000,0.000000,0.000000,0.001021,0.000000,0.036827,0.005478,0.000000,0.000000,7.236371,596800.000000,4.000000,0.203443,298400.000000,2.000000,0.101721,298400.000000,2.000000,0.101721,0.000000,0.000000,0.000000,0.000000,0.000000,0.000000,195965.656250,1.313443,0.066803,298400.000000,2.000000,0.101721,18434330.000000,123.554489,6.284073,2125.049316,0.014243,0.000724,412190.375000,2.762670,0.140511,-6885393.000000,-46.148746,-2.347160,0.000000,0.000000,0.000000,0.000000,0.000000,0.000000,0.000000,0.000000,0.000000,2208.228516,0.014800,0.000753,0.086196,0.000001,0.000000,157.223846,0.001054,0.000054,3262.222656,0.021865,0.001112,0.000000,0.000000,0.000000,0.000000,0.000000,0.000000,0.000000,0.000000,0.000000,0.000000,0.000000,0.000000,0.000000,0.000000,52260098048.000000,42822.105469,17814.931641,42931646464.000000,35178.339844,14634.958008,9328307200.000000,7643.647461,3179.924072,0.000000,0.000000,0.000000,0.000000,0.000000,0.000000,13127872512.000000,10757.024414,4475.156738,3647779584.000000,2989.003174,1243.490601,10080270.000000,8.259809,3.436260,9565.778320,0.007838,0.003261,4410433.500000,3.613925,1.503471,149422272.000000,122.437134,50.936520,11254261.000000,9.221781,3.836462,85603.015625,0.070143,0.029181,85603.023438,0.070143,0.029181,1088.844482,0.000892,0.000371,0.234236,0.000000,0.000000,1424.937500,0.001168,0.000486,68750.398438,0.056334,0.023436,0.000000,0.000000,0.000000,0.000000,0.000000,0.000000,0.000000,0.000000,0.000000,0.000000,0.000000,0.000000,0.000000,0.000000,129269528.000000,878.786682,44.066654,27130244.000000,184.434021,9.248422,102139216.000000,694.352295,34.818211,0.000000,0.000000,0.000000,0.000000,0.000000,0.000000,58343032.000000,396.621552,19.888540,85206192.000000,579.239929,29.045916,4927121.500000,33.495049,1.679605,2488.043945,0.016914,0.000848,564750.562500,3.839229,0.192518,11482432.000000,78.058678,3.914243,2113655.750000,14.368836,0.720524,30338.125000,0.206242,0.010342,30338.138672,0.206242,0.010342,479.942078,0.003263,0.000164,0.022820,0.000000,0.000000,154.091248,0.001048,0.000053,4657.004395,0.031659,0.001588,0.000000,0.000000,0.000000,0.000000,0.000000,0.000000,0.000000,0.000000,0.000000,0.000000,0.000000,0.000000,0.000000,0.000000,2806400.000000,4.000000,0.956673,1403200.000000,2.000000,0.478336,1403200.000000,2.000000,0.478336,0.000000,0.000000,0.000000,0.000000,0.000000,0.000000,912164.750000,1.300121,0.310948,1403200.000000,2.000000,0.478336,94776608.000000,135.086380,32.308372,13275.106445,0.018921,0.004525,2274384.500000,3.241711,0.775314,-37860548.000000,-53.963150,-12.906271,0.000000,0.000000,0.000000,0.000000,0.000000,0.000000,0.000000,0.000000,0.000000,10921.570313,0.015567,0.003723,0.725046,0.000001,0.000000,643.468872,0.000917,0.000219,11287.884766,0.016089,0.003848,0.000000,0.000000,0.000000,0.000000,0.000000,0.000000,0.000000,0.000000,0.000000,0.000000,0.000000,0.000000,0.000000,0.000000,653038528.000000,913.085144,222.614105,112729016.000000,157.618866,38.428162,605902272.000000,847.178772,206.545853,0.000000,0.000000,0.000000,0.000000,0.000000,0.000000,246801520.000000,345.080444,84.132103,526679840.000000,736.409180,179.539749,13942486.000000,19.494528,4.752850,6686.985840,0.009350,0.002280,2304764.750000,3.222546,0.785671,62512644.000000,87.405823,21.309917,17771640.000000,24.848488,6.058169,255082.468750,0.356659,0.086955,255081.687500,0.356658,0.086955,1563.977051,0.002187,0.000533,0.138300,0.000000,0.000000,665.173767,0.000930,0.000227,22820.236328,0.031907,0.007779,0.000000,0.000000,0.000000,0.000000,0.000000,0.000000,3492109.500000,4.882703,1.190424,7152.000000,115746.789063,0.161838,0.039457,7152.000000,62990041088.000000,22606.246094,21472.658203,2273712640.000000,15456.917969,775.085266
1,2006,MAX_VALUE_JDAY,348.000000,333.000000,333.000000,334.000000,348.000000,348.000000,348.000000,349.000000,14.000000,38.000000,365.000000,14.000000,348.000000,361.000000,37.000000,364.000000,203.000000,163.000000,203.000000,203.000000,205.000000,205.000000,205.000000,205.000000,348.000000,1.000000,1.000000,1.000000,349.000000,349.000000,262.000000,166.000000,349.000000,262.000000,262.000000,349.000000,349.000000,1.000000,365.000000,365.000000,365.000000,365.000000,365.000000,365.000000,365.000000,1.000000,365.000000,365.000000,365.000000,1.000000,365.000000,365.000000,1.000000,1.000000,1.000000,365.000000,1.000000,365.000000,365.000000,1.000000,1.000000,205.000000,205.000000,205.000000,148.000000,148.000000,148.000000,155.000000,1.000000,11.000000,1.000000,17.000000,1.000000,14.000000,1.000000,361.000000,11.000000,1.000000,1.000000,148.000000,1.000000,1.000000,1.000000,1.000000,1.000000,1.000000,1.000000,1.000000,1.000000,1.000000,1.000000,1.000000,1.000000,1.000000,1.000000,1.000000,1.000000,1.000000,1.000000,1.000000,1.000000,311.000000,311.000000,311.000000,1.000000,1.000000,1.000000,327.000000,327.000000,327.000000,365.000000,365.000000,365.000000,1.000000,1.000000,1.000000,1.000000,1.000000,1.000000,1.000000,1.000000,1.000000,11.000000,11.000000,11.000000,15.000000,15.000000,15.000000,362.000000,362.000000,362.000000,362.000000,362.000000,362.000000,1.000000,1.000000,1.000000,1.000000,1.000000,1.000000,1.000000,1.000000,1.000000,1.000000,1.000000,1.000000,1.000000,1.000000,349.000000,349.000000,349.000000,349.000000,349.000000,349.000000,349.000000,349.000000,349.000000,1.000000,1.000000,1.000000,1.000000,1.000000,1.000000,365.000000,365.000000,365.000000,365.000000,365.000000,365.000000,365.000000,365.000000,365.000000,1.000000,1.000000,1.000000,324.000000,324.000000,324.000000,310.000000,310.000000,310.000000,311.000000,311.000000,311.000000,311.000000,311.000000,311.000000,311.000000,311.000000,311.000000,11.000000,11.000000,11.000000,17.000000,17.000000,17.000000,361.000000,361.000000,361.000000,11.000000,11.000000,11.000000,1.000000,1.000000,1.000000,1.000000,1.000000,1.000000,1.000000,1.000000,1.000000,1.000000,1.000000,1.000000,1.000000,1.000000,262.000000,262.000000,262.000000,262.000000,262.000000,262.000000,262.000000,262.000000,262.000000,1.000000,1.000000,1.000000,1.000000,1.000000,1.000000,365.000000,365.000000,365.000000,365.000000,365.000000,365.000000,135.000000,135.000000,135.000000,135.000000,135.000000,135.000000,329.000000,329.000000,329.000000,329.000000,329.000000,329.000000,148.000000,148.000000,148.000000,148.000000,148.000000,148.000000,148.000000,148.000000,148.000000,361.000000,361.000000,361.000000,31.000000,31.000000,31.000000,361.000000,361.000000,361.000000,14.000000,14.000000,14.000000,1.000000,1.000000,1.000000,1.000000,1.000000,1.000000,1.000000,1.000000,1.000000,1.000000,1.000000,1.000000,1.000000,1.000000,1.000000,1.000000,1.000000,1.000000,1.000000,1.000000,1.000000,1.000000,1.000000,1.000000,1.000000,1.000000,1.000000,1.000000,1.000000,1.000000,1.000000,1.000000,1.000000,1.000000,1.000000,309.000000,309.000000,309.000000,1.000000,1.000000,1.000000,365.000000,365.000000,365.000000,365.000000,365.000000,365.000000,1.000000,1.000000,1.000000,1.000000,1.000000,1.000000,1.000000,1.000000,1.000000,11.000000,11.000000,11.000000,17.000000,17.000000,17.000000,14.000000,14.000000,14.000000,362.000000,362.000000,362.000000,1.000000,1.000000,1.000000,1.000000,1.000000,1.000000,1.000000,1.000000,1.000000,1.000000,1.000000,1.000000,1.000000,1.000000,258.000000,258.000000,258.000000,166.000000,166.000000,166.000000,262.000000,262.000000,262.000000,1.000000,1.000000,1.000000,1.000000,1.000000,1.000000,228.000000,228.000000,228.000000,365.000000,365.000000,365.000000,135.000000,135.000000,135.000000,135.000000,135.000000,135.000000,365.000000,365.000000,365.000000,365.000000,365.000000,365.000000,147.000000,147.000000,147.000000,147.000000,147.000000,147.000000,147.000000,147.000000,147.000000,361.000000,361.000000,361.000000,31.000000,31.000000,31.000000,361.000000,361.000000,361.000000,361.000000,361.000000,361.000000,1.000000,1.000000,1.000000,1.000000,1.000000,1.000000,122.000000,122.000000,122.000000,122.000000,167.000000,167.000000,167.000000,61.000000,365.000000,365.000000,365.000000,365.000000,365.000000,365.000000
1,2006,ANNUAL_SUM,39.354069,0.800139,0.800139,0.800139,1143.979121,455.362798,60.350082,156.589803,192.717851,4.302783,2.048214,790.620118,61.509251,59.707748,24.015469,25.380197,1577.765597,747.067374,4256.835144,3921.864241,3607.730381,3303.522330,3158.301830,3084.188339,0.217283,0.000000,0.000000,0.000000,6509670.630859,5302922.512695,1206819.018799,120547.557068,5182337.040039,1063294.892578,112057.913193,22719.310955,8750.815552,0.000000,1609013.412598,489727.153442,171645.932373,1437407.905273,229248.568726,75783.068649,38724.596954,0.000000,96038.996841,26839.216797,23092.107342,0.000000,8086540.246094,6272802.037109,907194.352539,549995.156006,356980.985168,16799.446613,4.187652,1217.787619,21271.661194,0.000000,0.000000,7.224467,0.108367,7.116100,578.621572,5.725648,5.725648,367.579601,0.000000,0.517702,0.000000,0.000078,0.000000,0.078536,0.000000,2.605215,0.517781,0.000000,0.000000,208.436756,217832000.000000,1460.000000,74.256692,108916000.000000,730.000000,37.128346,108916000.000000,730.000000,37.128346,0.000000,0.000000,0.000000,0.000000,0.000000,0.000000,71049944.609375,476.206065,24.220196,108916000.000000,730.000000,37.128346,6506130288.000000,43606.771301,2217.872941,762493.039551,5.110543,0.259926,147575164.312500,989.109683,50.306857,-2668079260.000000,-17882.568764,-909.520796,0.000000,0.000000,0.000000,0.000000,0.000000,0.000000,0.000000,0.000000,0.000000,203006.427582,1.360633,0.069203,13.580659,0.000091,0.000005,13171.430422,0.088280,0.004490,231718.261559,1.553071,0.078990,0.000000,0.000000,0.000000,0.000000,0.000000,0.000000,0.000000,0.000000,0.000000,0.000000,0.000000,0.000000,0.000000,0.000000,18894846816256.000000,15482503.199219,6441059.095703,15541550579712.000000,12734800.523438,5297954.863281,3353327005696.000000,2747727.800781,1143114.710205,0.000000,0.000000,0.000000,0.000000,0.000000,0.000000,4620123290624.000000,3785745.078125,1574952.540039,1258765574144.000000,1031436.885498,429100.245728,3449291076.000000,2826.361090,1175.827876,3436106.655273,2.815558,1.171333,1587480239.500000,1300.786827,541.155700,53402064592.000000,43757.837341,18204.214977,1121527812.078125,918.983785,382.317304,8530673.831055,6.990064,2.908019,8530673.604614,6.990064,2.908019,73415.945353,0.060157,0.025027,65.426888,0.000054,0.000022,91490.888077,0.074968,0.031188,4314099.464600,3.534988,1.470632,0.000000,0.000000,0.000000,0.000000,0.000000,0.000000,0.000000,0.000000,0.000000,0.000000,0.000000,0.000000,0.000000,0.000000,35111465872.000000,238691.137299,11969.137957,4589000255.500000,31196.466820,1564.343019,30522472144.000000,207494.714539,10404.797047,0.000000,0.000000,0.000000,0.000000,0.000000,0.000000,17214758088.000000,117027.587341,5868.334101,25820711892.000000,175531.692352,8802.015310,1667159407.000000,11333.510609,568.317508,895987.908447,6.091012,0.305433,201930062.125000,1372.740054,68.835883,4073846996.000000,27694.405121,1388.732568,57895353.551941,393.578203,19.735931,830994.179428,5.649179,0.283277,830994.073303,5.649178,0.283277,31553.283968,0.214502,0.010756,3.051358,0.000021,0.000001,10456.509071,0.071084,0.003565,309999.105909,2.107404,0.105676,0.000000,0.000000,0.000000,0.000000,0.000000,0.000000,0.000000,0.000000,0.000000,0.000000,0.000000,0.000000,0.000000,0.000000,1024336000.000000,1460.000000,349.185611,512168000.000000,730.000000,174.592806,512168000.000000,730.000000,174.592806,0.000000,0.000000,0.000000,0.000000,0.000000,0.000000,330734472.125000,471.400330,112.743982,512168000.000000,730.000000,174.592806,33494655928.000000,47740.387321,11417.983925,4777229.473633,6.809050,1.628508,814836793.500000,1161.397936,277.769487,-14571538080.000000,-20769.010967,-4967.287571,0.000000,0.000000,0.000000,0.000000,0.000000,0.000000,0.000000,0.000000,0.000000,1085131.543762,1.546653,0.369910,115.327447,0.000164,0.000039,59484.950371,0.084785,0.020278,880271.011047,1.254662,0.300075,0.000000,0.000000,0.000000,0.000000,0.000000,0.000000,0.000000,0.000000,0.000000,0.000000,0.000000,0.000000,0.000000,0.000000,165741874560.000000,231741.995392,56499.701805,9873015779.735580,13804.552209,3365.609597,155868844736.000000,217937.422150,53134.087173,0.000000,0.000000,0.000000,0.000000,0.000000,0.000000,82515313840.000000,115373.760651,28128.622334,151406750496.000000,211698.477905,51613.005211,4164443312.000000,5822.767495,1419.615928,2413516.825195,3.374604,0.822743,820563160.750000,1147.319853,279.721548,22164152516.000000,30990.146133,7555.531797,517963415.125000,724.221777,176.568403,7434525.562500,10.395030,2.534353,7434524.164063,10.395028,2.534353,125579.679546,0.175587,0.042809,32.771566,0.000046,0.000011,55781.657677,0.077994,0.019015,1906317.668335,2.665433,0.649844,0.000000,0.000000,0.000000,0.000000,0.000000,0.000000,13968438.000000,19.530813,4.761697,28608.000000,637223.362366,0.890972,0.217223,100128.000000,22893730234368.000000,8216239.656250,7804237.314453,828441986304.000000,5631828.597656,282407.358459
1,2006,ANNUAL_AVERAGE,0.107819,0.002192,0.002192,0.002192,3.134189,1.247569,0.165343,0.429013,0.527994,0.011788,0.005612,2.166083,0.168518,0.163583,0.065796,0.069535,4.322645,2.046760,11.662562,10.744834,9.884193,9.050746,8.652882,8.449831,0.000595,0.000000,0.000000,0.000000,17834.714057,14528.554829,3306.353476,330.267280,14198.183671,2913.136692,307.007981,62.244688,23.974837,0.000000,4408.255925,1341.718229,470.262828,3938.103850,628.078270,207.624846,106.094786,0.000000,263.120539,73.532101,63.266048,0.000000,22154.904784,17185.759006,2485.463980,1506.836044,978.030096,46.025881,0.011473,3.336404,58.278524,0.000000,0.000000,0.019793,0.000297,0.019496,1.585265,0.015687,0.015687,1.007067,0.000000,0.001418,0.000000,0.000000,0.000000,0.000215,0.000000,0.007138,0.001419,0.000000,0.000000,0.571060,596800.000000,4.000000,0.203443,298400.000000,2.000000,0.101721,298400.000000,2.000000,0.101721,0.000000,0.000000,0.000000,0.000000,0.000000,0.000000,194657.382491,1.304674,0.066357,298400.000000,2.000000,0.101721,17825014.487671,119.470606,6.076364,2089.022026,0.014001,0.000712,404315.518664,2.709890,0.137827,-7309806.191781,-48.993339,-2.491838,0.000000,0.000000,0.000000,0.000000,0.000000,0.000000,0.000000,0.000000,0.000000,556.181993,0.003728,0.000190,0.037207,0.000000,0.000000,36.086111,0.000242,0.000012,634.844552,0.004255,0.000216,0.000000,0.000000,0.000000,0.000000,0.000000,0.000000,0.000000,0.000000,0.000000,0.000000,0.000000,0.000000,0.000000,0.000000,51766703606.180824,42417.816984,17646.737249,42579590629.347946,34889.864448,14514.944831,9187197275.879452,7528.021372,3131.821124,0.000000,0.000000,0.000000,0.000000,0.000000,0.000000,12657872029.106850,10371.904324,4314.938466,3448672805.873972,2825.854481,1175.617112,9450112.536986,7.743455,3.221446,9413.990836,0.007714,0.003209,4349260.930137,3.563800,1.482618,146307026.279452,119.884486,49.874562,3072678.937200,2.517764,1.047445,23371.709126,0.019151,0.007967,23371.708506,0.019151,0.007967,201.139576,0.000165,0.000069,0.179252,0.000000,0.000000,250.659967,0.000205,0.000085,11819.450588,0.009685,0.004029,0.000000,0.000000,0.000000,0.000000,0.000000,0.000000,0.000000,0.000000,0.000000,0.000000,0.000000,0.000000,0.000000,0.000000,96195796.909589,653.948321,32.792159,12572603.439726,85.469772,4.285871,83623211.353425,568.478670,28.506293,0.000000,0.000000,0.000000,0.000000,0.000000,0.000000,47163720.789041,320.623527,16.077628,70741676.416438,480.908746,24.115110,4567560.019178,31.050714,1.557034,2454.761393,0.016688,0.000837,553233.046918,3.760932,0.188591,11161224.646575,75.875083,3.804747,158617.406992,1.078296,0.054071,2276.696382,0.015477,0.000776,2276.696091,0.015477,0.000776,86.447353,0.000588,0.000029,0.008360,0.000000,0.000000,28.647970,0.000195,0.000010,849.312619,0.005774,0.000290,0.000000,0.000000,0.000000,0.000000,0.000000,0.000000,0.000000,0.000000,0.000000,0.000000,0.000000,0.000000,0.000000,0.000000,2806400.000000,4.000000,0.956673,1403200.000000,2.000000,0.478336,1403200.000000,2.000000,0.478336,0.000000,0.000000,0.000000,0.000000,0.000000,0.000000,906121.841438,1.291508,0.308888,1403200.000000,2.000000,0.478336,91766180.624658,130.795582,31.282148,13088.299928,0.018655,0.004462,2232429.571233,3.181912,0.761012,-39922022.136986,-56.901400,-13.609007,0.000000,0.000000,0.000000,0.000000,0.000000,0.000000,0.000000,0.000000,0.000000,2972.963134,0.004237,0.001013,0.315966,0.000000,0.000000,162.972467,0.000232,0.000056,2411.701400,0.003437,0.000822,0.000000,0.000000,0.000000,0.000000,0.000000,0.000000,0.000000,0.000000,0.000000,0.000000,0.000000,0.000000,0.000000,0.000000,454087327.561644,634.909576,154.793704,27049358.300645,37.820691,9.220848,427037930.783562,597.088828,145.572842,0.000000,0.000000,0.000000,0.000000,0.000000,0.000000,226069352.986301,316.092495,77.064719,414813015.057534,579.995830,141.405494,11409433.731507,15.952788,3.889359,6612.374864,0.009245,0.002254,2248118.248630,3.143342,0.766360,60723705.523288,84.904510,20.700087,1419077.849658,1.984169,0.483749,20368.563185,0.028480,0.006943,20368.559354,0.028480,0.006943,344.053917,0.000481,0.000117,0.089785,0.000000,0.000000,152.826459,0.000214,0.000052,5222.788132,0.007303,0.001780,0.000000,0.000000,0.000000,0.000000,0.000000,0.000000,38269.693151,0.053509,0.013046,78.378082,1745.817431,0.002441,0.000595,274.323288,62722548587.309586,22510.245634,21381.472094,2269704072.065754,15429.667391,773.718790
1,2006,DAY_COUNT,365,365,365,365,365,365,365,365,365,365,365,365,365,365,365,365,365,365,365,365,365,365,365,365,365,365,365,365,365,365,365,365,365,365,365,365,365,365,365,365,365,365,365,365,365,365,365,365,365,365,365,365,365,365,365,365,365,365,365,365,365,365,365,365,365,365,365,365,365,365,365,365,365,365,365,365,365,365,365,365,365,365,365,365,365,365,365,365,365,365,365,365,365,365,365,365,365,365,365,365,365,365,365,365,365,365,365,365,365,365,365,365,365,365,365,365,365,365,365,365,365,365,365,365,365,365,365,365,365,365,365,365,365,365,365,365,365,365,365,365,365,365,365,365,365,365,365,365,365,365,365,365,365,365,365,365,365,365,365,365,365,365,365,365,365,365,365,365,365,365,365,365,365,365,365,365,365,365,365,365,365,365,365,365,365,365,365,365,365,365,365,365,365,365,365,365,365,365,365,365,365,365,365,365,365,365,365,365,365,365,365,365,365,365,365,365,365,365,365,365,365,365,365,365,365,365,365,365,365,365,365,365,365,365,365,365,365,365,365,365,365,365,365,365,365,365,365,365,365,365,365,365,365,365,365,365,365,365,365,365,365,365,365,365,365,365,365,365,365,365,365,365,365,365,365,365,365,365,365,365,365,365,365,365,365,365,365,365,365,365,365,365,365,365,365,365,365,365,365,365,365,365,365,365,365,365,365,365,365,365,365,365,365,365,365,365,365,365,365,365,365,365,365,365,365,365,365,365,365,365,365,365,365,365,365,365,365,365,365,365,365,365,365,365,365,365,365,365,365,365,365,365,365,365,365,365,365,365,365,365,365,365,365,365,365,365,365,365,365,365,365,365,365,365,365,365,365,365,365,365,365,365,365,365,365,365,365,365,365,365,365,365,365,365,365,365,365,365,365,365,365,365,365,365,365,365,365,365,365,365,365,365,365,365,365,365,365,365,365,365,365,365,365,365,365,365
1,2007,INITIAL_VALUE,0.163025,0.000000,0.000000,0.000000,4.101061,3.119137,0.231245,0.661747,2.006235,0.044240,0.012644,6.484046,0.240484,0.285546,0.090599,0.080394,2.582873,1.865376,5.000000,4.184117,4.782252,6.066543,6.920004,7.432437,0.000818,0.000000,0.000000,0.000000,17577.283203,14371.356445,3206.123047,276.922760,14094.616211,2884.848389,249.564499,51.729069,20.057110,0.000000,4577.949219,1452.224487,527.671387,4050.409424,651.828613,211.970718,108.076202,0.000000,325.872955,85.790024,68.688240,0.000000,22247.558594,17289.660156,2478.490967,1504.784912,975.397949,47.250313,0.011394,3.391762,60.064453,0.000000,0.000000,0.011260,0.000169,0.011091,1.357962,0.010329,0.010329,0.806292,0.000000,0.003289,0.000000,0.000000,0.000000,0.000623,0.000000,0.021771,0.003289,0.000000,0.000000,0.529899,596800.000000,4.000000,0.203443,298400.000000,2.000000,0.101721,298400.000000,2.000000,0.101721,0.000000,0.000000,0.000000,0.000000,0.000000,0.000000,193255.265625,1.295277,0.065879,298400.000000,2.000000,0.101721,18095852.000000,121.285866,6.168690,2059.908936,0.013806,0.000702,410855.375000,2.753722,0.140056,-6880514.000000,-46.116047,-2.345496,0.000000,0.000000,0.000000,0.000000,0.000000,0.000000,0.000000,0.000000,0.000000,1320.806763,0.008853,0.000450,0.066708,0.000000,0.000000,104.963181,0.000704,0.000036,2324.729980,0.015581,0.000792,0.000000,0.000000,0.000000,0.000000,0.000000,0.000000,0.000000,0.000000,0.000000,0.000000,0.000000,0.000000,0.000000,0.000000,51174133760.000000,41932.261719,17444.736328,42156351488.000000,34543.062500,14370.666992,9017734144.000000,7389.163086,3074.052979,0.000000,0.000000,0.000000,0.000000,0.000000,0.000000,13126640640.000000,10756.014648,4474.736816,3647111936.000000,2988.456299,1243.262939,10091682.000000,8.269159,3.440151,9383.973633,0.007689,0.003199,4398191.000000,3.603893,1.499298,147060560.000000,120.501938,50.131435,3983582.000000,3.264161,1.357962,30300.396484,0.024828,0.010329,30300.414063,0.024828,0.010329,544.678650,0.000446,0.000186,0.218156,0.000000,0.000000,804.026611,0.000659,0.000274,36612.417969,0.030000,0.012481,0.000000,0.000000,0.000000,0.000000,0.000000,0.000000,0.000000,0.000000,0.000000,0.000000,0.000000,0.000000,0.000000,0.000000,71678840.000000,487.279663,24.434580,1680543.500000,11.424498,0.572880,69998304.000000,475.855255,23.861704,0.000000,0.000000,0.000000,0.000000,0.000000,0.000000,58297000.000000,396.308624,19.872849,85124104.000000,578.681885,29.017933,4821690.000000,32.778313,1.643664,2461.784424,0.016735,0.000839,560633.625000,3.811241,0.191114,11306530.000000,76.862877,3.854280,0.000000,0.000000,0.000000,0.000000,0.000000,0.000000,0.000000,0.000000,0.000000,276.168854,0.001877,0.000094,0.017573,0.000000,0.000000,94.847641,0.000645,0.000032,2974.641602,0.020222,0.001014,0.000000,0.000000,0.000000,0.000000,0.000000,0.000000,0.000000,0.000000,0.000000,0.000000,0.000000,0.000000,0.000000,0.000000,2806400.000000,4.000000,0.956673,1403200.000000,2.000000,0.478336,1403200.000000,2.000000,0.478336,0.000000,0.000000,0.000000,0.000000,0.000000,0.000000,899543.562500,1.282132,0.306645,1403200.000000,2.000000,0.478336,93291760.000000,132.970001,31.802200,12935.215820,0.018437,0.004409,2274400.750000,3.241734,0.775320,-37824116.000000,-53.911224,-12.893852,0.000000,0.000000,0.000000,0.000000,0.000000,0.000000,0.000000,0.000000,0.000000,6517.839844,0.009290,0.002222,0.616570,0.000001,0.000000,437.204254,0.000623,0.000149,8446.591797,0.012039,0.002879,0.000000,0.000000,0.000000,0.000000,0.000000,0.000000,0.000000,0.000000,0.000000,0.000000,0.000000,0.000000,0.000000,0.000000,316058720.000000,441.916565,107.741173,96.176743,0.000134,0.000033,316058624.000000,441.916412,107.741135,0.000000,0.000000,0.000000,0.000000,0.000000,0.000000,243984656.000000,341.141846,83.171860,526190208.000000,735.724548,179.372833,12305077.000000,17.205084,4.194674,6586.282227,0.009209,0.002245,2305658.250000,3.223795,0.785975,62537592.000000,87.440704,21.318422,0.000000,0.000000,0.000000,0.000000,0.000000,0.000000,0.000000,0.000000,0.000000,987.687378,0.001381,0.000337,0.113629,0.000000,0.000000,387.504639,0.000542,0.000132,13506.847656,0.018885,0.004604,0.000000,0.000000,0.000000,0.000000,0.000000,0.000000,0.000000,0.000000,0.000000,0.000000,0.000000,0.000000,0.000000,0.000000,62990348288.000000,22606.355469,21472.761719,2273731072.000000,15457.043945,775.091614
1,2007,FINAL_VALUE,0.000000,0.000000,0.000000,0.000000,0.000000,1.156742,0.003283,0.444505,0.693385,0.010420,0.005150,3.057502,0.218544,0.238962,0.067903,0.070322,2.391064,1.686761,3.898964,3.675514,4.841143,6.109304,6.950217,7.453110,0.000000,0.000000,0.000000,0.000000,17583.611328,14375.664063,3208.236816,276.655670,14099.189453,2886.913330,249.613281,51.681213,20.032080,0.000000,4553.927734,1447.787109,527.994690,4026.067871,647.821594,211.736969,108.750023,0.000000,323.864136,85.480286,70.138893,0.000000,22412.992188,17477.494141,2465.675781,1500.763428,970.256409,49.690033,0.011231,3.499089,63.916313,0.000000,0.000000,0.011572,0.000174,0.011398,0.000000,0.000000,0.000000,0.811748,0.000000,0.001977,0.000000,0.000000,0.000000,0.000294,0.000000,0.009418,0.001977,0.000000,0.000000,-0.821166,596800.000000,4.000000,0.203443,298400.000000,2.000000,0.101721,298400.000000,2.000000,0.101721,0.000000,0.000000,0.000000,0.000000,0.000000,0.000000,190784.187500,1.278714,0.065036,298400.000000,2.000000,0.101721,18926140.000000,126.850807,6.451727,2010.408936,0.013475,0.000685,419926.312500,2.814520,0.143149,-6604728.000000,-44.267616,-2.251484,0.000000,0.000000,0.000000,0.000000,0.000000,0.000000,0.000000,0.000000,0.000000,821.560120,0.005506,0.000280,0.036654,0.000000,0.000000,53.399796,0.000358,0.000018,988.514832,0.006625,0.000337,0.000000,0.000000,0.000000,0.000000,0.000000,0.000000,0.000000,0.000000,0.000000,0.000000,0.000000,0.000000,0.000000,0.000000,51191803904.000000,41946.742188,17450.759766,42168983552.000000,34553.410156,14374.972656,9023072256.000000,7393.536621,3075.872559,0.000000,0.000000,0.000000,0.000000,0.000000,0.000000,13049283584.000000,10692.628906,4448.366699,3624816896.000000,2970.187500,1235.662842,11430231.000000,9.365972,3.896448,9287.589844,0.007610,0.003166,4552357.500000,3.730217,1.551852,153682144.000000,125.927681,52.388660,0.000000,0.000000,0.000000,0.000000,0.000000,0.000000,0.000000,0.000000,0.000000,342.604523,0.000281,0.000117,0.177655,0.000000,0.000000,342.961792,0.000281,0.000117,15066.906250,0.012346,0.005136,0.000000,0.000000,0.000000,0.000000,0.000000,0.000000,0.000000,0.000000,0.000000,0.000000,0.000000,0.000000,0.000000,0.000000,72089592.000000,490.072021,24.574602,1680541.625000,11.424484,0.572879,70409064.000000,478.647614,24.001726,0.000000,0.000000,0.000000,0.000000,0.000000,0.000000,53890368.000000,366.351929,18.370672,79842280.000000,542.775513,27.217413,5251661.500000,35.701302,1.790238,2464.802246,0.016756,0.000840,576014.562500,3.915802,0.196357,11698110.000000,79.524879,3.987766,0.000000,0.000000,0.000000,0.000000,0.000000,0.000000,0.000000,0.000000,0.000000,139.287903,0.000947,0.000047,0.006661,0.000000,0.000000,41.696289,0.000283,0.000014,1211.922607,0.008239,0.000413,0.000000,0.000000,0.000000,0.000000,0.000000,0.000000,0.000000,0.000000,0.000000,0.000000,0.000000,0.000000,0.000000,0.000000,2806400.000000,4.000000,0.956673,1403200.000000,2.000000,0.478336,1403200.000000,2.000000,0.478336,0.000000,0.000000,0.000000,0.000000,0.000000,0.000000,887864.187500,1.265485,0.302664,1403200.000000,2.000000,0.478336,97620120.000000,139.139282,33.277695,12678.329102,0.018071,0.004322,2334549.750000,3.327466,0.795824,-36357376.000000,-51.820660,-12.393855,0.000000,0.000000,0.000000,0.000000,0.000000,0.000000,0.000000,0.000000,0.000000,3999.760498,0.005701,0.001363,0.295421,0.000000,0.000000,222.716003,0.000317,0.000076,3557.524414,0.005071,0.001213,0.000000,0.000000,0.000000,0.000000,0.000000,0.000000,0.000000,0.000000,0.000000,0.000000,0.000000,0.000000,0.000000,0.000000,316481760.000000,442.508026,107.885376,17.704662,0.000025,0.000006,316481728.000000,442.507996,107.885368,0.000000,0.000000,0.000000,0.000000,0.000000,0.000000,255289056.000000,356.947784,87.025414,540759616.000000,756.095642,184.339386,12537471.000000,17.530022,4.273895,6506.162109,0.009097,0.002218,2381692.500000,3.330107,0.811895,65080092.000000,90.995659,22.185135,0.000000,0.000000,0.000000,0.000000,0.000000,0.000000,0.000000,0.000000,0.000000,496.578735,0.000694,0.000169,0.085340,0.000000,0.000000,201.260300,0.000281,0.000069,6802.782227,0.009512,0.002319,0.000000,0.000000,0.000000,0.000000,0.000000,0.000000,0.000000,0.000000,0.000000,0.000000,0.000000,0.000000,0.000000,0.000000,63464939520.000000,22776.679688,21634.546875,2283680768.000000,15524.682617,778.483337
1,2007,ANNUAL_DELTA,-0.163025,0.000000,0.000000,0.000000,-4.101061,-1.962395,-0.227962,-0.217242,-1.312850,-0.033821,-0.007495,-3.426544,-0.021941,-0.046584,-0.022696,-0.010072,-0.191809,-0.178615,-1.101036,-0.508602,0.058891,0.042761,0.030213,0.020673,-0.000818,0.000000,0.000000,0.000000,6.328125,4.307617,2.113770,-0.267090,4.573242,2.064941,0.048782,-0.047855,-0.025030,0.000000,-24.021484,-4.437378,0.323303,-24.341553,-4.007019,-0.233749,0.673820,0.000000,-2.008820,-0.309738,1.450653,0.000000,165.433594,187.833984,-12.815186,-4.021484,-5.141541,2.439720,-0.000164,0.107327,3.851860,0.000000,0.000000,0.000312,0.000005,0.000307,-1.357962,-0.010329,-0.010329,0.005457,0.000000,-0.001312,0.000000,-0.000000,0.000000,-0.000329,0.000000,-0.012353,-0.001312,0.000000,0.000000,-1.351066,0.000000,0.000000,0.000000,0.000000,0.000000,0.000000,0.000000,0.000000,0.000000,0.000000,0.000000,0.000000,0.000000,0.000000,0.000000,-2471.078125,-0.016562,-0.000842,0.000000,0.000000,0.000000,830288.000000,5.564941,0.283037,-49.500000,-0.000332,-0.000017,9070.937500,0.060797,0.003092,275786.000000,1.848431,0.094012,0.000000,0.000000,0.000000,0.000000,0.000000,0.000000,0.000000,0.000000,0.000000,-499.246643,-0.003346,-0.000170,-0.030054,-0.000000,-0.000000,-51.563385,-0.000346,-0.000018,-1336.215149,-0.008956,-0.000456,0.000000,0.000000,0.000000,0.000000,0.000000,0.000000,0.000000,0.000000,0.000000,0.000000,0.000000,0.000000,0.000000,0.000000,17670144.000000,14.480469,6.023438,12632064.000000,10.347656,4.305664,5338112.000000,4.373535,1.819580,0.000000,0.000000,0.000000,0.000000,0.000000,0.000000,-77357056.000000,-63.385742,-26.370117,-22295040.000000,-18.268799,-7.600098,1338549.000000,1.096812,0.456298,-96.383789,-0.000079,-0.000033,154166.500000,0.126324,0.052554,6621584.000000,5.425743,2.257225,-3983582.000000,-3.264161,-1.357962,-30300.396484,-0.024828,-0.010329,-30300.414063,-0.024828,-0.010329,-202.074127,-0.000166,-0.000069,-0.040501,-0.000000,-0.000000,-461.064819,-0.000378,-0.000157,-21545.511719,-0.017654,-0.007345,0.000000,0.000000,0.000000,0.000000,0.000000,0.000000,0.000000,0.000000,0.000000,0.000000,0.000000,0.000000,0.000000,0.000000,410752.000000,2.792358,0.140022,-1.875000,-0.000013,-0.000001,410760.000000,2.792358,0.140022,0.000000,0.000000,0.000000,0.000000,0.000000,0.000000,-4406632.000000,-29.956696,-1.502176,-5281824.000000,-35.906372,-1.800520,429971.500000,2.922989,0.146573,3.017822,0.000021,0.000001,15380.937500,0.104561,0.005243,391580.000000,2.662003,0.133486,0.000000,0.000000,0.000000,0.000000,0.000000,0.000000,0.000000,0.000000,0.000000,-136.880951,-0.000931,-0.000047,-0.010912,-0.000000,-0.000000,-53.151352,-0.000361,-0.000018,-1762.718994,-0.011983,-0.000601,0.000000,0.000000,0.000000,0.000000,0.000000,0.000000,0.000000,0.000000,0.000000,0.000000,0.000000,0.000000,0.000000,0.000000,0.000000,0.000000,0.000000,0.000000,0.000000,0.000000,0.000000,0.000000,0.000000,0.000000,0.000000,0.000000,0.000000,0.000000,0.000000,-11679.375000,-0.016647,-0.003981,0.000000,0.000000,0.000000,4328360.000000,6.169281,1.475494,-256.886719,-0.000366,-0.000088,60149.000000,0.085731,0.020504,1466740.000000,2.090565,0.499997,0.000000,0.000000,0.000000,0.000000,0.000000,0.000000,0.000000,0.000000,0.000000,-2518.079346,-0.003589,-0.000858,-0.321149,-0.000000,-0.000000,-214.488251,-0.000306,-0.000073,-4889.067383,-0.006968,-0.001667,0.000000,0.000000,0.000000,0.000000,0.000000,0.000000,0.000000,0.000000,0.000000,0.000000,0.000000,0.000000,0.000000,0.000000,423040.000000,0.591461,0.144203,-78.472080,-0.000110,-0.000027,423104.000000,0.591583,0.144234,0.000000,0.000000,0.000000,0.000000,0.000000,0.000000,11304400.000000,15.805939,3.853554,14569408.000000,20.371094,4.966553,232394.000000,0.324938,0.079221,-80.120117,-0.000112,-0.000027,76034.250000,0.106312,0.025919,2542500.000000,3.554955,0.866713,0.000000,0.000000,0.000000,0.000000,0.000000,0.000000,0.000000,0.000000,0.000000,-491.108643,-0.000687,-0.000167,-0.028289,-0.000000,-0.000000,-186.244339,-0.000260,-0.000063,-6704.065430,-0.009374,-0.002285,0.000000,0.000000,0.000000,0.000000,0.000000,0.000000,0.000000,0.000000,0.000000,0.000000,0.000000,0.000000,0.000000,0.000000,474591232.000000,170.324219,161.785156,9949696.000000,67.638672,3.391724
1,2007,MIN_VALUE,0.000000,0.000000,0.000000,0.000000,0.000000,0.092284,0.000060,0.042673,0.024797,0.001954,0.003238,0.194295,0.085287,0.072116,0.039898,0.062284,1.443072,1.030236,-3.049567,-0.386870,2.960615,4.934273,6.244784,7.029863,0.000000,0.000000,0.000000,0.000000,17577.283203,14371.356445,3206.123047,276.655670,14094.616211,2884.848389,249.564499,51.681213,20.032080,0.000000,4373.904785,1308.785278,475.736420,3897.527344,612.510559,207.295715,107.060051,0.000000,242.256638,73.908691,65.414612,0.000000,22247.558594,17289.660156,2465.675781,1500.763428,970.256409,47.231472,0.011231,3.391762,60.064453,0.000000,0.000000,0.009114,0.000137,0.008977,0.000000,0.000000,0.000000,0.606290,0.000000,0.000394,0.000000,0.000000,0.000000,0.000035,0.000000,0.000917,0.000395,0.000000,0.000000,-0.908062,596800.000000,4.000000,0.203443,298400.000000,2.000000,0.101721,298400.000000,2.000000,0.101721,0.000000,0.000000,0.000000,0.000000,0.000000,0.000000,190784.187500,1.278714,0.065036,298400.000000,2.000000,0.101721,17943072.000000,120.261879,6.116609,2010.408936,0.013475,0.000685,408061.531250,2.734997,0.139104,-6884638.500000,-46.143688,-2.346902,0.000000,0.000000,0.000000,0.000000,0.000000,0.000000,0.000000,0.000000,0.000000,153.941422,0.001032,0.000052,0.021166,0.000000,0.000000,7.973198,0.000053,0.000003,105.609932,0.000708,0.000036,0.000000,0.000000,0.000000,0.000000,0.000000,0.000000,0.000000,0.000000,0.000000,0.000000,0.000000,0.000000,0.000000,0.000000,51174133760.000000,41932.261719,17444.736328,42156351488.000000,34543.062500,14370.666992,9017734144.000000,7389.163086,3074.052979,0.000000,0.000000,0.000000,0.000000,0.000000,0.000000,12526817280.000000,10264.517578,4270.263184,3418038016.000000,2800.752197,1165.174072,9792198.000000,8.023761,3.338059,9277.927734,0.007602,0.003163,4395601.500000,3.601771,1.498415,146439008.000000,119.992638,49.919556,0.000000,0.000000,0.000000,0.000000,0.000000,0.000000,0.000000,0.000000,0.000000,32.134201,0.000026,0.000011,0.158150,0.000000,0.000000,18.372263,0.000015,0.000006,854.979492,0.000701,0.000291,0.000000,0.000000,0.000000,0.000000,0.000000,0.000000,0.000000,0.000000,0.000000,0.000000,0.000000,0.000000,0.000000,0.000000,71678840.000000,487.279663,24.434580,1680541.625000,11.424484,0.572879,69998304.000000,475.855255,23.861704,0.000000,0.000000,0.000000,0.000000,0.000000,0.000000,37990848.000000,258.265442,12.950689,61648820.000000,419.094635,21.015450,4807160.000000,32.679539,1.638711,2437.691650,0.016572,0.000831,556226.000000,3.781278,0.189612,11118980.000000,75.587898,3.790346,0.000000,0.000000,0.000000,0.000000,0.000000,0.000000,0.000000,0.000000,0.000000,0.719679,0.000005,0.000000,0.003492,0.000000,0.000000,0.142817,0.000001,0.000000,4.963729,0.000034,0.000002,0.000000,0.000000,0.000000,0.000000,0.000000,0.000000,0.000000,0.000000,0.000000,0.000000,0.000000,0.000000,0.000000,0.000000,2806400.000000,4.000000,0.956673,1403200.000000,2.000000,0.478336,1403200.000000,2.000000,0.478336,0.000000,0.000000,0.000000,0.000000,0.000000,0.000000,887864.187500,1.265485,0.302664,1403200.000000,2.000000,0.478336,92698256.000000,132.124084,31.599882,12678.329102,0.018071,0.004322,2274400.750000,3.241734,0.775320,-37824116.000000,-53.911224,-12.893852,0.000000,0.000000,0.000000,0.000000,0.000000,0.000000,0.000000,0.000000,0.000000,925.820801,0.001320,0.000316,0.166988,0.000000,0.000000,43.691669,0.000062,0.000015,509.988922,0.000727,0.000174,0.000000,0.000000,0.000000,0.000000,0.000000,0.000000,0.000000,0.000000,0.000000,0.000000,0.000000,0.000000,0.000000,0.000000,316058720.000000,441.916565,107.741173,17.704662,0.000025,0.000006,316058624.000000,441.916412,107.741135,0.000000,0.000000,0.000000,0.000000,0.000000,0.000000,196796848.000000,275.163391,67.086021,309732992.000000,433.071869,105.584793,10468931.000000,14.637768,3.568751,6486.070801,0.009069,0.002211,2305658.250000,3.223795,0.785975,62537592.000000,87.440704,21.318422,0.000000,0.000000,0.000000,0.000000,0.000000,0.000000,0.000000,0.000000,0.000000,41.718708,0.000058,0.000014,0.073171,0.000000,0.000000,27.008411,0.000038,0.000009,882.460388,0.001234,0.000301,0.000000,0.000000,0.000000,0.000000,0.000000,0.000000,0.000000,0.000000,0.000000,0.000000,0.000000,0.000000,0.000000,0.000000,62990348288.000000,22606.355469,21472.761719,2273731072.000000,15457.043945,775.091614
1,2007,MIN_VALUE_JDAY,11.000000,1.000000,1.000000,1.000000,11.000000,165.000000,269.000000,165.000000,199.000000,321.000000,337.000000,197.000000,197.000000,199.000000,318.000000,318.000000,12.000000,268.000000,12.000000,12.000000,16.000000,16.000000,16.000000,16.000000,11.000000,1.000000,1.000000,1.000000,1.000000,1.000000,1.000000,365.000000,1.000000,1.000000,1.000000,365.000000,365.000000,1.000000,349.000000,262.000000,322.000000,349.000000,262.000000,262.000000,349.000000,1.000000,262.000000,262.000000,349.000000,1.000000,1.000000,1.000000,365.000000,365.000000,365.000000,176.000000,364.000000,1.000000,1.000000,1.000000,1.000000,16.000000,16.000000,16.000000,350.000000,350.000000,350.000000,14.000000,1.000000,198.000000,1.000000,272.000000,1.000000,198.000000,1.000000,198.000000,198.000000,1.000000,1.000000,353.000000,1.000000,1.000000,1.000000,1.000000,1.000000,1.000000,1.000000,1.000000,1.000000,1.000000,1.000000,1.000000,1.000000,1.000000,1.000000,365.000000,365.000000,365.000000,1.000000,1.000000,1.000000,37.000000,37.000000,37.000000,365.000000,365.000000,365.000000,103.000000,103.000000,103.000000,272.000000,272.000000,272.000000,1.000000,1.000000,1.000000,1.000000,1.000000,1.000000,1.000000,1.000000,1.000000,200.000000,200.000000,200.000000,274.000000,274.000000,274.000000,201.000000,201.000000,201.000000,273.000000,273.000000,273.000000,1.000000,1.000000,1.000000,1.000000,1.000000,1.000000,1.000000,1.000000,1.000000,1.000000,1.000000,1.000000,1.000000,1.000000,1.000000,1.000000,1.000000,1.000000,1.000000,1.000000,1.000000,1.000000,1.000000,1.000000,1.000000,1.000000,1.000000,1.000000,1.000000,349.000000,349.000000,349.000000,349.000000,349.000000,349.000000,123.000000,123.000000,123.000000,349.000000,349.000000,349.000000,16.000000,16.000000,16.000000,21.000000,21.000000,21.000000,350.000000,350.000000,350.000000,350.000000,350.000000,350.000000,350.000000,350.000000,350.000000,199.000000,199.000000,199.000000,337.000000,337.000000,337.000000,199.000000,199.000000,199.000000,199.000000,199.000000,199.000000,1.000000,1.000000,1.000000,1.000000,1.000000,1.000000,1.000000,1.000000,1.000000,1.000000,1.000000,1.000000,1.000000,1.000000,1.000000,1.000000,1.000000,365.000000,365.000000,365.000000,1.000000,1.000000,1.000000,1.000000,1.000000,1.000000,1.000000,1.000000,1.000000,262.000000,262.000000,262.000000,262.000000,262.000000,262.000000,179.000000,179.000000,179.000000,196.000000,196.000000,196.000000,91.000000,91.000000,91.000000,94.000000,94.000000,94.000000,1.000000,1.000000,1.000000,1.000000,1.000000,1.000000,1.000000,1.000000,1.000000,259.000000,259.000000,259.000000,315.000000,315.000000,315.000000,259.000000,259.000000,259.000000,259.000000,259.000000,259.000000,1.000000,1.000000,1.000000,1.000000,1.000000,1.000000,1.000000,1.000000,1.000000,1.000000,1.000000,1.000000,1.000000,1.000000,1.000000,1.000000,1.000000,1.000000,1.000000,1.000000,1.000000,1.000000,1.000000,1.000000,1.000000,1.000000,1.000000,1.000000,1.000000,365.000000,365.000000,365.000000,1.000000,1.000000,1.000000,36.000000,36.000000,36.000000,365.000000,365.000000,365.000000,1.000000,1.000000,1.000000,1.000000,1.000000,1.000000,1.000000,1.000000,1.000000,1.000000,1.000000,1.000000,1.000000,1.000000,1.000000,198.000000,198.000000,198.000000,270.000000,270.000000,270.000000,198.000000,198.000000,198.000000,230.000000,230.000000,230.000000,1.000000,1.000000,1.000000,1.000000,1.000000,1.000000,1.000000,1.000000,1.000000,1.000000,1.000000,1.000000,1.000000,1.000000,1.000000,1.000000,1.000000,365.000000,365.000000,365.000000,1.000000,1.000000,1.000000,1.000000,1.000000,1.000000,1.000000,1.000000,1.000000,152.000000,152.000000,152.000000,262.000000,262.000000,262.000000,262.000000,262.000000,262.000000,262.000000,262.000000,262.000000,1.000000,1.000000,1.000000,1.000000,1.000000,1.000000,1.000000,1.000000,1.000000,1.000000,1.000000,1.000000,1.000000,1.000000,1.000000,229.000000,229.000000,229.000000,311.000000,311.000000,311.000000,166.000000,166.000000,166.000000,166.000000,166.000000,166.000000,1.000000,1.000000,1.000000,1.000000,1.000000,1.000000,1.000000,1.000000,1.000000,1.000000,1.000000,1.000000,1.000000,1.000000,1.000000,1.000000,1.000000,1.000000,1.000000,1.000000
1,2007,MAX_VALUE,31.774055,0.500000,0.500000,0.500000,105.420189,41.781567,5.296764,6.189010,2.289546,0.045449,0.013790,6.829366,0.353592,0.289198,0.094512,0.081490,10.215451,3.783639,26.394909,21.822050,15.146237,11.843351,10.193213,9.321793,0.009120,0.000000,0.000000,0.000000,17906.443359,14563.190430,3371.140381,349.325714,14232.589844,2936.769775,346.773621,63.776085,24.867453,0.000000,4577.949219,1452.224487,527.994690,4050.409424,651.828613,211.970718,108.750023,0.000000,325.872955,85.790024,70.138893,0.000000,22412.992188,17477.494141,2478.490967,1504.784912,975.397949,49.690033,0.011394,3.499089,63.916313,0.000000,0.000000,0.032936,0.000494,0.032442,5.444543,0.072657,0.072657,1.919671,0.000000,0.007414,0.000000,0.000000,0.000000,0.001016,0.000000,0.036870,0.007415,0.000000,0.000000,4.099703,596800.000000,4.000000,0.203443,298400.000000,2.000000,0.101721,298400.000000,2.000000,0.101721,0.000000,0.000000,0.000000,0.000000,0.000000,0.000000,193255.265625,1.295277,0.065879,298400.000000,2.000000,0.101721,19063696.000000,127.772766,6.498618,2059.908936,0.013806,0.000702,420749.031250,2.820034,0.143429,-6604728.000000,-44.267616,-2.251484,0.000000,0.000000,0.000000,0.000000,0.000000,0.000000,0.000000,0.000000,0.000000,2267.862793,0.015200,0.000773,0.068599,0.000000,0.000000,114.917587,0.000770,0.000039,2324.729980,0.015581,0.000792,0.000000,0.000000,0.000000,0.000000,0.000000,0.000000,0.000000,0.000000,0.000000,0.000000,0.000000,0.000000,0.000000,0.000000,51950182400.000000,42568.160156,17709.283203,42710405120.000000,34997.054688,14559.537109,9239768064.000000,7571.098145,3149.741943,0.000000,0.000000,0.000000,0.000000,0.000000,0.000000,13126640640.000000,10756.014648,4474.736816,3647111936.000000,2988.456299,1243.262939,11430231.000000,9.365972,3.896448,9383.973633,0.007689,0.003199,4552357.500000,3.730217,1.551852,154463984.000000,126.568329,52.655186,7624161.000000,6.247264,2.598998,57991.828125,0.047519,0.019769,57991.980469,0.047519,0.019769,1979.177124,0.001622,0.000675,0.220708,0.000000,0.000000,1293.336304,0.001060,0.000441,69906.656250,0.057282,0.023830,0.000000,0.000000,0.000000,0.000000,0.000000,0.000000,0.000000,0.000000,0.000000,0.000000,0.000000,0.000000,0.000000,0.000000,118816640.000000,807.726990,40.503372,22401472.000000,152.287369,7.636432,96415224.000000,655.440002,32.866959,0.000000,0.000000,0.000000,0.000000,0.000000,0.000000,58297000.000000,396.308624,19.872849,85124104.000000,578.681885,29.017933,5255719.000000,35.728882,1.791620,2488.289063,0.016916,0.000848,576854.187500,3.921510,0.196644,11736634.000000,79.786774,4.000898,1435954.750000,9.761759,0.489502,20610.808594,0.140114,0.007026,20610.802734,0.140114,0.007026,733.004883,0.004983,0.000250,0.019932,0.000000,0.000000,177.249023,0.001205,0.000060,4746.204590,0.032265,0.001618,0.000000,0.000000,0.000000,0.000000,0.000000,0.000000,0.000000,0.000000,0.000000,0.000000,0.000000,0.000000,0.000000,0.000000,2806400.000000,4.000000,0.956673,1403200.000000,2.000000,0.478336,1403200.000000,2.000000,0.478336,0.000000,0.000000,0.000000,0.000000,0.000000,0.000000,899543.562500,1.282132,0.306645,1403200.000000,2.000000,0.478336,98240808.000000,140.023956,33.489281,12935.215820,0.018437,0.004409,2334549.750000,3.327466,0.795824,-36357376.000000,-51.820660,-12.393855,0.000000,0.000000,0.000000,0.000000,0.000000,0.000000,0.000000,0.000000,0.000000,15153.639648,0.021599,0.005166,0.624645,0.000001,0.000000,563.750244,0.000804,0.000192,8446.591797,0.012039,0.002879,0.000000,0.000000,0.000000,0.000000,0.000000,0.000000,0.000000,0.000000,0.000000,0.000000,0.000000,0.000000,0.000000,0.000000,661251456.000000,924.568604,225.413818,93922128.000000,131.322876,32.017086,609318912.000000,851.955933,207.710556,0.000000,0.000000,0.000000,0.000000,0.000000,0.000000,255289056.000000,356.947784,87.025414,540759616.000000,756.095642,184.339386,14582808.000000,20.389832,4.971129,6616.516113,0.009251,0.002256,2381692.500000,3.330107,0.811895,65080092.000000,90.995659,22.185135,12167241.000000,17.012362,4.147687,174641.156250,0.244185,0.059533,174641.046875,0.244185,0.059533,1660.847412,0.002322,0.000566,0.124620,0.000000,0.000000,851.944519,0.001191,0.000290,28433.697266,0.039756,0.009693,0.000000,0.000000,0.000000,0.000000,0.000000,0.000000,3492109.500000,4.882703,1.190424,7152.000000,96471.937500,0.134888,0.032886,7152.000000,63464939520.000000,22776.679688,21634.546875,2283680768.000000,15524.682617,778.483337
1,2007,MAX_VALUE_JDAY,337.000000,13.000000,13.000000,17.000000,337.000000,337.000000,337.000000,338.000000,339.000000,10.000000,11.000000,7.000000,337.000000,6.000000,11.000000,10.000000,192.000000,203.000000,192.000000,192.000000,197.000000,197.000000,197.000000,197.000000,337.000000,1.000000,1.000000,1.000000,258.000000,349.000000,262.000000,182.000000,349.000000,262.000000,262.000000,262.000000,349.000000,1.000000,1.000000,1.000000,365.000000,1.000000,1.000000,1.000000,365.000000,1.000000,1.000000,1.000000,365.000000,1.000000,365.000000,365.000000,1.000000,1.000000,1.000000,365.000000,1.000000,365.000000,365.000000,1.000000,1.000000,203.000000,203.000000,203.000000,143.000000,143.000000,143.000000,203.000000,1.000000,338.000000,1.000000,8.000000,1.000000,338.000000,1.000000,338.000000,338.000000,1.000000,1.000000,143.000000,1.000000,1.000000,1.000000,1.000000,1.000000,1.000000,1.000000,1.000000,1.000000,1.000000,1.000000,1.000000,1.000000,1.000000,1.000000,1.000000,1.000000,1.000000,1.000000,1.000000,1.000000,337.000000,337.000000,337.000000,1.000000,1.000000,1.000000,338.000000,338.000000,338.000000,365.000000,365.000000,365.000000,1.000000,1.000000,1.000000,1.000000,1.000000,1.000000,1.000000,1.000000,1.000000,339.000000,339.000000,339.000000,8.000000,8.000000,8.000000,339.000000,339.000000,339.000000,1.000000,1.000000,1.000000,1.000000,1.000000,1.000000,1.000000,1.000000,1.000000,1.000000,1.000000,1.000000,1.000000,1.000000,1.000000,1.000000,1.000000,349.000000,349.000000,349.000000,349.000000,349.000000,349.000000,349.000000,349.000000,349.000000,1.000000,1.000000,1.000000,1.000000,1.000000,1.000000,1.000000,1.000000,1.000000,1.000000,1.000000,1.000000,365.000000,365.000000,365.000000,1.000000,1.000000,1.000000,365.000000,365.000000,365.000000,336.000000,336.000000,336.000000,338.000000,338.000000,338.000000,338.000000,338.000000,338.000000,338.000000,338.000000,338.000000,338.000000,338.000000,338.000000,7.000000,7.000000,7.000000,338.000000,338.000000,338.000000,338.000000,338.000000,338.000000,1.000000,1.000000,1.000000,1.000000,1.000000,1.000000,1.000000,1.000000,1.000000,1.000000,1.000000,1.000000,1.000000,1.000000,262.000000,262.000000,262.000000,262.000000,262.000000,262.000000,262.000000,262.000000,262.000000,1.000000,1.000000,1.000000,1.000000,1.000000,1.000000,1.000000,1.000000,1.000000,1.000000,1.000000,1.000000,128.000000,128.000000,128.000000,127.000000,127.000000,127.000000,348.000000,348.000000,348.000000,345.000000,345.000000,345.000000,145.000000,145.000000,145.000000,145.000000,145.000000,145.000000,145.000000,145.000000,145.000000,338.000000,338.000000,338.000000,8.000000,8.000000,8.000000,338.000000,338.000000,338.000000,338.000000,338.000000,338.000000,1.000000,1.000000,1.000000,1.000000,1.000000,1.000000,1.000000,1.000000,1.000000,1.000000,1.000000,1.000000,1.000000,1.000000,1.000000,1.000000,1.000000,1.000000,1.000000,1.000000,1.000000,1.000000,1.000000,1.000000,1.000000,1.000000,1.000000,1.000000,1.000000,1.000000,1.000000,1.000000,1.000000,1.000000,1.000000,335.000000,335.000000,335.000000,1.000000,1.000000,1.000000,365.000000,365.000000,365.000000,365.000000,365.000000,365.000000,1.000000,1.000000,1.000000,1.000000,1.000000,1.000000,1.000000,1.000000,1.000000,338.000000,338.000000,338.000000,8.000000,8.000000,8.000000,338.000000,338.000000,338.000000,1.000000,1.000000,1.000000,1.000000,1.000000,1.000000,1.000000,1.000000,1.000000,1.000000,1.000000,1.000000,1.000000,1.000000,1.000000,1.000000,1.000000,258.000000,258.000000,258.000000,182.000000,182.000000,182.000000,262.000000,262.000000,262.000000,1.000000,1.000000,1.000000,1.000000,1.000000,1.000000,365.000000,365.000000,365.000000,365.000000,365.000000,365.000000,130.000000,130.000000,130.000000,128.000000,128.000000,128.000000,365.000000,365.000000,365.000000,365.000000,365.000000,365.000000,143.000000,143.000000,143.000000,143.000000,143.000000,143.000000,143.000000,143.000000,143.000000,338.000000,338.000000,338.000000,8.000000,8.000000,8.000000,338.000000,338.000000,338.000000,338.000000,338.000000,338.000000,1.000000,1.000000,1.000000,1.000000,1.000000,1.000000,122.000000,122.000000,122.000000,122.000000,183.000000,183.000000,183.000000,61.000000,365.000000,365.000000,365.000000,365.000000,365.000000,365.000000
1,2007,ANNUAL_SUM,49.098751,0.500000,2.000000,0.500000,808.624187,279.695214,42.293306,87.244680,95.558929,3.468386,2.031160,500.259773,55.736649,51.840474,23.197850,25.035541,1552.367649,718.704123,4162.093574,3855.675429,3553.885499,3273.309932,3141.496400,3074.739512,0.175121,0.000000,0.000000,0.000000,6491355.689453,5290078.143555,1201358.145508,116206.660675,5173857.625000,1062503.374512,108713.974701,21783.249237,8360.198410,0.000000,1630091.766113,500905.139038,180495.364380,1449641.722656,230179.687012,76240.146835,39230.637802,0.000000,102472.064301,28414.416428,24366.509903,0.000000,8148846.386719,6343228.787109,902329.015137,548504.246582,355084.506836,17556.459499,4.122002,1257.095094,22641.919117,0.000000,0.000000,7.188615,0.107829,7.080787,460.381431,4.813776,4.813777,384.369066,0.000000,0.369222,0.000000,0.000068,0.000000,0.046473,0.000000,1.422394,0.369290,0.000000,0.000000,74.589971,217832000.000000,1460.000000,74.256692,108916000.000000,730.000000,37.128346,108916000.000000,730.000000,37.128346,0.000000,0.000000,0.000000,0.000000,0.000000,0.000000,70098893.218750,469.831723,23.895992,108916000.000000,730.000000,37.128346,6725763828.000000,45078.845970,2292.743768,741393.902222,4.969128,0.252734,150616848.750000,1009.496303,51.343736,-2477747898.500000,-16606.889423,-844.638793,0.000000,0.000000,0.000000,0.000000,0.000000,0.000000,0.000000,0.000000,0.000000,138973.864487,0.931460,0.047375,10.905706,0.000073,0.000004,8348.083373,0.055952,0.002846,141911.364731,0.951149,0.048376,0.000000,0.000000,0.000000,0.000000,0.000000,0.000000,0.000000,0.000000,0.000000,0.000000,0.000000,0.000000,0.000000,0.000000,18842905591808.000000,15439942.339844,6423352.855469,15504433676288.000000,12704386.816406,5285302.083984,3338515791872.000000,2735591.427734,1138065.719727,0.000000,0.000000,0.000000,0.000000,0.000000,0.000000,4678921410560.000000,3833924.451172,1594996.220215,1285647130368.000000,1053463.722900,438263.892456,3792438646.000000,3107.537413,1292.803357,3396185.727539,2.782846,1.157725,1634566018.000000,1339.369077,557.206758,54959099472.000000,45033.677063,18734.992203,780106472.828125,639.221951,265.930278,5933722.348999,4.862113,2.022745,5933721.503296,4.862112,2.022745,48957.125973,0.040116,0.016689,62.886236,0.000052,0.000021,45838.684582,0.037560,0.015626,2073184.378723,1.698774,0.706727,0.000000,0.000000,0.000000,0.000000,0.000000,0.000000,0.000000,0.000000,0.000000,0.000000,0.000000,0.000000,0.000000,0.000000,33556071400.000000,228117.412354,11438.919859,3853965317.375000,26199.628452,1313.777173,29702112376.000000,201917.830231,10125.145033,0.000000,0.000000,0.000000,0.000000,0.000000,0.000000,17416823392.000000,118401.246948,5937.216070,26264883456.000000,178551.213226,8953.428810,1826949255.500000,12419.777409,622.788224,897818.287354,6.103455,0.306057,205680501.500000,1398.235901,70.114369,4143730282.000000,28169.478348,1412.555063,47137915.618164,320.448101,16.068831,676588.419530,4.599513,0.230642,676588.522130,4.599514,0.230642,20080.893013,0.136512,0.006845,2.581944,0.000018,0.000001,5709.935251,0.038817,0.001946,161714.656621,1.099352,0.055127,0.000000,0.000000,0.000000,0.000000,0.000000,0.000000,0.000000,0.000000,0.000000,0.000000,0.000000,0.000000,0.000000,0.000000,1024336000.000000,1460.000000,349.185611,512168000.000000,730.000000,174.592806,512168000.000000,730.000000,174.592806,0.000000,0.000000,0.000000,0.000000,0.000000,0.000000,326278542.375000,465.049233,111.225002,512168000.000000,730.000000,174.592806,34725000424.000000,49494.014236,11837.395716,4668899.507813,6.654646,1.591580,839280466.500000,1196.237842,286.102086,-13563602384.000000,-19332.386547,-4623.692659,0.000000,0.000000,0.000000,0.000000,0.000000,0.000000,0.000000,0.000000,0.000000,788040.150269,1.123204,0.268635,92.139868,0.000131,0.000031,40309.749378,0.057454,0.013741,570643.815338,0.813346,0.194527,0.000000,0.000000,0.000000,0.000000,0.000000,0.000000,0.000000,0.000000,0.000000,0.000000,0.000000,0.000000,0.000000,0.000000,165521682368.000000,231434.119446,56424.640526,10043397378.023602,14042.781569,3423.690943,155478297216.000000,217391.354492,53000.953369,0.000000,0.000000,0.000000,0.000000,0.000000,0.000000,85350141984.000000,119337.446747,29094.986259,156870400512.000000,219337.808472,53475.507225,4431909297.000000,6196.741179,1510.792332,2388456.042969,3.339564,0.814200,857559822.500000,1199.048971,292.333330,23358668120.000000,32660.330139,7962.729897,523284602.158207,731.661916,178.382342,7510904.421702,10.501824,2.560390,7510903.506174,10.501823,2.560390,87065.001930,0.121735,0.029680,30.995134,0.000043,0.000011,36123.246531,0.050508,0.012314,1225140.254028,1.713004,0.417638,0.000000,0.000000,0.000000,0.000000,0.000000,0.000000,13968438.000000,19.530813,4.761697,28608.000000,632023.709961,0.883702,0.215450,100128.000000,23072911822848.000000,8280545.414063,7865318.507813,831894391040.000000,5655298.379883,283584.248108
1,2007,ANNUAL_AVERAGE,0.134517,0.001370,0.005479,0.001370,2.215409,0.766288,0.115872,0.239027,0.261805,0.009502,0.005565,1.370575,0.152703,0.142029,0.063556,0.068591,4.253062,1.969052,11.402996,10.563494,9.736673,8.967972,8.606839,8.423944,0.000480,0.000000,0.000000,0.000000,17784.536135,14493.364777,3291.392179,318.374413,14174.952397,2910.968149,297.846506,59.680135,22.904653,0.000000,4466.004839,1372.342847,494.507848,3971.621158,630.629279,208.877115,107.481199,0.000000,280.745382,77.847716,66.757561,0.000000,22325.606539,17378.709006,2472.134288,1502.751360,972.834265,48.099889,0.011293,3.444096,62.032655,0.000000,0.000000,0.019695,0.000295,0.019399,1.261319,0.013188,0.013188,1.053066,0.000000,0.001012,0.000000,0.000000,0.000000,0.000127,0.000000,0.003897,0.001012,0.000000,0.000000,0.204356,596800.000000,4.000000,0.203443,298400.000000,2.000000,0.101721,298400.000000,2.000000,0.101721,0.000000,0.000000,0.000000,0.000000,0.000000,0.000000,192051.762243,1.287210,0.065468,298400.000000,2.000000,0.101721,18426750.213699,123.503688,6.281490,2031.216170,0.013614,0.000692,412648.900685,2.765743,0.140668,-6788350.406849,-45.498327,-2.314079,0.000000,0.000000,0.000000,0.000000,0.000000,0.000000,0.000000,0.000000,0.000000,380.750314,0.002552,0.000130,0.029879,0.000000,0.000000,22.871461,0.000153,0.000008,388.798260,0.002606,0.000133,0.000000,0.000000,0.000000,0.000000,0.000000,0.000000,0.000000,0.000000,0.000000,0.000000,0.000000,0.000000,0.000000,0.000000,51624398881.665760,42301.211890,17598.227001,42477900482.980820,34806.539223,14480.279682,9146618607.868494,7494.771035,3117.988273,0.000000,0.000000,0.000000,0.000000,0.000000,0.000000,12818962768.657534,10503.902606,4369.852658,3522320905.117808,2886.201981,1200.722993,10390242.865753,8.513801,3.541927,9304.618432,0.007624,0.003172,4478263.063014,3.669504,1.526594,150572875.265753,123.379937,51.328746,2137278.007748,1.751293,0.728576,16256.773559,0.013321,0.005542,16256.771242,0.013321,0.005542,134.129112,0.000110,0.000046,0.172291,0.000000,0.000000,125.585437,0.000103,0.000043,5679.957202,0.004654,0.001936,0.000000,0.000000,0.000000,0.000000,0.000000,0.000000,0.000000,0.000000,0.000000,0.000000,0.000000,0.000000,0.000000,0.000000,91934442.191781,624.979212,31.339506,10558809.088699,71.779804,3.599390,81375650.345205,553.199535,27.740123,0.000000,0.000000,0.000000,0.000000,0.000000,0.000000,47717324.361644,324.386978,16.266345,71958584.810959,489.181406,24.529942,5005340.426027,34.026787,1.706269,2459.776130,0.016722,0.000839,563508.223288,3.830783,0.192094,11352685.704110,77.176653,3.870014,129144.974296,0.877940,0.044024,1853.666903,0.012601,0.000632,1853.667184,0.012601,0.000632,55.016145,0.000374,0.000019,0.007074,0.000000,0.000000,15.643658,0.000106,0.000005,443.053854,0.003012,0.000151,0.000000,0.000000,0.000000,0.000000,0.000000,0.000000,0.000000,0.000000,0.000000,0.000000,0.000000,0.000000,0.000000,0.000000,2806400.000000,4.000000,0.956673,1403200.000000,2.000000,0.478336,1403200.000000,2.000000,0.478336,0.000000,0.000000,0.000000,0.000000,0.000000,0.000000,893913.814726,1.274107,0.304726,1403200.000000,2.000000,0.478336,95136987.463014,135.600039,32.431221,12791.505501,0.018232,0.004360,2299398.538356,3.277364,0.783841,-37160554.476712,-52.965443,-12.667651,0.000000,0.000000,0.000000,0.000000,0.000000,0.000000,0.000000,0.000000,0.000000,2159.014110,0.003077,0.000736,0.252438,0.000000,0.000000,110.437670,0.000157,0.000038,1563.407713,0.002228,0.000533,0.000000,0.000000,0.000000,0.000000,0.000000,0.000000,0.000000,0.000000,0.000000,0.000000,0.000000,0.000000,0.000000,0.000000,453484061.282192,634.066081,154.588056,27516157.200065,38.473374,9.379975,425967937.578082,595.592752,145.208091,0.000000,0.000000,0.000000,0.000000,0.000000,0.000000,233836005.435616,326.951909,79.712291,429781919.210959,600.925503,146.508239,12142217.252055,16.977373,4.139157,6543.715186,0.009149,0.002231,2349478.965753,3.285066,0.800913,63996351.013699,89.480357,21.815698,1433656.444269,2.004553,0.488719,20577.820333,0.028772,0.007015,20577.817825,0.028772,0.007015,238.534252,0.000334,0.000081,0.084918,0.000000,0.000000,98.967799,0.000138,0.000034,3356.548641,0.004693,0.001144,0.000000,0.000000,0.000000,0.000000,0.000000,0.000000,38269.693151,0.053509,0.013046,78.378082,1731.571808,0.002421,0.000590,274.323288,63213457048.898630,22686.425792,21548.817830,2279162715.178082,15493.968164,776.943146
1,2007,DAY_COUNT,365,365,365,365,365,365,365,365,365,365,365,365,365,365,365,365,365,365,365,365,365,365,365,365,365,365,365,365,365,365,365,365,365,365,365,365,365,365,365,365,365,365,365,365,365,365,365,365,365,365,365,365,365,365,365,365,365,365,365,365,365,365,365,365,365,365,365,365,365,365,365,365,365,365,365,365,365,365,365,365,365,365,365,365,365,365,365,365,365,365,365,365,365,365,365,365,365,365,365,365,365,365,365,365,365,365,365,365,365,365,365,365,365,365,365,365,365,365,365,365,365,365,365,365,365,365,365,365,365,365,365,365,365,365,365,365,365,365,365,365,365,365,365,365,365,365,365,365,365,365,365,365,365,365,365,365,365,365,365,365,365,365,365,365,365,365,365,365,365,365,365,365,365,365,365,365,365,365,365,365,365,365,365,365,365,365,365,365,365,365,365,365,365,365,365,365,365,365,365,365,365,365,365,365,365,365,365,365,365,365,365,365,365,365,365,365,365,365,365,365,365,365,365,365,365,365,365,365,365,365,365,365,365,365,365,365,365,365,365,365,365,365,365,365,365,365,365,365,365,365,365,365,365,365,365,365,365,365,365,365,365,365,365,365,365,365,365,365,365,365,365,365,365,365,365,365,365,365,365,365,365,365,365,365,365,365,365,365,365,365,365,365,365,365,365,365,365,365,365,365,365,365,365,365,365,365,365,365,365,365,365,365,365,365,365,365,365,365,365,365,365,365,365,365,365,365,365,365,365,365,365,365,365,365,365,365,365,365,365,365,365,365,365,365,365,365,365,365,365,365,365,365,365,365,365,365,365,365,365,365,365,365,365,365,365,365,365,365,365,365,365,365,365,365,365,365,365,365,365,365,365,365,365,365,365,365,365,365,365,365,365,365,365,365,365,365,365,365,365,365,365,365,365,365,365,365,365,365,365,365,365,365,365,365,365,365,365,365,365,365,365,365,365,365,365,365
1,2008,INITIAL_VALUE,0.000000,0.000000,0.000000,0.000000,0.000000,1.070455,0.003179,0.390069,0.661630,0.010388,0.005190,2.927516,0.213542,0.236927,0.067954,0.070291,2.956854,2.081994,6.951943,5.186095,5.035151,6.231339,7.023882,7.497505,0.000000,0.000000,0.000000,0.000000,17585.119141,14376.764648,3208.643311,276.937775,14099.953125,2887.037598,249.841873,51.746460,20.059969,0.000000,4553.263184,1447.348633,527.746948,4025.652344,647.706360,211.714813,108.747681,0.000000,323.625610,85.425270,70.130989,0.000000,22413.166016,17477.750000,2465.652588,1500.756348,970.245850,49.690395,0.011230,3.499267,63.925144,0.000000,0.000000,0.011884,0.000178,0.011705,1.490771,0.011339,0.011339,0.897441,0.000000,0.001881,0.000000,0.000000,0.000000,0.000279,0.000000,0.008885,0.001881,0.000000,0.000000,0.584444,596800.000000,4.000000,0.203443,298400.000000,2.000000,0.101721,298400.000000,2.000000,0.101721,0.000000,0.000000,0.000000,0.000000,0.000000,0.000000,190780.437500,1.278689,0.065035,298400.000000,2.000000,0.101721,18922460.000000,126.826134,6.450472,2010.220703,0.013473,0.000685,419854.750000,2.814040,0.143124,-6602162.500000,-44.250420,-2.250609,0.000000,0.000000,0.000000,0.000000,0.000000,0.000000,0.000000,0.000000,0.000000,784.066528,0.005255,0.000267,0.036159,0.000000,0.000000,51.449150,0.000345,0.000018,961.506470,0.006444,0.000328,0.000000,0.000000,0.000000,0.000000,0.000000,0.000000,0.000000,0.000000,0.000000,0.000000,0.000000,0.000000,0.000000,0.000000,51196203008.000000,41950.347656,17452.259766,42172231680.000000,34556.070313,14376.080078,9024276480.000000,7394.522949,3076.282959,0.000000,0.000000,0.000000,0.000000,0.000000,0.000000,13047677952.000000,10691.312500,4447.819336,3624137216.000000,2969.630615,1235.431152,11425125.000000,9.361787,3.894708,9287.023438,0.007610,0.003166,4552527.500000,3.730357,1.551910,153676032.000000,125.922676,52.386581,4373176.000000,3.583395,1.490771,33263.691406,0.027256,0.011339,33263.527344,0.027256,0.011339,317.527069,0.000260,0.000108,0.177230,0.000000,0.000000,321.404541,0.000263,0.000110,14041.455078,0.011506,0.004787,0.000000,0.000000,0.000000,0.000000,0.000000,0.000000,0.000000,0.000000,0.000000,0.000000,0.000000,0.000000,0.000000,0.000000,72089600.000000,490.072052,24.574604,1680541.625000,11.424484,0.572879,70409064.000000,478.647614,24.001726,0.000000,0.000000,0.000000,0.000000,0.000000,0.000000,53834112.000000,365.969482,18.351496,79760144.000000,542.217163,27.189413,5255309.500000,35.726101,1.791481,2465.038086,0.016758,0.000840,575967.000000,3.915479,0.196341,11695850.000000,79.509514,3.986995,0.000000,0.000000,0.000000,0.000000,0.000000,0.000000,0.000000,0.000000,0.000000,131.464417,0.000894,0.000045,0.006572,0.000000,0.000000,39.490204,0.000268,0.000013,1151.262451,0.007826,0.000392,0.000000,0.000000,0.000000,0.000000,0.000000,0.000000,0.000000,0.000000,0.000000,0.000000,0.000000,0.000000,0.000000,0.000000,2806400.000000,4.000000,0.956673,1403200.000000,2.000000,0.478336,1403200.000000,2.000000,0.478336,0.000000,0.000000,0.000000,0.000000,0.000000,0.000000,887844.750000,1.265457,0.302657,1403200.000000,2.000000,0.478336,97607960.000000,139.121948,33.273548,12677.418945,0.018069,0.004322,2334567.250000,3.327490,0.795830,-36338436.000000,-51.793663,-12.387399,0.000000,0.000000,0.000000,0.000000,0.000000,0.000000,0.000000,0.000000,0.000000,3809.098389,0.005429,0.001298,0.293059,0.000000,0.000000,214.663269,0.000306,0.000073,3469.657227,0.004945,0.001183,0.000000,0.000000,0.000000,0.000000,0.000000,0.000000,0.000000,0.000000,0.000000,0.000000,0.000000,0.000000,0.000000,0.000000,316481760.000000,442.508026,107.885376,17.704662,0.000025,0.000006,316481728.000000,442.507996,107.885368,0.000000,0.000000,0.000000,0.000000,0.000000,0.000000,254995824.000000,356.537781,86.925453,540229504.000000,755.354431,184.158691,12555869.000000,17.555744,4.280167,6506.446289,0.009097,0.002218,2382167.000000,3.330770,0.812056,65093268.000000,91.014076,22.189627,0.000000,0.000000,0.000000,0.000000,0.000000,0.000000,0.000000,0.000000,0.000000,474.834381,0.000664,0.000162,0.084804,0.000000,0.000000,190.511246,0.000266,0.000065,6441.224121,0.009006,0.002196,0.000000,0.000000,0.000000,0.000000,0.000000,0.000000,0.000000,0.000000,0.000000,0.000000,0.000000,0.000000,0.000000,0.000000,63465472000.000000,22776.871094,21634.726563,2283710208.000000,15524.882813,778.493347
1,2008,FINAL_VALUE,0.029849,0.000000,0.000000,0.000000,1.300386,1.128387,0.065664,0.671286,0.356132,0.002510,0.002945,2.126758,0.228139,0.179616,0.047065,0.062177,2.529231,1.695490,4.701377,3.810864,4.248219,5.837318,6.828738,7.397979,0.000374,0.000000,0.000000,0.000000,17593.707031,14381.997070,3211.603271,277.065857,14105.353516,2889.598633,250.214233,51.713196,20.034037,0.000000,4561.683594,1454.568481,536.906128,4024.890869,645.223999,212.081360,109.918144,0.000000,327.532532,86.832863,72.984489,0.000000,22566.574219,17652.117188,2453.073975,1497.031250,965.277954,51.714241,0.011112,3.605820,67.966911,0.000000,0.000000,0.010527,0.000158,0.010369,0.956312,0.013726,0.013726,0.771524,0.000000,0.001929,0.000000,0.000000,0.000000,0.000225,0.000000,0.006973,0.001930,0.000000,0.000000,0.177816,596800.000000,4.000000,0.203443,298400.000000,2.000000,0.101721,298400.000000,2.000000,0.101721,0.000000,0.000000,0.000000,0.000000,0.000000,0.000000,188515.515625,1.263509,0.064263,298400.000000,2.000000,0.101721,19747046.000000,132.352859,6.731565,1969.943848,0.013203,0.000672,427492.968750,2.865234,0.145728,-6334686.500000,-42.457684,-2.159430,0.000000,0.000000,0.000000,0.000000,0.000000,0.000000,0.000000,0.000000,0.000000,785.748596,0.005266,0.000268,0.028769,0.000000,0.000000,36.841892,0.000247,0.000013,434.186218,0.002910,0.000148,0.000000,0.000000,0.000000,0.000000,0.000000,0.000000,0.000000,0.000000,0.000000,0.000000,0.000000,0.000000,0.000000,0.000000,51217616896.000000,41967.890625,17459.558594,42187247616.000000,34568.378906,14381.199219,9030628352.000000,7399.728516,3078.448486,0.000000,0.000000,0.000000,0.000000,0.000000,0.000000,13066559488.000000,10706.784180,4454.255859,3641037568.000000,2983.478760,1241.192261,11629653.000000,9.529378,3.964429,9230.563477,0.007564,0.003147,4724849.000000,3.871557,1.610652,161119376.000000,132.021774,54.923939,0.000000,0.000000,0.000000,0.000000,0.000000,0.000000,0.000000,0.000000,0.000000,327.422607,0.000268,0.000112,0.157774,0.000000,0.000000,241.239792,0.000198,0.000082,11418.742188,0.009357,0.003893,0.000000,0.000000,0.000000,0.000000,0.000000,0.000000,0.000000,0.000000,0.000000,0.000000,0.000000,0.000000,0.000000,0.000000,73073136.000000,496.758240,24.909882,1954291.625000,13.285463,0.666198,71118792.000000,483.472412,24.243666,0.000000,0.000000,0.000000,0.000000,0.000000,0.000000,53619876.000000,364.513092,18.278463,78778856.000000,535.546265,26.854902,5606132.000000,38.111027,1.911073,2487.189209,0.016908,0.000848,593598.812500,4.035342,0.202352,12146235.000000,82.571281,4.140527,622749.875000,4.233514,0.212289,8938.583008,0.060765,0.003047,8938.580078,0.060765,0.003047,124.381805,0.000846,0.000042,0.004609,0.000000,0.000000,31.845778,0.000216,0.000011,869.580811,0.005911,0.000296,0.000000,0.000000,0.000000,0.000000,0.000000,0.000000,0.000000,0.000000,0.000000,0.000000,0.000000,0.000000,0.000000,0.000000,2806400.000000,4.000000,0.956673,1403200.000000,2.000000,0.478336,1403200.000000,2.000000,0.478336,0.000000,0.000000,0.000000,0.000000,0.000000,0.000000,877268.437500,1.250383,0.299052,1403200.000000,2.000000,0.478336,101819096.000000,145.124130,34.709084,12462.958984,0.017764,0.004248,2386284.750000,3.401204,0.813460,-34875964.000000,-49.709187,-11.888858,0.000000,0.000000,0.000000,0.000000,0.000000,0.000000,0.000000,0.000000,0.000000,4022.911377,0.005734,0.001371,0.218252,0.000000,0.000000,169.396286,0.000241,0.000058,1735.773438,0.002474,0.000592,0.000000,0.000000,0.000000,0.000000,0.000000,0.000000,0.000000,0.000000,0.000000,0.000000,0.000000,0.000000,0.000000,0.000000,319113760.000000,446.188171,108.782608,959436.937500,1.341495,0.327062,318154112.000000,444.846375,108.455475,0.000000,0.000000,0.000000,0.000000,0.000000,0.000000,261019904.000000,364.960724,88.979004,545488128.000000,762.707153,185.951309,12902916.000000,18.040991,4.398471,6448.982910,0.009017,0.002198,2445536.000000,3.419374,0.833658,67325736.000000,94.135536,22.950651,2182590.750000,3.051721,0.744023,31327.398438,0.043802,0.010679,31327.445313,0.043802,0.010679,399.381744,0.000558,0.000136,0.077495,0.000000,0.000000,181.157944,0.000253,0.000062,5997.087891,0.008385,0.002044,0.000000,0.000000,0.000000,0.000000,0.000000,0.000000,0.000000,0.000000,0.000000,0.000000,0.000000,0.000000,0.000000,0.000000,63907577856.000000,22935.535156,21785.435547,2291666432.000000,15578.969727,781.205505
1,2008,ANNUAL_DELTA,0.029849,0.000000,0.000000,0.000000,1.300386,0.057932,0.062485,0.281218,-0.305497,-0.007878,-0.002245,-0.800757,0.014597,-0.057311,-0.020889,-0.008114,-0.427623,-0.386503,-2.250566,-1.375232,-0.786932,-0.394020,-0.195145,-0.099526,0.000374,0.000000,0.000000,0.000000,8.587891,5.232422,2.959961,0.128082,5.400391,2.561035,0.372360,-0.033264,-0.025932,0.000000,8.420410,7.219849,9.159180,-0.761475,-2.482361,0.366547,1.170464,0.000000,3.906921,1.407593,2.853500,0.000000,153.408203,174.367188,-12.578613,-3.725098,-4.967896,2.023846,-0.000118,0.106553,4.041767,0.000000,0.000000,-0.001356,-0.000020,-0.001336,-0.534458,0.002387,0.002387,-0.125918,0.000000,0.000049,0.000000,-0.000000,0.000000,-0.000054,0.000000,-0.001912,0.000049,0.000000,0.000000,-0.406628,0.000000,0.000000,0.000000,0.000000,0.000000,0.000000,0.000000,0.000000,0.000000,0.000000,0.000000,0.000000,0.000000,0.000000,0.000000,-2264.921875,-0.015180,-0.000772,0.000000,0.000000,0.000000,824586.000000,5.526726,0.281094,-40.276855,-0.000270,-0.000014,7638.218750,0.051195,0.002604,267476.000000,1.792736,0.091180,0.000000,0.000000,0.000000,0.000000,0.000000,0.000000,0.000000,0.000000,0.000000,1.682068,0.000011,0.000001,-0.007390,-0.000000,-0.000000,-14.607258,-0.000098,-0.000005,-527.320251,-0.003534,-0.000180,0.000000,0.000000,0.000000,0.000000,0.000000,0.000000,0.000000,0.000000,0.000000,0.000000,0.000000,0.000000,0.000000,0.000000,21413888.000000,17.542969,7.298828,15015936.000000,12.308594,5.119141,6351872.000000,5.205566,2.165527,0.000000,0.000000,0.000000,0.000000,0.000000,0.000000,18881536.000000,15.471680,6.436523,16900352.000000,13.848145,5.761108,204528.000000,0.167591,0.069721,-56.459961,-0.000046,-0.000019,172321.500000,0.141201,0.058743,7443344.000000,6.099098,2.537357,-4373176.000000,-3.583395,-1.490771,-33263.691406,-0.027256,-0.011339,-33263.527344,-0.027256,-0.011339,9.895538,0.000008,0.000003,-0.019456,-0.000000,-0.000000,-80.164749,-0.000066,-0.000027,-2622.712891,-0.002149,-0.000894,0.000000,0.000000,0.000000,0.000000,0.000000,0.000000,0.000000,0.000000,0.000000,0.000000,0.000000,0.000000,0.000000,0.000000,983536.000000,6.686188,0.335278,273750.000000,1.860979,0.093319,709728.000000,4.824799,0.241940,0.000000,0.000000,0.000000,0.000000,0.000000,0.000000,-214236.000000,-1.456390,-0.073032,-981288.000000,-6.670898,-0.334511,350822.500000,2.384926,0.119592,22.151123,0.000151,0.000008,17631.812500,0.119863,0.006011,450385.000000,3.061768,0.153532,622749.875000,4.233514,0.212289,8938.583008,0.060765,0.003047,8938.580078,0.060765,0.003047,-7.082611,-0.000048,-0.000002,-0.001964,-0.000000,-0.000000,-7.644426,-0.000052,-0.000003,-281.681641,-0.001915,-0.000096,0.000000,0.000000,0.000000,0.000000,0.000000,0.000000,0.000000,0.000000,0.000000,0.000000,0.000000,0.000000,0.000000,0.000000,0.000000,0.000000,0.000000,0.000000,0.000000,0.000000,0.000000,0.000000,0.000000,0.000000,0.000000,0.000000,0.000000,0.000000,0.000000,-10576.312500,-0.015074,-0.003605,0.000000,0.000000,0.000000,4211136.000000,6.002182,1.435535,-214.459961,-0.000306,-0.000073,51717.500000,0.073714,0.017630,1462472.000000,2.084476,0.498541,0.000000,0.000000,0.000000,0.000000,0.000000,0.000000,0.000000,0.000000,0.000000,213.812988,0.000305,0.000073,-0.074807,-0.000000,-0.000000,-45.266983,-0.000065,-0.000015,-1733.883789,-0.002471,-0.000591,0.000000,0.000000,0.000000,0.000000,0.000000,0.000000,0.000000,0.000000,0.000000,0.000000,0.000000,0.000000,0.000000,0.000000,2632000.000000,3.680145,0.897232,959419.232838,1.341470,0.327056,1672384.000000,2.338379,0.570107,0.000000,0.000000,0.000000,0.000000,0.000000,0.000000,6024080.000000,8.422943,2.053551,5258624.000000,7.352722,1.792618,347047.000000,0.485247,0.118305,-57.463379,-0.000080,-0.000020,63369.000000,0.088603,0.021602,2232468.000000,3.121460,0.761024,2182590.750000,3.051721,0.744023,31327.398438,0.043802,0.010679,31327.445313,0.043802,0.010679,-75.452637,-0.000105,-0.000026,-0.007309,-0.000000,-0.000000,-9.353302,-0.000013,-0.000003,-444.136230,-0.000621,-0.000151,0.000000,0.000000,0.000000,0.000000,0.000000,0.000000,0.000000,0.000000,0.000000,0.000000,0.000000,0.000000,0.000000,0.000000,442105856.000000,158.664063,150.708984,7956224.000000,54.086914,2.712158
1,2008,MIN_VALUE,0.000000,0.000000,0.000000,0.000000,0.000000,0.103854,0.000064,0.053670,0.033046,0.001921,0.002931,0.200130,0.088282,0.075418,0.040585,0.060484,1.245469,0.756391,-5.000000,-1.345603,2.813177,5.084195,6.426438,7.175287,0.000000,0.000000,0.000000,0.000000,17585.119141,14376.764648,3208.643311,276.937775,14099.953125,2887.037598,249.841873,51.713196,20.034037,0.000000,4341.421875,1304.600464,473.712585,3867.556396,608.514221,206.805893,107.870529,0.000000,240.800873,72.989937,67.256088,0.000000,22413.166016,17477.750000,2453.073975,1497.031250,965.277954,49.328934,0.011112,3.499267,63.925144,0.000000,0.000000,0.008413,0.000126,0.008287,0.000000,0.000000,0.000000,0.518761,0.000000,0.000430,0.000000,0.000000,0.000000,0.000039,0.000000,0.001050,0.000430,0.000000,0.000000,-1.091654,596800.000000,4.000000,0.203443,298400.000000,2.000000,0.101721,298400.000000,2.000000,0.101721,0.000000,0.000000,0.000000,0.000000,0.000000,0.000000,188515.515625,1.263509,0.064263,298400.000000,2.000000,0.101721,18775308.000000,125.839867,6.400310,1969.943848,0.013203,0.000672,417310.687500,2.796988,0.142257,-6602162.500000,-44.250420,-2.250609,0.000000,0.000000,0.000000,0.000000,0.000000,0.000000,0.000000,0.000000,0.000000,170.159546,0.001140,0.000058,0.020149,0.000000,0.000000,8.381494,0.000056,0.000003,115.681519,0.000775,0.000039,0.000000,0.000000,0.000000,0.000000,0.000000,0.000000,0.000000,0.000000,0.000000,0.000000,0.000000,0.000000,0.000000,0.000000,51196203008.000000,41950.347656,17452.259766,42172231680.000000,34556.070313,14376.080078,9024276480.000000,7394.522949,3076.282959,0.000000,0.000000,0.000000,0.000000,0.000000,0.000000,12427884544.000000,10183.452148,4236.538086,3388442368.000000,2776.501465,1155.085205,10734551.000000,8.795928,3.659298,9225.053711,0.007559,0.003145,4552527.500000,3.730357,1.551910,153252064.000000,125.575272,52.242054,0.000000,0.000000,0.000000,0.000000,0.000000,0.000000,0.000000,0.000000,0.000000,34.596931,0.000028,0.000012,0.154683,0.000000,0.000000,18.900698,0.000015,0.000006,880.937195,0.000722,0.000300,0.000000,0.000000,0.000000,0.000000,0.000000,0.000000,0.000000,0.000000,0.000000,0.000000,0.000000,0.000000,0.000000,0.000000,72089600.000000,490.072052,24.574604,1680541.625000,11.424484,0.572879,70409064.000000,478.647614,24.001726,0.000000,0.000000,0.000000,0.000000,0.000000,0.000000,36101328.000000,245.420319,12.306572,57998532.000000,394.279602,19.771103,5212552.500000,35.435432,1.776906,2462.864990,0.016743,0.000840,571831.500000,3.887366,0.194931,11514931.000000,78.279617,3.925322,0.000000,0.000000,0.000000,0.000000,0.000000,0.000000,0.000000,0.000000,0.000000,0.754551,0.000005,0.000000,0.003470,0.000000,0.000000,0.146853,0.000001,0.000000,5.100199,0.000035,0.000002,0.000000,0.000000,0.000000,0.000000,0.000000,0.000000,0.000000,0.000000,0.000000,0.000000,0.000000,0.000000,0.000000,0.000000,2806400.000000,4.000000,0.956673,1403200.000000,2.000000,0.478336,1403200.000000,2.000000,0.478336,0.000000,0.000000,0.000000,0.000000,0.000000,0.000000,877268.437500,1.250383,0.299052,1403200.000000,2.000000,0.478336,97049088.000000,138.325378,33.083038,12462.958984,0.017764,0.004248,2334567.250000,3.327490,0.795830,-36338436.000000,-51.793663,-12.387399,0.000000,0.000000,0.000000,0.000000,0.000000,0.000000,0.000000,0.000000,0.000000,1011.612915,0.001442,0.000345,0.159588,0.000000,0.000000,45.538151,0.000065,0.000016,525.988953,0.000750,0.000179,0.000000,0.000000,0.000000,0.000000,0.000000,0.000000,0.000000,0.000000,0.000000,0.000000,0.000000,0.000000,0.000000,0.000000,316481760.000000,442.508026,107.885376,14.971574,0.000021,0.000005,316481728.000000,442.507996,107.885368,0.000000,0.000000,0.000000,0.000000,0.000000,0.000000,207651664.000000,290.340698,70.786316,327853984.000000,458.408813,111.762047,10884252.000000,15.218473,3.710330,6438.153809,0.009002,0.002195,2382167.000000,3.330770,0.812056,65093268.000000,91.014076,22.189627,0.000000,0.000000,0.000000,0.000000,0.000000,0.000000,0.000000,0.000000,0.000000,43.579025,0.000061,0.000015,0.071421,0.000000,0.000000,39.000172,0.000055,0.000013,1378.017944,0.001927,0.000470,0.000000,0.000000,0.000000,0.000000,0.000000,0.000000,0.000000,0.000000,0.000000,0.000000,0.000000,0.000000,0.000000,0.000000,63465472000.000000,22776.871094,21634.726563,2283710208.000000,15524.882813,778.493347
1,2008,MIN_VALUE_JDAY,1.000000,1.000000,1.000000,1.000000,1.000000,304.000000,274.000000,304.000000,231.000000,310.000000,363.000000,230.000000,230.000000,231.000000,307.000000,308.000000,355.000000,355.000000,355.000000,355.000000,357.000000,357.000000,357.000000,357.000000,1.000000,1.000000,1.000000,1.000000,1.000000,1.000000,1.000000,1.000000,1.000000,1.000000,1.000000,366.000000,366.000000,1.000000,348.000000,262.000000,337.000000,349.000000,262.000000,262.000000,349.000000,1.000000,262.000000,262.000000,349.000000,1.000000,1.000000,1.000000,366.000000,366.000000,366.000000,179.000000,366.000000,1.000000,1.000000,1.000000,1.000000,357.000000,357.000000,357.000000,350.000000,350.000000,350.000000,355.000000,1.000000,231.000000,1.000000,304.000000,1.000000,231.000000,1.000000,231.000000,231.000000,1.000000,1.000000,264.000000,1.000000,1.000000,1.000000,1.000000,1.000000,1.000000,1.000000,1.000000,1.000000,1.000000,1.000000,1.000000,1.000000,1.000000,1.000000,366.000000,366.000000,366.000000,1.000000,1.000000,1.000000,54.000000,54.000000,54.000000,366.000000,366.000000,366.000000,134.000000,134.000000,134.000000,1.000000,1.000000,1.000000,1.000000,1.000000,1.000000,1.000000,1.000000,1.000000,1.000000,1.000000,1.000000,232.000000,232.000000,232.000000,307.000000,307.000000,307.000000,232.000000,232.000000,232.000000,233.000000,233.000000,233.000000,1.000000,1.000000,1.000000,1.000000,1.000000,1.000000,1.000000,1.000000,1.000000,1.000000,1.000000,1.000000,1.000000,1.000000,1.000000,1.000000,1.000000,1.000000,1.000000,1.000000,1.000000,1.000000,1.000000,1.000000,1.000000,1.000000,1.000000,1.000000,1.000000,349.000000,349.000000,349.000000,349.000000,349.000000,349.000000,139.000000,139.000000,139.000000,349.000000,349.000000,349.000000,1.000000,1.000000,1.000000,31.000000,31.000000,31.000000,350.000000,350.000000,350.000000,350.000000,350.000000,350.000000,350.000000,350.000000,350.000000,231.000000,231.000000,231.000000,312.000000,312.000000,312.000000,213.000000,213.000000,213.000000,213.000000,213.000000,213.000000,1.000000,1.000000,1.000000,1.000000,1.000000,1.000000,1.000000,1.000000,1.000000,1.000000,1.000000,1.000000,1.000000,1.000000,1.000000,1.000000,1.000000,1.000000,1.000000,1.000000,1.000000,1.000000,1.000000,1.000000,1.000000,1.000000,1.000000,1.000000,1.000000,262.000000,262.000000,262.000000,262.000000,262.000000,262.000000,187.000000,187.000000,187.000000,198.000000,198.000000,198.000000,124.000000,124.000000,124.000000,125.000000,125.000000,125.000000,1.000000,1.000000,1.000000,1.000000,1.000000,1.000000,1.000000,1.000000,1.000000,264.000000,264.000000,264.000000,308.000000,308.000000,308.000000,264.000000,264.000000,264.000000,264.000000,264.000000,264.000000,1.000000,1.000000,1.000000,1.000000,1.000000,1.000000,1.000000,1.000000,1.000000,1.000000,1.000000,1.000000,1.000000,1.000000,1.000000,1.000000,1.000000,1.000000,1.000000,1.000000,1.000000,1.000000,1.000000,1.000000,1.000000,1.000000,1.000000,1.000000,1.000000,366.000000,366.000000,366.000000,1.000000,1.000000,1.000000,52.000000,52.000000,52.000000,366.000000,366.000000,366.000000,1.000000,1.000000,1.000000,1.000000,1.000000,1.000000,1.000000,1.000000,1.000000,1.000000,1.000000,1.000000,1.000000,1.000000,1.000000,230.000000,230.000000,230.000000,305.000000,305.000000,305.000000,231.000000,231.000000,231.000000,231.000000,231.000000,231.000000,1.000000,1.000000,1.000000,1.000000,1.000000,1.000000,1.000000,1.000000,1.000000,1.000000,1.000000,1.000000,1.000000,1.000000,1.000000,1.000000,1.000000,365.000000,365.000000,365.000000,1.000000,1.000000,1.000000,1.000000,1.000000,1.000000,1.000000,1.000000,1.000000,152.000000,152.000000,152.000000,262.000000,262.000000,262.000000,262.000000,262.000000,262.000000,262.000000,262.000000,262.000000,1.000000,1.000000,1.000000,1.000000,1.000000,1.000000,1.000000,1.000000,1.000000,1.000000,1.000000,1.000000,1.000000,1.000000,1.000000,231.000000,231.000000,231.000000,304.000000,304.000000,304.000000,276.000000,276.000000,276.000000,304.000000,304.000000,304.000000,1.000000,1.000000,1.000000,1.000000,1.000000,1.000000,1.000000,1.000000,1.000000,1.000000,1.000000,1.000000,1.000000,1.000000,1.000000,1.000000,1.000000,1.000000,1.000000,1.000000
1,2008,MAX_VALUE,0.748215,8.902557,22.601736,17.805115,31.191711,2.942782,1.549862,1.057764,0.849006,0.012717,0.006340,3.731868,0.252825,0.248900,0.073330,0.071733,9.542998,3.926939,25.250000,21.104925,15.523378,11.994974,10.269812,9.364257,0.005866,0.000000,0.000000,0.000000,17961.152344,14607.045898,3385.791504,358.479828,14265.886719,2942.353271,353.019989,65.957840,25.839779,0.000000,4561.683594,1454.568481,536.906128,4025.652344,647.706360,212.081360,109.918144,0.000000,327.532532,86.832863,72.984489,0.000000,22566.712891,17652.117188,2465.652588,1500.756348,970.245850,51.716808,0.011230,3.605820,67.966911,0.000000,0.000000,0.033918,0.000509,0.033410,6.618376,0.085926,0.085926,2.014984,0.000000,0.002536,0.000000,0.000000,0.000000,0.000382,0.000000,0.012617,0.002536,0.000000,0.000000,5.089463,596800.000000,4.000000,0.203443,298400.000000,2.000000,0.101721,298400.000000,2.000000,0.101721,0.000000,0.000000,0.000000,0.000000,0.000000,0.000000,190780.437500,1.278689,0.065035,298400.000000,2.000000,0.101721,19773982.000000,132.533386,6.740747,2010.220703,0.013473,0.000685,427509.312500,2.865344,0.145734,-6334686.500000,-42.457684,-2.159430,0.000000,0.000000,0.000000,0.000000,0.000000,0.000000,0.000000,0.000000,0.000000,982.876221,0.006588,0.000335,0.039244,0.000000,0.000000,61.830235,0.000414,0.000021,1137.583008,0.007625,0.000388,0.000000,0.000000,0.000000,0.000000,0.000000,0.000000,0.000000,0.000000,0.000000,0.000000,0.000000,0.000000,0.000000,0.000000,52129824768.000000,42715.359375,17770.521484,42838540288.000000,35102.050781,14603.218750,9291366400.000000,7613.377930,3167.331299,0.000000,0.000000,0.000000,0.000000,0.000000,0.000000,13066559488.000000,10706.784180,4454.255859,3641037568.000000,2983.478760,1241.192261,11762609.000000,9.638322,4.009752,9287.023438,0.007610,0.003166,4724849.000000,3.871557,1.610652,161200832.000000,132.088516,54.951706,9250284.000000,7.579714,3.153327,70360.265625,0.057653,0.023985,70360.140625,0.057653,0.023985,509.841583,0.000418,0.000174,0.177230,0.000000,0.000000,466.608948,0.000382,0.000159,21203.250000,0.017374,0.007228,0.000000,0.000000,0.000000,0.000000,0.000000,0.000000,0.000000,0.000000,0.000000,0.000000,0.000000,0.000000,0.000000,0.000000,123670040.000000,840.720825,42.157845,24354262.000000,165.562622,8.302117,99315568.000000,675.156799,33.855656,0.000000,0.000000,0.000000,0.000000,0.000000,0.000000,53834112.000000,365.969482,18.351496,79760144.000000,542.217163,27.189413,5716383.000000,38.860523,1.948656,2493.418457,0.016950,0.000850,593930.687500,4.037598,0.202465,12156025.000000,82.637833,4.143864,1734099.750000,11.788578,0.591137,24890.203125,0.169206,0.008485,24890.240234,0.169206,0.008485,212.625854,0.001445,0.000072,0.008651,0.000000,0.000000,59.840775,0.000407,0.000020,1710.370239,0.011627,0.000583,0.000000,0.000000,0.000000,0.000000,0.000000,0.000000,0.000000,0.000000,0.000000,0.000000,0.000000,0.000000,0.000000,0.000000,2806400.000000,4.000000,0.956673,1403200.000000,2.000000,0.478336,1403200.000000,2.000000,0.478336,0.000000,0.000000,0.000000,0.000000,0.000000,0.000000,887844.750000,1.265457,0.302657,1403200.000000,2.000000,0.478336,101968112.000000,145.336533,34.759880,12677.418945,0.018069,0.004322,2386284.750000,3.401204,0.813460,-34875964.000000,-49.709187,-11.888858,0.000000,0.000000,0.000000,0.000000,0.000000,0.000000,0.000000,0.000000,0.000000,5092.180664,0.007258,0.001736,0.328218,0.000000,0.000000,266.218628,0.000379,0.000091,4125.876465,0.005881,0.001406,0.000000,0.000000,0.000000,0.000000,0.000000,0.000000,0.000000,0.000000,0.000000,0.000000,0.000000,0.000000,0.000000,0.000000,656661632.000000,918.151001,223.849197,99095640.000000,138.556534,33.780685,603349248.000000,843.609131,205.675552,0.000000,0.000000,0.000000,0.000000,0.000000,0.000000,262077872.000000,366.439972,89.339653,545949376.000000,763.352051,186.108536,15022677.000000,21.004862,5.121076,6530.345215,0.009131,0.002226,2445536.000000,3.419374,0.833658,67329048.000000,94.140167,22.951780,13931934.000000,19.479774,4.749253,199969.796875,0.279600,0.068168,199970.671875,0.279601,0.068168,672.005981,0.000940,0.000229,0.091739,0.000000,0.000000,266.874115,0.000373,0.000091,8948.556641,0.012512,0.003050,0.000000,0.000000,0.000000,0.000000,0.000000,0.000000,3492109.500000,4.882703,1.190424,7152.000000,101893.687500,0.142469,0.034735,7152.000000,63908044800.000000,22935.703125,21785.595703,2291666432.000000,15578.969727,781.205505
1,2008,MAX_VALUE_JDAY,155.000000,356.000000,357.000000,362.000000,155.000000,14.000000,155.000000,363.000000,16.000000,23.000000,31.000000,15.000000,14.000000,16.000000,24.000000,21.000000,228.000000,181.000000,228.000000,228.000000,230.000000,230.000000,230.000000,230.000000,311.000000,1.000000,1.000000,1.000000,258.000000,349.000000,262.000000,182.000000,349.000000,262.000000,262.000000,338.000000,349.000000,1.000000,366.000000,366.000000,366.000000,1.000000,1.000000,366.000000,366.000000,1.000000,366.000000,366.000000,366.000000,1.000000,347.000000,366.000000,1.000000,1.000000,1.000000,365.000000,1.000000,366.000000,366.000000,1.000000,1.000000,233.000000,233.000000,233.000000,155.000000,155.000000,155.000000,237.000000,1.000000,15.000000,1.000000,16.000000,1.000000,15.000000,1.000000,15.000000,15.000000,1.000000,1.000000,155.000000,1.000000,1.000000,1.000000,1.000000,1.000000,1.000000,1.000000,1.000000,1.000000,1.000000,1.000000,1.000000,1.000000,1.000000,1.000000,1.000000,1.000000,1.000000,1.000000,1.000000,1.000000,349.000000,349.000000,349.000000,1.000000,1.000000,1.000000,365.000000,365.000000,365.000000,366.000000,366.000000,366.000000,1.000000,1.000000,1.000000,1.000000,1.000000,1.000000,1.000000,1.000000,1.000000,16.000000,16.000000,16.000000,16.000000,16.000000,16.000000,16.000000,16.000000,16.000000,17.000000,17.000000,17.000000,1.000000,1.000000,1.000000,1.000000,1.000000,1.000000,1.000000,1.000000,1.000000,1.000000,1.000000,1.000000,1.000000,1.000000,349.000000,349.000000,349.000000,349.000000,349.000000,349.000000,349.000000,349.000000,349.000000,1.000000,1.000000,1.000000,1.000000,1.000000,1.000000,366.000000,366.000000,366.000000,366.000000,366.000000,366.000000,308.000000,308.000000,308.000000,1.000000,1.000000,1.000000,366.000000,366.000000,366.000000,360.000000,360.000000,360.000000,317.000000,317.000000,317.000000,317.000000,317.000000,317.000000,317.000000,317.000000,317.000000,15.000000,15.000000,15.000000,1.000000,1.000000,1.000000,15.000000,15.000000,15.000000,15.000000,15.000000,15.000000,1.000000,1.000000,1.000000,1.000000,1.000000,1.000000,1.000000,1.000000,1.000000,1.000000,1.000000,1.000000,1.000000,1.000000,262.000000,262.000000,262.000000,262.000000,262.000000,262.000000,262.000000,262.000000,262.000000,1.000000,1.000000,1.000000,1.000000,1.000000,1.000000,1.000000,1.000000,1.000000,1.000000,1.000000,1.000000,139.000000,139.000000,139.000000,143.000000,143.000000,143.000000,359.000000,359.000000,359.000000,359.000000,359.000000,359.000000,155.000000,155.000000,155.000000,155.000000,155.000000,155.000000,155.000000,155.000000,155.000000,15.000000,15.000000,15.000000,40.000000,40.000000,40.000000,15.000000,15.000000,15.000000,15.000000,15.000000,15.000000,1.000000,1.000000,1.000000,1.000000,1.000000,1.000000,1.000000,1.000000,1.000000,1.000000,1.000000,1.000000,1.000000,1.000000,1.000000,1.000000,1.000000,1.000000,1.000000,1.000000,1.000000,1.000000,1.000000,1.000000,1.000000,1.000000,1.000000,1.000000,1.000000,1.000000,1.000000,1.000000,1.000000,1.000000,1.000000,347.000000,347.000000,347.000000,1.000000,1.000000,1.000000,366.000000,366.000000,366.000000,366.000000,366.000000,366.000000,1.000000,1.000000,1.000000,1.000000,1.000000,1.000000,1.000000,1.000000,1.000000,15.000000,15.000000,15.000000,16.000000,16.000000,16.000000,15.000000,15.000000,15.000000,17.000000,17.000000,17.000000,1.000000,1.000000,1.000000,1.000000,1.000000,1.000000,1.000000,1.000000,1.000000,1.000000,1.000000,1.000000,1.000000,1.000000,258.000000,258.000000,258.000000,182.000000,182.000000,182.000000,262.000000,262.000000,262.000000,1.000000,1.000000,1.000000,1.000000,1.000000,1.000000,259.000000,259.000000,259.000000,365.000000,365.000000,365.000000,140.000000,140.000000,140.000000,140.000000,140.000000,140.000000,366.000000,366.000000,366.000000,308.000000,308.000000,308.000000,148.000000,148.000000,148.000000,148.000000,148.000000,148.000000,148.000000,148.000000,148.000000,15.000000,15.000000,15.000000,15.000000,15.000000,15.000000,15.000000,15.000000,15.000000,15.000000,15.000000,15.000000,1.000000,1.000000,1.000000,1.000000,1.000000,1.000000,122.000000,122.000000,122.000000,122.000000,183.000000,183.000000,183.000000,61.000000,347.000000,347.000000,347.000000,366.000000,366.000000,366.000000
1,2008,ANNUAL_SUM,18.019730,22.603433,158.107572,22.603701,752.063641,204.339531,40.264275,78.121620,64.567157,1.886582,1.480168,441.054381,57.675725,51.879052,21.015385,23.775845,1510.925419,737.695884,4004.752050,3726.722928,3473.280448,3236.436069,3125.913282,3069.962325,0.193793,0.000000,0.000000,0.000000,6522030.957031,5314129.638672,1207967.561768,118536.532928,5195564.780273,1066870.636719,110239.391571,22286.722000,8576.774811,0.000000,1626575.488281,500985.527832,181383.791718,1445240.475098,229384.708801,76322.696198,39626.206100,0.000000,102277.015823,28291.116325,25082.884834,0.000000,8228873.517578,6426266.126953,900169.134277,548600.229980,354207.062927,18401.110588,4.085102,1299.376252,24134.607204,0.000000,0.000000,7.140456,0.107107,7.033349,512.774081,5.202731,5.202729,403.390267,0.000000,0.354177,0.000000,0.000060,0.000000,0.039320,0.000000,1.145822,0.354237,0.000000,0.000000,108.237994,218428800.000000,1464.000000,74.460135,109214400.000000,732.000000,37.230067,109214400.000000,732.000000,37.230067,0.000000,0.000000,0.000000,0.000000,0.000000,0.000000,69435106.687500,465.382753,23.669714,109214400.000000,732.000000,37.230067,7023392866.000000,47073.678772,2394.202448,727423.133423,4.875490,0.247971,154145156.625000,1033.144481,52.546500,-2356747785.000000,-15795.896603,-803.391094,0.000000,0.000000,0.000000,0.000000,0.000000,0.000000,0.000000,0.000000,0.000000,133879.706192,0.897317,0.045638,9.335755,0.000063,0.000003,7373.635943,0.049421,0.002514,114724.461914,0.768931,0.039108,0.000000,0.000000,0.000000,0.000000,0.000000,0.000000,0.000000,0.000000,0.000000,0.000000,0.000000,0.000000,0.000000,0.000000,18934182162432.000000,15514734.675781,6454468.095703,15575145934848.000000,12762328.671875,5309407.155273,3359055687680.000000,2752421.900879,1145067.559570,0.000000,0.000000,0.000000,0.000000,0.000000,0.000000,4665591268352.000000,3823001.694336,1590452.110840,1281072850176.000000,1049715.542969,436704.567505,4088466340.000000,3350.103512,1393.716151,3382320.750000,2.771485,1.152998,1696511877.500000,1390.127722,578.323461,57474280768.000000,47094.625519,19592.391655,937956767.968750,768.565033,319.739822,7134377.439453,5.845934,2.432036,7134377.406494,5.845934,2.432036,45543.050274,0.037318,0.015525,59.249540,0.000049,0.000020,34401.199520,0.028188,0.011727,1550176.190125,1.270220,0.528439,0.000000,0.000000,0.000000,0.000000,0.000000,0.000000,0.000000,0.000000,0.000000,0.000000,0.000000,0.000000,0.000000,0.000000,34033253440.000000,231361.340881,11601.586323,3968787183.000000,26980.198466,1352.918761,30064454440.000000,204381.063507,10248.663511,0.000000,0.000000,0.000000,0.000000,0.000000,0.000000,16621930844.000000,112997.490387,5666.245390,25030526792.000000,170159.937164,8532.649290,1984755430.000000,13492.559002,676.582728,906183.619873,6.160324,0.308909,211960550.062500,1440.928283,72.255173,4297460506.000000,29214.551491,1464.960123,52203041.984863,354.881317,17.795480,749290.103104,5.093746,0.255425,749290.018997,5.093746,0.255425,18155.470469,0.123423,0.006189,1.890561,0.000013,0.000001,4596.033163,0.031244,0.001567,125626.609121,0.854022,0.042825,0.000000,0.000000,0.000000,0.000000,0.000000,0.000000,0.000000,0.000000,0.000000,0.000000,0.000000,0.000000,0.000000,0.000000,1027142400.000000,1464.000000,350.142284,513571200.000000,732.000000,175.071142,513571200.000000,732.000000,175.071142,0.000000,0.000000,0.000000,0.000000,0.000000,0.000000,323145725.437500,460.583986,110.157057,513571200.000000,732.000000,175.071142,36281815048.000000,51712.963257,12368.097858,4596298.332031,6.551166,1.566831,862605095.750000,1229.482750,294.053211,-12930209516.000000,-18429.602997,-4407.775515,0.000000,0.000000,0.000000,0.000000,0.000000,0.000000,0.000000,0.000000,0.000000,763218.194214,1.087825,0.260173,76.894520,0.000110,0.000026,36358.235432,0.051822,0.012394,469442.194824,0.669102,0.160028,0.000000,0.000000,0.000000,0.000000,0.000000,0.000000,0.000000,0.000000,0.000000,0.000000,0.000000,0.000000,0.000000,0.000000,163734010624.000000,228934.574127,55815.240959,9771567477.453693,13662.706141,3331.026914,153962433184.000000,215271.856598,52484.211052,0.000000,0.000000,0.000000,0.000000,0.000000,0.000000,89162743728.000000,124668.265594,30394.662979,162916478592.000000,227791.496613,55536.552902,4601407171.000000,6433.734862,1568.572415,2372228.875000,3.316875,0.808668,886518378.250000,1239.539118,302.205003,24314186316.000000,33996.345436,8288.456213,514062874.740445,718.768001,175.238751,7378541.834553,10.316753,2.515269,7378542.115803,10.316754,2.515269,78182.851822,0.109316,0.026652,28.643797,0.000040,0.000010,32616.112801,0.045604,0.011118,1101299.931274,1.539849,0.375422,0.000000,0.000000,0.000000,0.000000,0.000000,0.000000,13968438.000000,19.530813,4.761697,28608.000000,610830.640625,0.854070,0.208226,100128.000000,23302166241280.000000,8362821.646484,7943468.972656,837290970368.000000,5691984.854492,285423.886963
1,2008,ANNUAL_AVERAGE,0.049234,0.061758,0.431988,0.061759,2.054819,0.558305,0.110012,0.213447,0.176413,0.005155,0.004044,1.205067,0.157584,0.141746,0.057419,0.064961,4.128212,2.015563,10.941945,10.182303,9.489837,8.842722,8.540747,8.387875,0.000529,0.000000,0.000000,0.000000,17819.756713,14519.479887,3300.457819,323.870309,14195.532187,2914.947095,301.200523,60.892683,23.433811,0.000000,4444.195323,1368.812918,495.584130,3948.744467,626.734177,208.531957,108.268323,0.000000,279.445398,77.298132,68.532472,0.000000,22483.260977,17558.104172,2459.478509,1498.907732,967.778860,50.276258,0.011161,3.550208,65.941550,0.000000,0.000000,0.019509,0.000293,0.019217,1.401022,0.014215,0.014215,1.102159,0.000000,0.000968,0.000000,0.000000,0.000000,0.000107,0.000000,0.003131,0.000968,0.000000,0.000000,0.295732,596800.000000,4.000000,0.203443,298400.000000,2.000000,0.101721,298400.000000,2.000000,0.101721,0.000000,0.000000,0.000000,0.000000,0.000000,0.000000,189713.406250,1.271538,0.064671,298400.000000,2.000000,0.101721,19189597.994536,128.616609,6.541537,1987.494900,0.013321,0.000678,421161.630123,2.822799,0.143570,-6439201.598361,-43.158187,-2.195058,0.000000,0.000000,0.000000,0.000000,0.000000,0.000000,0.000000,0.000000,0.000000,365.791547,0.002452,0.000125,0.025508,0.000000,0.000000,20.146546,0.000135,0.000007,313.454814,0.002101,0.000107,0.000000,0.000000,0.000000,0.000000,0.000000,0.000000,0.000000,0.000000,0.000000,0.000000,0.000000,0.000000,0.000000,0.000000,51732738148.721310,42389.985453,17635.158731,42555043537.836070,34869.750470,14506.576927,9177747780.546448,7520.278418,3128.599890,0.000000,0.000000,0.000000,0.000000,0.000000,0.000000,12747517126.644808,10445.359821,4345.497571,3500199044.196721,2868.075254,1193.181878,11170673.060109,9.153288,3.807968,9241.313525,0.007572,0.003150,4635278.353825,3.798163,1.580119,157033554.010929,128.673840,53.531125,2562723.409751,2.099904,0.873606,19492.834534,0.015972,0.006645,19492.834444,0.015972,0.006645,124.434564,0.000102,0.000042,0.161884,0.000000,0.000000,93.992348,0.000077,0.000032,4235.454071,0.003471,0.001444,0.000000,0.000000,0.000000,0.000000,0.000000,0.000000,0.000000,0.000000,0.000000,0.000000,0.000000,0.000000,0.000000,0.000000,92987031.256831,632.134811,31.698323,10843680.827869,73.716389,3.696499,82143318.142077,558.418206,28.001813,0.000000,0.000000,0.000000,0.000000,0.000000,0.000000,45415111.595628,308.736313,15.481545,68389417.464481,464.917861,23.313249,5422829.043716,36.864915,1.848587,2475.911530,0.016831,0.000844,579127.185963,3.936963,0.197419,11741695.371585,79.821179,4.002623,142631.262254,0.969621,0.048622,2047.240719,0.013917,0.000698,2047.240489,0.013917,0.000698,49.605111,0.000337,0.000017,0.005165,0.000000,0.000000,12.557468,0.000085,0.000004,343.242101,0.002333,0.000117,0.000000,0.000000,0.000000,0.000000,0.000000,0.000000,0.000000,0.000000,0.000000,0.000000,0.000000,0.000000,0.000000,0.000000,2806400.000000,4.000000,0.956673,1403200.000000,2.000000,0.478336,1403200.000000,2.000000,0.478336,0.000000,0.000000,0.000000,0.000000,0.000000,0.000000,882911.818135,1.258426,0.300976,1403200.000000,2.000000,0.478336,99130642.207650,141.292249,33.792617,12558.192164,0.017899,0.004281,2356844.523907,3.359242,0.803424,-35328441.300546,-50.354107,-12.043102,0.000000,0.000000,0.000000,0.000000,0.000000,0.000000,0.000000,0.000000,0.000000,2085.295613,0.002972,0.000711,0.210094,0.000000,0.000000,99.339441,0.000142,0.000034,1282.628948,0.001828,0.000437,0.000000,0.000000,0.000000,0.000000,0.000000,0.000000,0.000000,0.000000,0.000000,0.000000,0.000000,0.000000,0.000000,0.000000,447360684.765027,625.504301,152.500658,26698271.796322,37.329798,9.101166,420662385.748634,588.174472,143.399484,0.000000,0.000000,0.000000,0.000000,0.000000,0.000000,243614053.901639,340.623676,83.045527,445126990.688525,622.381138,151.739216,12572150.740437,17.578511,4.285717,6481.499658,0.009062,0.002209,2422181.361339,3.386719,0.825697,66432203.049180,92.886190,22.646055,1404543.373608,1.963847,0.478794,20159.950368,0.028188,0.006872,20159.951136,0.028188,0.006872,213.614349,0.000299,0.000073,0.078262,0.000000,0.000000,89.115062,0.000125,0.000030,3009.016206,0.004207,0.001026,0.000000,0.000000,0.000000,0.000000,0.000000,0.000000,38165.131148,0.053363,0.013010,78.163934,1668.936177,0.002334,0.000569,273.573770,63667120877.814210,22849.239471,21703.467138,2287680246.907104,15551.871187,779.846686
1,2008,DAY_COUNT,366,366,366,366,366,366,366,366,366,366,366,366,366,366,366,366,366,366,366,366,366,366,366,366,366,366,366,366,366,366,366,366,366,366,366,366,366,366,366,366,366,366,366,366,366,366,366,366,366,366,366,366,366,366,366,366,366,366,366,366,366,366,366,366,366,366,366,366,366,366,366,366,366,366,366,366,366,366,366,366,366,366,366,366,366,366,366,366,366,366,366,366,366,366,366,366,366,366,366,366,366,366,366,366,366,366,366,366,366,366,366,366,366,366,366,366,366,366,366,366,366,366,366,366,366,366,366,366,366,366,366,366,366,366,366,366,366,366,366,366,366,366,366,366,366,366,366,366,366,366,366,366,366,366,366,366,366,366,366,366,366,366,366,366,366,366,366,366,366,366,366,366,366,366,366,366,366,366,366,366,366,366,366,366,366,366,366,366,366,366,366,366,366,366,366,366,366,366,366,366,366,366,366,366,366,366,366,366,366,366,366,366,366,366,366,366,366,366,366,366,366,366,366,366,366,366,366,366,366,366,366,366,366,366,366,366,366,366,366,366,366,366,366,366,366,366,366,366,366,366,366,366,366,366,366,366,366,366,366,366,366,366,366,366,366,366,366,366,366,366,366,366,366,366,366,366,366,366,366,366,366,366,366,366,366,366,366,366,366,366,366,366,366,366,366,366,366,366,366,366,366,366,366,366,366,366,366,366,366,366,366,366,366,366,366,366,366,366,366,366,366,366,366,366,366,366,366,366,366,366,366,366,366,366,366,366,366,366,366,366,366,366,366,366,366,366,366,366,366,366,366,366,366,366,366,366,366,366,366,366,366,366,366,366,366,366,366,366,366,366,366,366,366,366,366,366,366,366,366,366,366,366,366,366,366,366,366,366,366,366,366,366,366,366,366,366,366,366,366,366,366,366,366,366,366,366,366,366,366,366,366,366,366,366,366,366,366,366,366,366,366,366,366,366,366,366
1,2009,INITIAL_VALUE,0.241002,0.000000,0.000000,0.000000,9.097361,1.752612,0.454786,0.686753,0.364544,0.002575,0.002952,2.202066,0.237059,0.182464,0.047492,0.062337,2.538637,1.704506,4.750000,3.873984,4.358244,5.894272,6.858669,7.414023,0.002206,0.000000,0.000000,0.000000,17594.830078,14382.765625,3211.919678,277.282959,14105.924805,2889.685303,250.396576,51.763958,20.055498,0.000000,4561.175781,1454.179932,536.717468,4024.578613,645.122803,212.064941,109.916718,0.000000,327.323456,86.789230,72.979286,0.000000,22566.675781,17652.248047,2453.052979,1497.024902,965.267639,51.718258,0.011112,3.605965,67.974670,0.000000,0.000000,0.010634,0.000160,0.010475,1.111638,0.008455,0.008455,0.777173,0.000000,0.001919,0.000000,0.000000,0.000000,0.000226,0.000000,0.006999,0.001919,0.000000,0.000000,0.327467,596800.000000,4.000000,0.203443,298400.000000,2.000000,0.101721,298400.000000,2.000000,0.101721,0.000000,0.000000,0.000000,0.000000,0.000000,0.000000,188512.859375,1.263491,0.064262,298400.000000,2.000000,0.101721,19743554.000000,132.329437,6.730374,1969.813477,0.013203,0.000671,427484.718750,2.865179,0.145725,-6328953.000000,-42.419258,-2.157475,0.000000,0.000000,0.000000,0.000000,0.000000,0.000000,0.000000,0.000000,0.000000,765.485962,0.005131,0.000261,0.028697,0.000000,0.000000,36.685486,0.000246,0.000013,447.749390,0.003001,0.000153,0.000000,0.000000,0.000000,0.000000,0.000000,0.000000,0.000000,0.000000,0.000000,0.000000,0.000000,0.000000,0.000000,0.000000,51220922368.000000,41970.601563,17460.685547,42189512704.000000,34570.234375,14381.971680,9031561216.000000,7400.493164,3078.766602,0.000000,0.000000,0.000000,0.000000,0.000000,0.000000,13065322496.000000,10705.770508,4453.833984,3640443136.000000,2982.991699,1240.989624,11635123.000000,9.533860,3.966294,9230.593750,0.007564,0.003147,4725105.000000,3.871768,1.610740,161108336.000000,132.012726,54.920177,3260991.250000,2.672068,1.111638,24803.994141,0.020324,0.008455,24804.023438,0.020325,0.008455,326.514587,0.000268,0.000111,0.157771,0.000000,0.000000,241.628860,0.000198,0.000082,11396.902344,0.009339,0.003885,0.000000,0.000000,0.000000,0.000000,0.000000,0.000000,0.000000,0.000000,0.000000,0.000000,0.000000,0.000000,0.000000,0.000000,73073136.000000,496.758240,24.909882,1954291.625000,13.285463,0.666198,71118792.000000,483.472412,24.243666,0.000000,0.000000,0.000000,0.000000,0.000000,0.000000,53580124.000000,364.242859,18.264914,78707624.000000,535.062012,26.830620,5610172.000000,38.138489,1.912450,2487.405029,0.016910,0.000848,593577.125000,4.035194,0.202344,12145036.000000,82.563126,4.140118,0.000000,0.000000,0.000000,0.000000,0.000000,0.000000,0.000000,0.000000,0.000000,126.765823,0.000862,0.000043,0.004658,0.000000,0.000000,32.007191,0.000218,0.000011,872.140503,0.005929,0.000297,0.000000,0.000000,0.000000,0.000000,0.000000,0.000000,0.000000,0.000000,0.000000,0.000000,0.000000,0.000000,0.000000,0.000000,2806400.000000,4.000000,0.956673,1403200.000000,2.000000,0.478336,1403200.000000,2.000000,0.478336,0.000000,0.000000,0.000000,0.000000,0.000000,0.000000,877256.625000,1.250366,0.299048,1403200.000000,2.000000,0.478336,101804344.000000,145.103119,34.704056,12462.274414,0.017763,0.004248,2386297.750000,3.401222,0.813464,-34851268.000000,-49.673985,-11.880440,0.000000,0.000000,0.000000,0.000000,0.000000,0.000000,0.000000,0.000000,0.000000,4007.542480,0.005712,0.001366,0.219235,0.000000,0.000000,171.264465,0.000244,0.000058,1817.108887,0.002590,0.000619,0.000000,0.000000,0.000000,0.000000,0.000000,0.000000,0.000000,0.000000,0.000000,0.000000,0.000000,0.000000,0.000000,0.000000,319113760.000000,446.188171,108.782608,959436.937500,1.341495,0.327062,318154112.000000,444.846375,108.455475,0.000000,0.000000,0.000000,0.000000,0.000000,0.000000,260797728.000000,364.650055,88.903267,545028032.000000,762.063843,185.794464,12923565.000000,18.069860,4.405510,6449.154785,0.009017,0.002198,2445747.250000,3.419669,0.833730,67330064.000000,94.141586,22.952126,0.000000,0.000000,0.000000,0.000000,0.000000,0.000000,0.000000,0.000000,0.000000,402.257538,0.000562,0.000137,0.077378,0.000000,0.000000,180.946747,0.000253,0.000062,5997.198242,0.008385,0.002044,0.000000,0.000000,0.000000,0.000000,0.000000,0.000000,0.000000,0.000000,0.000000,0.000000,0.000000,0.000000,0.000000,0.000000,63907860480.000000,22935.636719,21785.533203,2291680512.000000,15579.064453,781.210266
1,2009,FINAL_VALUE,0.250217,0.000000,0.000000,0.000000,9.097361,1.363425,0.455605,0.273052,0.372332,0.007369,0.004851,2.044177,0.208338,0.215074,0.062379,0.065761,2.740824,1.888329,5.849365,4.621262,4.929918,6.189234,7.009153,7.493549,0.001989,0.000000,0.000000,0.000000,17603.771484,14389.028320,3214.881348,276.750244,14112.391602,2892.592041,250.464294,51.726883,20.035061,0.000000,4598.569824,1474.719116,552.113953,4046.615234,645.281128,212.931442,111.574623,0.000000,338.034393,89.631622,77.263916,0.000000,22713.078125,17819.927734,2440.505371,1493.710815,960.490601,53.596920,0.011016,3.715814,72.126411,0.000000,0.000000,0.011823,0.000177,0.011646,0.000000,0.000000,0.000000,0.891017,0.000000,0.001456,0.000000,0.000000,0.000000,0.000190,0.000000,0.005892,0.001456,0.000000,0.000000,-0.896908,596800.000000,4.000000,0.203443,298400.000000,2.000000,0.101721,298400.000000,2.000000,0.101721,0.000000,0.000000,0.000000,0.000000,0.000000,0.000000,186257.296875,1.248373,0.063493,298400.000000,2.000000,0.101721,20351566.000000,136.404602,6.937640,1932.688965,0.012954,0.000659,435976.218750,2.922093,0.148620,-5709937.500000,-38.270359,-1.946459,0.000000,0.000000,0.000000,0.000000,0.000000,0.000000,0.000000,0.000000,0.000000,583.865234,0.003913,0.000199,0.026886,0.000000,0.000000,35.415123,0.000237,0.000012,638.134033,0.004277,0.000218,0.000000,0.000000,0.000000,0.000000,0.000000,0.000000,0.000000,0.000000,0.000000,0.000000,0.000000,0.000000,0.000000,0.000000,51247337472.000000,41992.246094,17469.691406,42207985664.000000,34585.371094,14388.268555,9039419392.000000,7406.931641,3081.445068,0.000000,0.000000,0.000000,0.000000,0.000000,0.000000,13176117248.000000,10796.556641,4491.603027,3696498688.000000,3028.924072,1260.098389,11718698.000000,9.602342,3.994784,9190.399414,0.007531,0.003133,4868379.000000,3.989166,1.659580,166077840.000000,136.084763,56.614227,0.000000,0.000000,0.000000,0.000000,0.000000,0.000000,0.000000,0.000000,0.000000,205.265121,0.000168,0.000070,0.159312,0.000000,0.000000,202.134186,0.000166,0.000069,8887.533203,0.007282,0.003030,0.000000,0.000000,0.000000,0.000000,0.000000,0.000000,0.000000,0.000000,0.000000,0.000000,0.000000,0.000000,0.000000,0.000000,73469104.000000,499.450043,25.044861,1954291.625000,13.285463,0.666198,71514680.000000,486.163696,24.378620,0.000000,0.000000,0.000000,0.000000,0.000000,0.000000,51619132.000000,350.911835,17.596432,76061368.000000,517.072510,25.928539,6106140.500000,41.510132,2.081521,2521.198975,0.017139,0.000859,606690.312500,4.124340,0.206814,12458157.000000,84.691757,4.246858,0.000000,0.000000,0.000000,0.000000,0.000000,0.000000,0.000000,0.000000,0.000000,111.353386,0.000757,0.000038,0.005146,0.000000,0.000000,28.798315,0.000196,0.000010,835.489258,0.005680,0.000285,0.000000,0.000000,0.000000,0.000000,0.000000,0.000000,0.000000,0.000000,0.000000,0.000000,0.000000,0.000000,0.000000,0.000000,2806400.000000,4.000000,0.956673,1403200.000000,2.000000,0.478336,1403200.000000,2.000000,0.478336,0.000000,0.000000,0.000000,0.000000,0.000000,0.000000,866776.000000,1.235428,0.295475,1403200.000000,2.000000,0.478336,105227104.000000,149.981613,35.870838,12256.795898,0.017470,0.004178,2451629.250000,3.494340,0.835735,-31626022.000000,-45.077000,-10.780986,0.000000,0.000000,0.000000,0.000000,0.000000,0.000000,0.000000,0.000000,0.000000,2995.131836,0.004269,0.001021,0.232919,0.000000,0.000000,156.778656,0.000223,0.000053,2378.955566,0.003391,0.000811,0.000000,0.000000,0.000000,0.000000,0.000000,0.000000,0.000000,0.000000,0.000000,0.000000,0.000000,0.000000,0.000000,0.000000,318529568.000000,445.371338,108.583458,2162.822266,0.003024,0.000737,318527488.000000,445.368439,108.582748,0.000000,0.000000,0.000000,0.000000,0.000000,0.000000,261720256.000000,365.939941,89.217743,551826176.000000,771.569031,188.111862,13822456.000000,19.326700,4.711933,6416.144531,0.008971,0.002187,2537657.500000,3.548179,0.865061,70382704.000000,98.409813,23.992739,0.000000,0.000000,0.000000,0.000000,0.000000,0.000000,0.000000,0.000000,0.000000,376.536285,0.000526,0.000128,0.075441,0.000000,0.000000,135.127060,0.000189,0.000046,4542.674805,0.006352,0.001549,0.000000,0.000000,0.000000,0.000000,0.000000,0.000000,0.000000,0.000000,0.000000,0.000000,0.000000,0.000000,0.000000,0.000000,64330612736.000000,23087.357422,21929.644531,2299219456.000000,15630.315430,783.780273
1,2009,ANNUAL_DELTA,0.009215,0.000000,0.000000,0.000000,0.000000,-0.389186,0.000819,-0.413702,0.007789,0.004793,0.001899,-0.157889,-0.028721,0.032610,0.014887,0.003424,0.202186,0.183823,1.099365,0.747278,0.571674,0.294962,0.150484,0.079525,-0.000217,0.000000,0.000000,0.000000,8.941406,6.262695,2.961670,-0.532715,6.466797,2.906738,0.067719,-0.037075,-0.020437,0.000000,37.394043,20.539185,15.396484,22.036621,0.158325,0.866501,1.657906,0.000000,10.710938,2.842392,4.284630,0.000000,146.402344,167.679688,-12.547607,-3.314087,-4.777039,1.878662,-0.000096,0.109849,4.151741,0.000000,0.000000,0.001189,0.000018,0.001171,-1.111638,-0.008455,-0.008455,0.113844,0.000000,-0.000462,0.000000,0.000000,0.000000,-0.000036,0.000000,-0.001107,-0.000462,0.000000,0.000000,-1.224375,0.000000,0.000000,0.000000,0.000000,0.000000,0.000000,0.000000,0.000000,0.000000,0.000000,0.000000,0.000000,0.000000,0.000000,0.000000,-2255.562500,-0.015118,-0.000769,0.000000,0.000000,0.000000,608012.000000,4.075165,0.207265,-37.124512,-0.000249,-0.000013,8491.500000,0.056914,0.002895,619015.500000,4.148899,0.211016,0.000000,0.000000,0.000000,0.000000,0.000000,0.000000,0.000000,0.000000,0.000000,-181.620728,-0.001217,-0.000062,-0.001811,-0.000000,-0.000000,-1.270363,-0.000009,-0.000000,190.384644,0.001276,0.000065,0.000000,0.000000,0.000000,0.000000,0.000000,0.000000,0.000000,0.000000,0.000000,0.000000,0.000000,0.000000,0.000000,0.000000,26415104.000000,21.644531,9.005859,18472960.000000,15.136719,6.296875,7858176.000000,6.438477,2.678467,0.000000,0.000000,0.000000,0.000000,0.000000,0.000000,110794752.000000,90.786133,37.769043,56055552.000000,45.932373,19.108765,83575.000000,0.068481,0.028490,-40.194336,-0.000033,-0.000014,143274.000000,0.117399,0.048841,4969504.000000,4.072037,1.694050,-3260991.250000,-2.672068,-1.111638,-24803.994141,-0.020324,-0.008455,-24804.023438,-0.020325,-0.008455,-121.249466,-0.000099,-0.000041,0.001541,0.000000,0.000000,-39.494675,-0.000032,-0.000013,-2509.369141,-0.002056,-0.000855,0.000000,0.000000,0.000000,0.000000,0.000000,0.000000,0.000000,0.000000,0.000000,0.000000,0.000000,0.000000,0.000000,0.000000,395968.000000,2.691803,0.134979,0.000000,0.000000,0.000000,395888.000000,2.691284,0.134954,0.000000,0.000000,0.000000,0.000000,0.000000,0.000000,-1960992.000000,-13.331024,-0.668482,-2646256.000000,-17.989502,-0.902081,495968.500000,3.371643,0.169071,33.793945,0.000230,0.000012,13113.187500,0.089145,0.004470,313121.000000,2.128632,0.106740,0.000000,0.000000,0.000000,0.000000,0.000000,0.000000,0.000000,0.000000,0.000000,-15.412437,-0.000105,-0.000005,0.000488,0.000000,0.000000,-3.208876,-0.000022,-0.000001,-36.651245,-0.000249,-0.000012,0.000000,0.000000,0.000000,0.000000,0.000000,0.000000,0.000000,0.000000,0.000000,0.000000,0.000000,0.000000,0.000000,0.000000,0.000000,0.000000,0.000000,0.000000,0.000000,0.000000,0.000000,0.000000,0.000000,0.000000,0.000000,0.000000,0.000000,0.000000,0.000000,-10480.625000,-0.014938,-0.003573,0.000000,0.000000,0.000000,3422760.000000,4.878494,1.166782,-205.478516,-0.000293,-0.000070,65331.500000,0.093118,0.022271,3225246.000000,4.596985,1.099454,0.000000,0.000000,0.000000,0.000000,0.000000,0.000000,0.000000,0.000000,0.000000,-1012.410645,-0.001443,-0.000345,0.013684,0.000000,0.000000,-14.485809,-0.000021,-0.000005,561.846680,0.000801,0.000192,0.000000,0.000000,0.000000,0.000000,0.000000,0.000000,0.000000,0.000000,0.000000,0.000000,0.000000,0.000000,0.000000,0.000000,-584192.000000,-0.816833,-0.199150,-957274.115234,-1.338470,-0.326325,373376.000000,0.522064,0.127274,0.000000,0.000000,0.000000,0.000000,0.000000,0.000000,922528.000000,1.289886,0.314476,6798144.000000,9.505188,2.317398,898891.000000,1.256840,0.306423,-33.010254,-0.000046,-0.000011,91910.250000,0.128510,0.031331,3052640.000000,4.268227,1.040613,0.000000,0.000000,0.000000,0.000000,0.000000,0.000000,0.000000,0.000000,0.000000,-25.721252,-0.000036,-0.000009,-0.001938,-0.000000,-0.000000,-45.819687,-0.000064,-0.000016,-1454.523438,-0.002034,-0.000496,0.000000,0.000000,0.000000,0.000000,0.000000,0.000000,0.000000,0.000000,0.000000,0.000000,0.000000,0.000000,0.000000,0.000000,422752256.000000,151.720703,144.111328,7538944.000000,51.250977,2.570007
1,2009,MIN_VALUE,0.000000,0.000000,0.000000,0.000000,0.000000,0.077525,0.000051,0.037195,0.023338,0.001508,0.002593,0.135621,0.079847,0.067444,0.035031,0.057487,1.359020,0.645827,-3.851029,-1.023347,2.707994,4.803493,6.179982,6.997254,0.000000,0.000000,0.000000,0.000000,17594.830078,14382.765625,3211.919678,276.750244,14105.924805,2889.685303,250.396576,51.726883,20.035061,0.000000,4349.781738,1311.136963,480.454712,3868.140869,605.667358,207.263184,109.234268,0.000000,243.519073,74.210724,70.709579,0.000000,22566.675781,17652.248047,2440.505371,1493.710815,960.490601,51.448231,0.011016,3.605965,67.974670,0.000000,0.000000,0.008877,0.000133,0.008744,0.000000,0.000000,0.000000,0.577015,0.000000,0.000393,0.000000,0.000000,0.000000,0.000034,0.000000,0.000918,0.000393,0.000000,0.000000,-1.175393,596800.000000,4.000000,0.203443,298400.000000,2.000000,0.101721,298400.000000,2.000000,0.101721,0.000000,0.000000,0.000000,0.000000,0.000000,0.000000,186257.296875,1.248373,0.063493,298400.000000,2.000000,0.101721,19599398.000000,131.363266,6.681233,1932.688965,0.012954,0.000659,425711.125000,2.853292,0.145121,-6328953.000000,-42.419258,-2.157475,0.000000,0.000000,0.000000,0.000000,0.000000,0.000000,0.000000,0.000000,0.000000,158.895950,0.001065,0.000054,0.018810,0.000000,0.000000,7.880843,0.000053,0.000003,104.686928,0.000702,0.000036,0.000000,0.000000,0.000000,0.000000,0.000000,0.000000,0.000000,0.000000,0.000000,0.000000,0.000000,0.000000,0.000000,0.000000,51220922368.000000,41970.601563,17460.685547,42189512704.000000,34570.234375,14381.971680,9031561216.000000,7400.493164,3078.766602,0.000000,0.000000,0.000000,0.000000,0.000000,0.000000,12451192832.000000,10202.550781,4244.483887,3407571968.000000,2792.176270,1161.606323,11107355.000000,9.101406,3.786383,9183.793945,0.007525,0.003131,4725105.000000,3.871768,1.610740,160688480.000000,131.668701,54.777050,0.000000,0.000000,0.000000,0.000000,0.000000,0.000000,0.000000,0.000000,0.000000,32.954910,0.000027,0.000011,0.145671,0.000000,0.000000,16.474922,0.000013,0.000006,760.147827,0.000623,0.000259,0.000000,0.000000,0.000000,0.000000,0.000000,0.000000,0.000000,0.000000,0.000000,0.000000,0.000000,0.000000,0.000000,0.000000,73073136.000000,496.758240,24.909882,1954291.625000,13.285463,0.666198,71118792.000000,483.472412,24.243666,0.000000,0.000000,0.000000,0.000000,0.000000,0.000000,36386848.000000,247.361298,12.403902,58333388.000000,396.556000,19.885252,5610172.000000,38.138489,1.912450,2487.405029,0.016910,0.000848,590148.375000,4.011886,0.201176,12003648.000000,81.601959,4.091920,0.000000,0.000000,0.000000,0.000000,0.000000,0.000000,0.000000,0.000000,0.000000,0.758293,0.000005,0.000000,0.003316,0.000000,0.000000,0.143229,0.000001,0.000000,4.978803,0.000034,0.000002,0.000000,0.000000,0.000000,0.000000,0.000000,0.000000,0.000000,0.000000,0.000000,0.000000,0.000000,0.000000,0.000000,0.000000,2806400.000000,4.000000,0.956673,1403200.000000,2.000000,0.478336,1403200.000000,2.000000,0.478336,0.000000,0.000000,0.000000,0.000000,0.000000,0.000000,866776.000000,1.235428,0.295475,1403200.000000,2.000000,0.478336,101306032.000000,144.392868,34.534184,12256.795898,0.017470,0.004178,2386297.750000,3.401222,0.813464,-34851268.000000,-49.673985,-11.880440,0.000000,0.000000,0.000000,0.000000,0.000000,0.000000,0.000000,0.000000,0.000000,917.144104,0.001307,0.000313,0.145406,0.000000,0.000000,42.182980,0.000060,0.000014,475.757538,0.000678,0.000162,0.000000,0.000000,0.000000,0.000000,0.000000,0.000000,0.000000,0.000000,0.000000,0.000000,0.000000,0.000000,0.000000,0.000000,318529568.000000,445.371338,108.583458,2162.822266,0.003024,0.000737,318154112.000000,444.846375,108.455475,0.000000,0.000000,0.000000,0.000000,0.000000,0.000000,212214224.000000,296.720123,72.341652,323573504.000000,452.423798,110.302879,11397106.000000,15.935552,3.885156,6396.557129,0.008944,0.002181,2445747.250000,3.419669,0.833730,67330064.000000,94.141586,22.952126,0.000000,0.000000,0.000000,0.000000,0.000000,0.000000,0.000000,0.000000,0.000000,39.661213,0.000055,0.000014,0.068267,0.000000,0.000000,28.958181,0.000040,0.000010,987.956421,0.001381,0.000337,0.000000,0.000000,0.000000,0.000000,0.000000,0.000000,0.000000,0.000000,0.000000,0.000000,0.000000,0.000000,0.000000,0.000000,63907860480.000000,22935.636719,21785.533203,2291680512.000000,15579.064453,781.210266
1,2009,MIN_VALUE_JDAY,3.000000,1.000000,1.000000,1.000000,3.000000,285.000000,284.000000,167.000000,222.000000,288.000000,289.000000,214.000000,214.000000,222.000000,286.000000,286.000000,343.000000,285.000000,343.000000,343.000000,346.000000,346.000000,346.000000,346.000000,3.000000,1.000000,1.000000,1.000000,1.000000,1.000000,1.000000,365.000000,1.000000,1.000000,1.000000,365.000000,365.000000,1.000000,349.000000,262.000000,334.000000,349.000000,262.000000,262.000000,349.000000,1.000000,262.000000,349.000000,349.000000,1.000000,1.000000,1.000000,365.000000,365.000000,365.000000,175.000000,354.000000,1.000000,1.000000,1.000000,1.000000,346.000000,346.000000,346.000000,350.000000,350.000000,350.000000,344.000000,1.000000,221.000000,1.000000,285.000000,1.000000,222.000000,1.000000,222.000000,221.000000,1.000000,1.000000,265.000000,1.000000,1.000000,1.000000,1.000000,1.000000,1.000000,1.000000,1.000000,1.000000,1.000000,1.000000,1.000000,1.000000,1.000000,1.000000,365.000000,365.000000,365.000000,1.000000,1.000000,1.000000,109.000000,109.000000,109.000000,365.000000,365.000000,365.000000,122.000000,122.000000,122.000000,1.000000,1.000000,1.000000,1.000000,1.000000,1.000000,1.000000,1.000000,1.000000,1.000000,1.000000,1.000000,223.000000,223.000000,223.000000,289.000000,289.000000,289.000000,247.000000,247.000000,247.000000,288.000000,288.000000,288.000000,1.000000,1.000000,1.000000,1.000000,1.000000,1.000000,1.000000,1.000000,1.000000,1.000000,1.000000,1.000000,1.000000,1.000000,1.000000,1.000000,1.000000,1.000000,1.000000,1.000000,1.000000,1.000000,1.000000,1.000000,1.000000,1.000000,1.000000,1.000000,1.000000,349.000000,349.000000,349.000000,349.000000,349.000000,349.000000,154.000000,154.000000,154.000000,349.000000,349.000000,349.000000,1.000000,1.000000,1.000000,27.000000,27.000000,27.000000,350.000000,350.000000,350.000000,350.000000,350.000000,350.000000,350.000000,350.000000,350.000000,222.000000,222.000000,222.000000,222.000000,222.000000,222.000000,222.000000,222.000000,222.000000,222.000000,222.000000,222.000000,1.000000,1.000000,1.000000,1.000000,1.000000,1.000000,1.000000,1.000000,1.000000,1.000000,1.000000,1.000000,1.000000,1.000000,1.000000,1.000000,1.000000,1.000000,1.000000,1.000000,1.000000,1.000000,1.000000,1.000000,1.000000,1.000000,1.000000,1.000000,1.000000,262.000000,262.000000,262.000000,262.000000,262.000000,262.000000,1.000000,1.000000,1.000000,1.000000,1.000000,1.000000,145.000000,145.000000,145.000000,146.000000,146.000000,146.000000,1.000000,1.000000,1.000000,1.000000,1.000000,1.000000,1.000000,1.000000,1.000000,248.000000,248.000000,248.000000,288.000000,288.000000,288.000000,248.000000,248.000000,248.000000,248.000000,248.000000,248.000000,1.000000,1.000000,1.000000,1.000000,1.000000,1.000000,1.000000,1.000000,1.000000,1.000000,1.000000,1.000000,1.000000,1.000000,1.000000,1.000000,1.000000,1.000000,1.000000,1.000000,1.000000,1.000000,1.000000,1.000000,1.000000,1.000000,1.000000,1.000000,1.000000,365.000000,365.000000,365.000000,1.000000,1.000000,1.000000,106.000000,106.000000,106.000000,365.000000,365.000000,365.000000,1.000000,1.000000,1.000000,1.000000,1.000000,1.000000,1.000000,1.000000,1.000000,1.000000,1.000000,1.000000,1.000000,1.000000,1.000000,221.000000,221.000000,221.000000,286.000000,286.000000,286.000000,221.000000,221.000000,221.000000,246.000000,246.000000,246.000000,1.000000,1.000000,1.000000,1.000000,1.000000,1.000000,1.000000,1.000000,1.000000,1.000000,1.000000,1.000000,1.000000,1.000000,365.000000,365.000000,365.000000,365.000000,365.000000,365.000000,1.000000,1.000000,1.000000,1.000000,1.000000,1.000000,1.000000,1.000000,1.000000,152.000000,152.000000,152.000000,262.000000,262.000000,262.000000,262.000000,262.000000,262.000000,262.000000,262.000000,262.000000,1.000000,1.000000,1.000000,1.000000,1.000000,1.000000,1.000000,1.000000,1.000000,1.000000,1.000000,1.000000,1.000000,1.000000,1.000000,217.000000,217.000000,217.000000,285.000000,285.000000,285.000000,215.000000,215.000000,215.000000,169.000000,169.000000,169.000000,1.000000,1.000000,1.000000,1.000000,1.000000,1.000000,1.000000,1.000000,1.000000,1.000000,1.000000,1.000000,1.000000,1.000000,1.000000,1.000000,1.000000,1.000000,1.000000,1.000000
1,2009,MAX_VALUE,0.937025,0.000000,0.000000,0.000000,28.692078,5.339633,1.435954,1.873561,1.650834,0.010396,0.004924,5.752580,0.287076,0.264159,0.062504,0.067116,13.455077,4.490436,31.141872,25.208149,16.725262,12.569361,10.566477,9.522731,0.006340,0.000000,0.000000,0.000000,17982.679688,14646.615234,3386.815918,358.276245,14296.492188,2944.510986,352.584259,67.980087,26.687895,0.000000,4598.569824,1474.719116,552.113953,4046.615234,645.281128,212.931442,111.574623,0.000000,338.034393,89.631622,77.263916,0.000000,22713.078125,17819.927734,2453.052979,1497.024902,965.267639,53.596920,0.011112,3.715814,72.126411,0.000000,0.000000,0.037395,0.000561,0.036834,7.954116,0.103321,0.103322,2.063159,0.000000,0.004596,0.000000,0.000000,0.000000,0.000697,0.000000,0.023952,0.004596,0.000000,0.000000,6.031084,596800.000000,4.000000,0.203443,298400.000000,2.000000,0.101721,298400.000000,2.000000,0.101721,0.000000,0.000000,0.000000,0.000000,0.000000,0.000000,188512.859375,1.263491,0.064262,298400.000000,2.000000,0.101721,20573244.000000,137.890381,7.013207,1969.813477,0.013203,0.000671,437606.187500,2.933017,0.149175,-5709937.500000,-38.270359,-1.946459,0.000000,0.000000,0.000000,0.000000,0.000000,0.000000,0.000000,0.000000,0.000000,1781.656982,0.011941,0.000607,0.041406,0.000000,0.000000,107.209763,0.000719,0.000037,1892.101440,0.012682,0.000645,0.000000,0.000000,0.000000,0.000000,0.000000,0.000000,0.000000,0.000000,0.000000,0.000000,0.000000,0.000000,0.000000,0.000000,52292943872.000000,42849.019531,17826.126953,42954846208.000000,35197.351563,14642.866211,9338269696.000000,7651.810547,3183.320068,0.000000,0.000000,0.000000,0.000000,0.000000,0.000000,13176117248.000000,10796.556641,4491.603027,3696498688.000000,3028.924072,1260.098389,12129011.000000,9.938554,4.134655,9230.593750,0.007564,0.003147,4868379.000000,3.989166,1.659580,167158432.000000,136.970200,56.982594,8715136.000000,7.141212,2.970900,66290.085938,0.054318,0.022598,66290.000000,0.054318,0.022598,868.521240,0.000712,0.000296,0.163672,0.000000,0.000000,902.899170,0.000740,0.000308,42790.011719,0.035062,0.014587,0.000000,0.000000,0.000000,0.000000,0.000000,0.000000,0.000000,0.000000,0.000000,0.000000,0.000000,0.000000,0.000000,0.000000,118551128.000000,805.921997,40.412861,21945530.000000,149.187836,7.481006,96605528.000000,656.733704,32.931831,0.000000,0.000000,0.000000,0.000000,0.000000,0.000000,53580124.000000,364.242859,18.264914,78707624.000000,535.062012,26.830620,6106140.500000,41.510132,2.081521,2521.198975,0.017139,0.000859,608623.687500,4.137483,0.207474,12544490.000000,85.278656,4.276288,1834958.750000,12.474227,0.625519,26337.875000,0.179047,0.008978,26337.847656,0.179047,0.008978,388.850250,0.002643,0.000133,0.007171,0.000000,0.000000,94.851425,0.000645,0.000032,2681.816162,0.018231,0.000914,0.000000,0.000000,0.000000,0.000000,0.000000,0.000000,0.000000,0.000000,0.000000,0.000000,0.000000,0.000000,0.000000,0.000000,2806400.000000,4.000000,0.956673,1403200.000000,2.000000,0.478336,1403200.000000,2.000000,0.478336,0.000000,0.000000,0.000000,0.000000,0.000000,0.000000,877256.625000,1.250366,0.299048,1403200.000000,2.000000,0.478336,106146760.000000,151.292419,36.184341,12462.274414,0.017763,0.004248,2451641.250000,3.494358,0.835739,-31626022.000000,-45.077000,-10.780986,0.000000,0.000000,0.000000,0.000000,0.000000,0.000000,0.000000,0.000000,0.000000,9265.235352,0.013206,0.003158,0.330055,0.000000,0.000000,446.959167,0.000637,0.000152,6608.847656,0.009420,0.002253,0.000000,0.000000,0.000000,0.000000,0.000000,0.000000,0.000000,0.000000,0.000000,0.000000,0.000000,0.000000,0.000000,0.000000,664487488.000000,929.093262,226.516953,100105624.000000,139.968719,34.124977,612237696.000000,856.037048,208.705536,0.000000,0.000000,0.000000,0.000000,0.000000,0.000000,262346144.000000,366.815094,89.431107,551826176.000000,771.569031,188.111862,15471764.000000,21.632780,5.274165,6469.417480,0.009046,0.002205,2537657.500000,3.548179,0.865061,70382704.000000,98.409813,23.992739,16782502.000000,23.465466,5.720982,240885.500000,0.336809,0.082115,240886.203125,0.336810,0.082116,1177.274658,0.001646,0.000401,0.087929,0.000000,0.000000,496.398865,0.000694,0.000169,16810.748047,0.023505,0.005731,0.000000,0.000000,0.000000,0.000000,0.000000,0.000000,3492109.500000,4.882703,1.190424,7152.000000,102715.390625,0.143618,0.035015,7152.000000,64330612736.000000,23087.357422,21929.644531,2299219456.000000,15630.315430,783.780273
1,2009,MAX_VALUE_JDAY,7.000000,1.000000,1.000000,1.000000,7.000000,330.000000,7.000000,330.000000,332.000000,336.000000,357.000000,331.000000,330.000000,331.000000,360.000000,335.000000,210.000000,155.000000,210.000000,210.000000,211.000000,211.000000,211.000000,211.000000,289.000000,1.000000,1.000000,1.000000,341.000000,349.000000,262.000000,182.000000,349.000000,262.000000,262.000000,349.000000,349.000000,1.000000,365.000000,365.000000,365.000000,365.000000,365.000000,365.000000,365.000000,1.000000,365.000000,365.000000,365.000000,1.000000,365.000000,365.000000,1.000000,1.000000,1.000000,365.000000,1.000000,365.000000,365.000000,1.000000,1.000000,211.000000,211.000000,211.000000,149.000000,149.000000,149.000000,155.000000,1.000000,331.000000,1.000000,332.000000,1.000000,331.000000,1.000000,331.000000,331.000000,1.000000,1.000000,149.000000,1.000000,1.000000,1.000000,1.000000,1.000000,1.000000,1.000000,1.000000,1.000000,1.000000,1.000000,1.000000,1.000000,1.000000,1.000000,1.000000,1.000000,1.000000,1.000000,1.000000,1.000000,311.000000,311.000000,311.000000,1.000000,1.000000,1.000000,331.000000,331.000000,331.000000,365.000000,365.000000,365.000000,1.000000,1.000000,1.000000,1.000000,1.000000,1.000000,1.000000,1.000000,1.000000,331.000000,331.000000,331.000000,332.000000,332.000000,332.000000,332.000000,332.000000,332.000000,332.000000,332.000000,332.000000,1.000000,1.000000,1.000000,1.000000,1.000000,1.000000,1.000000,1.000000,1.000000,1.000000,1.000000,1.000000,1.000000,1.000000,349.000000,349.000000,349.000000,349.000000,349.000000,349.000000,349.000000,349.000000,349.000000,1.000000,1.000000,1.000000,1.000000,1.000000,1.000000,365.000000,365.000000,365.000000,365.000000,365.000000,365.000000,288.000000,288.000000,288.000000,1.000000,1.000000,1.000000,365.000000,365.000000,365.000000,310.000000,310.000000,310.000000,303.000000,303.000000,303.000000,303.000000,303.000000,303.000000,303.000000,303.000000,303.000000,331.000000,331.000000,331.000000,334.000000,334.000000,334.000000,331.000000,331.000000,331.000000,331.000000,331.000000,331.000000,1.000000,1.000000,1.000000,1.000000,1.000000,1.000000,1.000000,1.000000,1.000000,1.000000,1.000000,1.000000,1.000000,1.000000,262.000000,262.000000,262.000000,262.000000,262.000000,262.000000,262.000000,262.000000,262.000000,1.000000,1.000000,1.000000,1.000000,1.000000,1.000000,1.000000,1.000000,1.000000,1.000000,1.000000,1.000000,365.000000,365.000000,365.000000,365.000000,365.000000,365.000000,329.000000,329.000000,329.000000,328.000000,328.000000,328.000000,149.000000,149.000000,149.000000,149.000000,149.000000,149.000000,149.000000,149.000000,149.000000,331.000000,331.000000,331.000000,140.000000,140.000000,140.000000,331.000000,331.000000,331.000000,331.000000,331.000000,331.000000,1.000000,1.000000,1.000000,1.000000,1.000000,1.000000,1.000000,1.000000,1.000000,1.000000,1.000000,1.000000,1.000000,1.000000,1.000000,1.000000,1.000000,1.000000,1.000000,1.000000,1.000000,1.000000,1.000000,1.000000,1.000000,1.000000,1.000000,1.000000,1.000000,1.000000,1.000000,1.000000,1.000000,1.000000,1.000000,309.000000,309.000000,309.000000,1.000000,1.000000,1.000000,361.000000,361.000000,361.000000,365.000000,365.000000,365.000000,1.000000,1.000000,1.000000,1.000000,1.000000,1.000000,1.000000,1.000000,1.000000,331.000000,331.000000,331.000000,332.000000,332.000000,332.000000,331.000000,331.000000,331.000000,332.000000,332.000000,332.000000,1.000000,1.000000,1.000000,1.000000,1.000000,1.000000,1.000000,1.000000,1.000000,1.000000,1.000000,1.000000,1.000000,1.000000,258.000000,258.000000,258.000000,182.000000,182.000000,182.000000,262.000000,262.000000,262.000000,1.000000,1.000000,1.000000,1.000000,1.000000,1.000000,228.000000,228.000000,228.000000,365.000000,365.000000,365.000000,139.000000,139.000000,139.000000,139.000000,139.000000,139.000000,365.000000,365.000000,365.000000,365.000000,365.000000,365.000000,149.000000,149.000000,149.000000,149.000000,149.000000,149.000000,149.000000,149.000000,149.000000,331.000000,331.000000,331.000000,93.000000,93.000000,93.000000,331.000000,331.000000,331.000000,331.000000,331.000000,331.000000,1.000000,1.000000,1.000000,1.000000,1.000000,1.000000,122.000000,122.000000,122.000000,122.000000,183.000000,183.000000,183.000000,61.000000,365.000000,365.000000,365.000000,365.000000,365.000000,365.000000
1,2009,ANNUAL_SUM,23.669900,0.000000,0.000000,0.000000,908.290188,273.026601,47.064697,108.774393,90.782359,1.493356,1.241895,516.641922,60.175349,55.061047,18.804478,22.749396,1574.537640,745.934823,4152.078221,3835.201059,3524.777221,3251.531282,3127.836194,3066.334746,0.213141,0.000000,0.000000,0.000000,6507153.869141,5301120.903320,1206051.574219,118073.414063,5183049.350586,1065018.433105,110287.227753,22205.349941,8534.828463,0.000000,1624527.810547,502128.176880,183707.419952,1440870.596924,227778.553589,76265.017883,39992.440346,0.000000,103165.600388,28722.381096,26204.759361,0.000000,8261535.986328,6471484.976563,893151.607178,545820.463867,351456.222778,19122.815590,4.037119,1335.312693,25563.386818,0.000000,0.000000,7.357740,0.110366,7.247374,560.963579,5.578402,5.578401,414.763183,0.000000,0.444465,0.000000,0.000058,0.000000,0.051823,0.000000,1.566357,0.444523,0.000000,0.000000,144.634042,217832000.000000,1460.000000,74.256692,108916000.000000,730.000000,37.128346,108916000.000000,730.000000,37.128346,0.000000,0.000000,0.000000,0.000000,0.000000,0.000000,68417849.703125,458.564675,23.322942,108916000.000000,730.000000,37.128346,7297116136.000000,48908.285095,2487.511894,712097.560547,4.772772,0.242747,156906874.000000,1051.654653,53.487941,-2212476914.500000,-14828.933750,-754.210642,0.000000,0.000000,0.000000,0.000000,0.000000,0.000000,0.000000,0.000000,0.000000,171549.033676,1.149792,0.058479,9.012172,0.000060,0.000003,9384.170380,0.062897,0.003199,146440.338898,0.981504,0.049920,0.000000,0.000000,0.000000,0.000000,0.000000,0.000000,0.000000,0.000000,0.000000,0.000000,0.000000,0.000000,0.000000,0.000000,18888619905024.000000,15477400.785156,6438936.388672,15536904298496.000000,12730993.335938,5296370.988281,3351729763328.000000,2746419.016113,1142570.228760,0.000000,0.000000,0.000000,0.000000,0.000000,0.000000,4658915730432.000000,3817531.738281,1588176.490234,1284631043840.000000,1052631.136963,437917.519043,4222143617.000000,3459.639147,1439.285364,3360434.413086,2.753552,1.145538,1752416230.000000,1435.935949,597.380682,59812038352.000000,49010.192062,20389.309139,1075352309.015625,881.147417,366.576550,8179450.370117,6.702270,2.788291,8179451.082397,6.702271,2.788291,61584.897129,0.050463,0.020994,57.202223,0.000047,0.000019,50773.090078,0.041604,0.017308,2315119.801697,1.897017,0.789201,0.000000,0.000000,0.000000,0.000000,0.000000,0.000000,0.000000,0.000000,0.000000,0.000000,0.000000,0.000000,0.000000,0.000000,33705552152.000000,229133.597961,11489.876375,3796214255.250000,25807.031043,1294.090418,29909325192.000000,203326.479156,10195.781610,0.000000,0.000000,0.000000,0.000000,0.000000,0.000000,16422205336.000000,111639.737473,5598.161011,24654802876.000000,167605.730133,8404.568914,2121885298.000000,14424.781067,723.328889,913407.721191,6.209434,0.311371,217876705.062500,1481.146883,74.271930,4456533936.000000,30295.947815,1519.186608,45477897.803040,309.163137,15.502948,652761.635018,4.437537,0.222520,652761.455437,4.437535,0.222520,26768.657734,0.181976,0.009125,1.642612,0.000011,0.000001,6450.405203,0.043850,0.002199,177848.902233,1.209034,0.060627,0.000000,0.000000,0.000000,0.000000,0.000000,0.000000,0.000000,0.000000,0.000000,0.000000,0.000000,0.000000,0.000000,0.000000,1024336000.000000,1460.000000,349.185611,512168000.000000,730.000000,174.592806,512168000.000000,730.000000,174.592806,0.000000,0.000000,0.000000,0.000000,0.000000,0.000000,318402883.937500,453.823951,108.540271,512168000.000000,730.000000,174.592806,37701219400.000000,53736.059555,12851.958202,4510812.367188,6.429322,1.537690,881015457.750000,1255.723286,300.329114,-12185817056.000000,-17368.610413,-4154.019798,0.000000,0.000000,0.000000,0.000000,0.000000,0.000000,0.000000,0.000000,0.000000,941976.430542,1.342612,0.321110,74.060833,0.000106,0.000025,44542.958591,0.063488,0.015184,575687.263947,0.820535,0.196246,0.000000,0.000000,0.000000,0.000000,0.000000,0.000000,0.000000,0.000000,0.000000,0.000000,0.000000,0.000000,0.000000,0.000000,165963128256.000000,232051.357117,56575.125412,10133395761.291016,14168.618231,3454.370466,155829714976.000000,217882.714386,53120.749359,0.000000,0.000000,0.000000,0.000000,0.000000,0.000000,90033797504.000000,125886.182098,30691.596321,163089655712.000000,228033.634705,55595.587517,4753930430.000000,6646.994445,1620.566027,2346895.203613,3.281453,0.800032,908946393.000000,1270.898199,309.850483,25120079424.000000,35123.153580,8563.176905,524756532.200684,733.719979,178.884107,7532027.597074,10.531358,2.567591,7532028.700589,10.531360,2.567591,101964.185074,0.142567,0.034759,27.234755,0.000038,0.000009,40871.193859,0.057147,0.013933,1379815.766052,1.929273,0.470365,0.000000,0.000000,0.000000,0.000000,0.000000,0.000000,13968438.000000,19.530813,4.761697,28608.000000,634209.113560,0.886758,0.216195,100128.000000,23397456297984.000000,8397019.941406,7975952.380859,837909810944.000000,5696191.747070,285634.841614
1,2009,ANNUAL_AVERAGE,0.064849,0.000000,0.000000,0.000000,2.488466,0.748018,0.128944,0.298012,0.248719,0.004091,0.003402,1.415457,0.164864,0.150852,0.051519,0.062327,4.313802,2.043657,11.375557,10.507400,9.656924,8.908305,8.569414,8.400917,0.000584,0.000000,0.000000,0.000000,17827.818820,14523.618913,3304.250888,323.488806,14200.135207,2917.858721,302.156788,60.836575,23.383092,0.000000,4450.761125,1375.693635,503.308000,3947.590677,624.050832,208.945254,109.568330,0.000000,282.645481,78.691455,71.793861,0.000000,22634.345168,17730.095826,2446.990705,1495.398531,962.893761,52.391276,0.011061,3.658391,70.036676,0.000000,0.000000,0.020158,0.000302,0.019856,1.536887,0.015283,0.015283,1.136337,0.000000,0.001218,0.000000,0.000000,0.000000,0.000142,0.000000,0.004291,0.001218,0.000000,0.000000,0.396258,596800.000000,4.000000,0.203443,298400.000000,2.000000,0.101721,298400.000000,2.000000,0.101721,0.000000,0.000000,0.000000,0.000000,0.000000,0.000000,187446.163570,1.256342,0.063898,298400.000000,2.000000,0.101721,19992099.002740,133.995302,6.815101,1950.952221,0.013076,0.000665,429881.846575,2.881246,0.146542,-6061580.587671,-40.627216,-2.066331,0.000000,0.000000,0.000000,0.000000,0.000000,0.000000,0.000000,0.000000,0.000000,469.997353,0.003150,0.000160,0.024691,0.000000,0.000000,25.710056,0.000172,0.000009,401.206408,0.002689,0.000137,0.000000,0.000000,0.000000,0.000000,0.000000,0.000000,0.000000,0.000000,0.000000,0.000000,0.000000,0.000000,0.000000,0.000000,51749643575.408220,42403.837768,17640.921613,42566861091.769860,34879.433797,14510.605447,9182821269.391780,7524.435661,3130.329394,0.000000,0.000000,0.000000,0.000000,0.000000,0.000000,12764152686.115068,10458.991064,4351.168466,3519537106.410959,2883.920923,1199.774025,11567516.758904,9.478463,3.943248,9206.669625,0.007544,0.003138,4801140.356164,3.934071,1.636659,163868598.224658,134.274499,55.861121,2946170.709632,2.414103,1.004319,22409.453069,0.018362,0.007639,22409.455020,0.018362,0.007639,168.725746,0.000138,0.000058,0.156718,0.000000,0.000000,139.104356,0.000114,0.000047,6342.793977,0.005197,0.002162,0.000000,0.000000,0.000000,0.000000,0.000000,0.000000,0.000000,0.000000,0.000000,0.000000,0.000000,0.000000,0.000000,0.000000,92343978.498630,627.763282,31.479113,10400587.000685,70.704195,3.545453,81943356.690411,557.058847,27.933648,0.000000,0.000000,0.000000,0.000000,0.000000,0.000000,44992343.386301,305.862294,15.337427,67547405.139726,459.193781,23.026216,5813384.378082,39.519948,1.981723,2502.486907,0.017012,0.000853,596922.479623,4.057937,0.203485,12209682.016438,83.002597,4.162155,124596.980282,0.847022,0.042474,1788.388041,0.012158,0.000610,1788.387549,0.012158,0.000610,73.338788,0.000499,0.000025,0.004500,0.000000,0.000000,17.672343,0.000120,0.000006,487.257266,0.003312,0.000166,0.000000,0.000000,0.000000,0.000000,0.000000,0.000000,0.000000,0.000000,0.000000,0.000000,0.000000,0.000000,0.000000,0.000000,2806400.000000,4.000000,0.956673,1403200.000000,2.000000,0.478336,1403200.000000,2.000000,0.478336,0.000000,0.000000,0.000000,0.000000,0.000000,0.000000,872336.668322,1.243353,0.297371,1403200.000000,2.000000,0.478336,103291012.054795,147.222081,35.210844,12358.390047,0.017615,0.004213,2413740.980137,3.440338,0.822819,-33385800.153425,-47.585234,-11.380876,0.000000,0.000000,0.000000,0.000000,0.000000,0.000000,0.000000,0.000000,0.000000,2580.757344,0.003678,0.000880,0.202906,0.000000,0.000000,122.035503,0.000174,0.000042,1577.225381,0.002248,0.000538,0.000000,0.000000,0.000000,0.000000,0.000000,0.000000,0.000000,0.000000,0.000000,0.000000,0.000000,0.000000,0.000000,0.000000,454693502.071233,635.757143,155.000344,27762728.113126,38.818132,9.464029,426930725.961644,596.938944,145.536300,0.000000,0.000000,0.000000,0.000000,0.000000,0.000000,246667938.367123,344.893650,84.086565,446820974.553425,624.749684,152.316678,13024466.931507,18.210944,4.439907,6429.849873,0.008990,0.002192,2490264.090411,3.481913,0.848905,68822135.408219,96.227818,23.460759,1437689.129317,2.010192,0.490093,20635.692047,0.028853,0.007034,20635.695070,0.028853,0.007034,279.353932,0.000391,0.000095,0.074616,0.000000,0.000000,111.975874,0.000157,0.000038,3780.317167,0.005286,0.001289,0.000000,0.000000,0.000000,0.000000,0.000000,0.000000,38269.693151,0.053509,0.013046,78.378082,1737.559215,0.002429,0.000592,274.323288,64102619994.476715,23005.534086,21851.924331,2295643317.654795,15606.004786,782.561210
1,2009,DAY_COUNT,365,365,365,365,365,365,365,365,365,365,365,365,365,365,365,365,365,365,365,365,365,365,365,365,365,365,365,365,365,365,365,365,365,365,365,365,365,365,365,365,365,365,365,365,365,365,365,365,365,365,365,365,365,365,365,365,365,365,365,365,365,365,365,365,365,365,365,365,365,365,365,365,365,365,365,365,365,365,365,365,365,365,365,365,365,365,365,365,365,365,365,365,365,365,365,365,365,365,365,365,365,365,365,365,365,365,365,365,365,365,365,365,365,365,365,365,365,365,365,365,365,365,365,365,365,365,365,365,365,365,365,365,365,365,365,365,365,365,365,365,365,365,365,365,365,365,365,365,365,365,365,365,365,365,365,365,365,365,365,365,365,365,365,365,365,365,365,365,365,365,365,365,365,365,365,365,365,365,365,365,365,365,365,365,365,365,365,365,365,365,365,365,365,365,365,365,365,365,365,365,365,365,365,365,365,365,365,365,365,365,365,365,365,365,365,365,365,365,365,365,365,365,365,365,365,365,365,365,365,365,365,365,365,365,365,365,365,365,365,365,365,365,365,365,365,365,365,365,365,365,365,365,365,365,365,365,365,365,365,365,365,365,365,365,365,365,365,365,365,365,365,365,365,365,365,365,365,365,365,365,365,365,365,365,365,365,365,365,365,365,365,365,365,365,365,365,365,365,365,365,365,365,365,365,365,365,365,365,365,365,365,365,365,365,365,365,365,365,365,365,365,365,365,365,365,365,365,365,365,365,365,365,365,365,365,365,365,365,365,365,365,365,365,365,365,365,365,365,365,365,365,365,365,365,365,365,365,365,365,365,365,365,365,365,365,365,365,365,365,365,365,365,365,365,365,365,365,365,365,365,365,365,365,365,365,365,365,365,365,365,365,365,365,365,365,365,365,365,365,365,365,365,365,365,365,365,365,365,365,365,365,365,365,365,365,365,365,365,365,365,365,365,365,365,365,365
1,2010,INITIAL_VALUE,0.249731,0.000000,0.000000,0.000000,9.097361,1.463803,0.456192,0.381309,0.364389,0.007346,0.004836,2.095452,0.219567,0.214813,0.062457,0.065757,3.435438,2.379654,9.152659,6.304309,5.284351,6.407081,7.138235,7.570118,0.001963,0.000000,0.000000,0.000000,17604.925781,14389.864258,3215.212402,276.985474,14113.009766,2892.684570,250.659943,51.781189,20.057465,0.000000,4597.721680,1474.264282,551.785706,4046.086426,645.164001,212.910049,111.572472,0.000000,337.784515,89.573242,77.256950,0.000000,22713.361328,17820.253906,2440.481934,1493.704468,960.479492,53.601929,0.011016,3.715998,72.136536,0.000000,0.000000,0.012347,0.000185,0.012162,1.167299,0.008879,0.008879,1.022901,0.000000,0.001558,0.000000,0.000000,0.000000,0.000203,0.000000,0.006367,0.001558,0.000000,0.000000,0.138031,596800.000000,4.000000,0.203443,298400.000000,2.000000,0.101721,298400.000000,2.000000,0.101721,0.000000,0.000000,0.000000,0.000000,0.000000,0.000000,186253.171875,1.248346,0.063492,298400.000000,2.000000,0.101721,20350292.000000,136.396057,6.937205,1932.574463,0.012953,0.000659,435982.093750,2.922132,0.148622,-5707245.500000,-38.252316,-1.945541,0.000000,0.000000,0.000000,0.000000,0.000000,0.000000,0.000000,0.000000,0.000000,581.253723,0.003896,0.000198,0.026761,0.000000,0.000000,34.979160,0.000234,0.000012,625.800964,0.004194,0.000213,0.000000,0.000000,0.000000,0.000000,0.000000,0.000000,0.000000,0.000000,0.000000,0.000000,0.000000,0.000000,0.000000,0.000000,51250741248.000000,41995.035156,17470.849609,42210430976.000000,34587.375000,14389.102539,9040404480.000000,7407.738281,3081.780762,0.000000,0.000000,0.000000,0.000000,0.000000,0.000000,13174065152.000000,10794.875000,4490.903320,3695787520.000000,3028.341309,1259.855957,11720495.000000,9.603814,3.995396,9190.113281,0.007530,0.003133,4868659.500000,3.989396,1.659676,166085872.000000,136.091339,56.616966,3424270.750000,2.805859,1.167299,26045.990234,0.021342,0.008879,26046.019531,0.021342,0.008879,237.179108,0.000194,0.000081,0.159354,0.000000,0.000000,218.838333,0.000179,0.000075,9802.387695,0.008032,0.003342,0.000000,0.000000,0.000000,0.000000,0.000000,0.000000,0.000000,0.000000,0.000000,0.000000,0.000000,0.000000,0.000000,0.000000,73469104.000000,499.450043,25.044861,1954291.625000,13.285463,0.666198,71514680.000000,486.163696,24.378620,0.000000,0.000000,0.000000,0.000000,0.000000,0.000000,51551920.000000,350.454956,17.573521,75984096.000000,516.547241,25.902199,6109474.500000,41.532799,2.082657,2521.395264,0.017141,0.000860,606622.500000,4.123878,0.206791,12455782.000000,84.675606,4.246048,0.000000,0.000000,0.000000,0.000000,0.000000,0.000000,0.000000,0.000000,0.000000,131.631317,0.000895,0.000045,0.005412,0.000000,0.000000,32.205902,0.000219,0.000011,916.004944,0.006227,0.000312,0.000000,0.000000,0.000000,0.000000,0.000000,0.000000,0.000000,0.000000,0.000000,0.000000,0.000000,0.000000,0.000000,0.000000,2806400.000000,4.000000,0.956673,1403200.000000,2.000000,0.478336,1403200.000000,2.000000,0.478336,0.000000,0.000000,0.000000,0.000000,0.000000,0.000000,866754.500000,1.235397,0.295468,1403200.000000,2.000000,0.478336,105220688.000000,149.972473,35.868652,12256.150391,0.017469,0.004178,2451674.500000,3.494405,0.835751,-31612418.000000,-45.057610,-10.776349,0.000000,0.000000,0.000000,0.000000,0.000000,0.000000,0.000000,0.000000,0.000000,3207.469238,0.004572,0.001093,0.233144,0.000000,0.000000,161.739044,0.000231,0.000055,2367.827881,0.003375,0.000807,0.000000,0.000000,0.000000,0.000000,0.000000,0.000000,0.000000,0.000000,0.000000,0.000000,0.000000,0.000000,0.000000,0.000000,318529568.000000,445.371338,108.583458,2162.822266,0.003024,0.000737,318527488.000000,445.368439,108.582748,0.000000,0.000000,0.000000,0.000000,0.000000,0.000000,261336880.000000,365.403900,89.087051,551281920.000000,770.808044,187.926331,13840617.000000,19.352093,4.718124,6416.323242,0.008971,0.002187,2537921.000000,3.548548,0.865151,70390792.000000,98.421135,23.995499,0.000000,0.000000,0.000000,0.000000,0.000000,0.000000,0.000000,0.000000,0.000000,411.579071,0.000575,0.000140,0.076429,0.000000,0.000000,148.468185,0.000208,0.000051,4964.367188,0.006941,0.001692,0.000000,0.000000,0.000000,0.000000,0.000000,0.000000,0.000000,0.000000,0.000000,0.000000,0.000000,0.000000,0.000000,0.000000,64331423744.000000,23087.648438,21929.921875,2299248896.000000,15630.516602,783.790344
1,2010,FINAL_VALUE,0.000000,0.000000,0.000000,0.000000,0.000000,1.424662,0.006069,0.482958,0.916389,0.013704,0.005543,3.770625,0.222721,0.249850,0.071635,0.069011,1.774898,1.257856,-0.250000,1.719512,4.780946,6.071617,6.927019,7.438639,0.000000,0.000000,0.000000,0.000000,17614.718750,14396.515625,3218.274170,276.752808,14119.931641,2895.799805,250.639847,51.736538,20.035788,0.000000,4626.464844,1501.639282,570.104187,4056.508545,647.810669,213.940659,113.264481,0.000000,352.696167,92.416283,81.510315,0.000000,22858.285156,17986.173828,2427.834229,1490.195068,955.744141,55.154251,0.010904,3.831442,76.971848,0.000000,0.000000,0.011564,0.000173,0.011391,0.000000,0.000000,0.000000,0.786830,0.000000,0.002526,0.000000,0.000000,0.000000,0.000383,0.000000,0.012612,0.002526,0.000000,0.000000,-0.799442,596800.000000,4.000000,0.203443,298400.000000,2.000000,0.101721,298400.000000,2.000000,0.101721,0.000000,0.000000,0.000000,0.000000,0.000000,0.000000,184098.218750,1.233902,0.062757,298400.000000,2.000000,0.101721,20898114.000000,140.067795,7.123952,1895.070435,0.012702,0.000646,443584.375000,2.973086,0.151213,-5079859.500000,-34.047314,-1.731672,0.000000,0.000000,0.000000,0.000000,0.000000,0.000000,0.000000,0.000000,0.000000,1039.417480,0.006967,0.000354,0.031625,0.000000,0.000000,67.002350,0.000449,0.000023,1333.890015,0.008940,0.000455,0.000000,0.000000,0.000000,0.000000,0.000000,0.000000,0.000000,0.000000,0.000000,0.000000,0.000000,0.000000,0.000000,0.000000,51278942208.000000,42018.140625,17480.464844,42229956608.000000,34603.371094,14395.757813,9048858624.000000,7414.666016,3084.662842,0.000000,0.000000,0.000000,0.000000,0.000000,0.000000,13237736448.000000,10847.046875,4512.607910,3736527616.000000,3061.723633,1273.743896,12130440.000000,9.939725,4.135142,9138.296875,0.007488,0.003115,5044458.500000,4.133447,1.719604,173100768.000000,141.839371,59.008270,0.000000,0.000000,0.000000,0.000000,0.000000,0.000000,0.000000,0.000000,0.000000,424.918976,0.000348,0.000145,0.164013,0.000000,0.000000,473.213806,0.000388,0.000161,20902.722656,0.017128,0.007126,0.000000,0.000000,0.000000,0.000000,0.000000,0.000000,0.000000,0.000000,0.000000,0.000000,0.000000,0.000000,0.000000,0.000000,73697928.000000,501.005646,25.122868,1954293.125000,13.285474,0.666198,71743640.000000,487.720215,24.456671,0.000000,0.000000,0.000000,0.000000,0.000000,0.000000,59512512.000000,404.571808,20.287205,86198680.000000,585.986938,29.384245,6348338.500000,43.156620,2.164083,2539.670654,0.017265,0.000866,623240.750000,4.236851,0.212456,12842245.000000,87.302818,4.377789,0.000000,0.000000,0.000000,0.000000,0.000000,0.000000,0.000000,0.000000,0.000000,211.726471,0.001439,0.000072,0.006019,0.000000,0.000000,57.069599,0.000388,0.000019,1696.874634,0.011536,0.000578,0.000000,0.000000,0.000000,0.000000,0.000000,0.000000,0.000000,0.000000,0.000000,0.000000,0.000000,0.000000,0.000000,0.000000,2806400.000000,4.000000,0.956673,1403200.000000,2.000000,0.478336,1403200.000000,2.000000,0.478336,0.000000,0.000000,0.000000,0.000000,0.000000,0.000000,856859.500000,1.221293,0.292095,1403200.000000,2.000000,0.478336,108119112.000000,154.103638,36.856693,12048.875000,0.017173,0.004107,2507212.250000,3.573564,0.854683,-28291322.000000,-40.324005,-9.644221,0.000000,0.000000,0.000000,0.000000,0.000000,0.000000,0.000000,0.000000,0.000000,5025.137207,0.007162,0.001713,0.273202,0.000000,0.000000,276.016785,0.000393,0.000094,4653.514648,0.006633,0.001586,0.000000,0.000000,0.000000,0.000000,0.000000,0.000000,0.000000,0.000000,0.000000,0.000000,0.000000,0.000000,0.000000,0.000000,318840800.000000,445.806488,108.689552,136.785202,0.000191,0.000047,318840640.000000,445.806244,108.689491,0.000000,0.000000,0.000000,0.000000,0.000000,0.000000,274034208.000000,383.157440,93.415443,580624448.000000,811.835083,197.928909,14296780.000000,19.989904,4.873625,6367.065430,0.008902,0.002170,2620986.500000,3.664690,0.893467,73225000.000000,102.383949,24.961651,0.000000,0.000000,0.000000,0.000000,0.000000,0.000000,0.000000,0.000000,0.000000,707.928833,0.000990,0.000241,0.079209,0.000000,0.000000,249.431808,0.000349,0.000085,8409.332031,0.011758,0.002867,0.000000,0.000000,0.000000,0.000000,0.000000,0.000000,0.000000,0.000000,0.000000,0.000000,0.000000,0.000000,0.000000,0.000000,64749191168.000000,23237.578125,22072.333984,2306540288.000000,15680.083008,786.275818
1,2010,ANNUAL_DELTA,-0.249731,0.000000,0.000000,0.000000,-9.097361,-0.039140,-0.450123,0.101649,0.552000,0.006358,0.000707,1.675174,0.003155,0.035037,0.009177,0.003254,-1.660539,-1.121798,-9.402659,-4.584797,-0.503406,-0.335464,-0.211216,-0.131479,-0.001963,0.000000,0.000000,0.000000,9.792969,6.651367,3.061768,-0.232666,6.921875,3.115234,-0.020096,-0.044651,-0.021677,0.000000,28.743164,27.375000,18.318481,10.422119,2.646667,1.030609,1.692009,0.000000,14.911652,2.843040,4.253365,0.000000,144.923828,165.919922,-12.647705,-3.509399,-4.735352,1.552322,-0.000112,0.115444,4.835312,0.000000,0.000000,-0.000783,-0.000012,-0.000771,-1.167299,-0.008879,-0.008879,-0.236071,0.000000,0.000968,0.000000,0.000000,0.000000,0.000179,0.000000,0.006245,0.000968,0.000000,0.000000,-0.937473,0.000000,0.000000,0.000000,0.000000,0.000000,0.000000,0.000000,0.000000,0.000000,0.000000,0.000000,0.000000,0.000000,0.000000,0.000000,-2154.953125,-0.014443,-0.000735,0.000000,0.000000,0.000000,547822.000000,3.671738,0.186747,-37.504028,-0.000251,-0.000013,7602.281250,0.050954,0.002592,627386.000000,4.205002,0.213870,0.000000,0.000000,0.000000,0.000000,0.000000,0.000000,0.000000,0.000000,0.000000,458.163757,0.003071,0.000156,0.004864,0.000000,0.000000,32.023190,0.000215,0.000011,708.089050,0.004746,0.000241,0.000000,0.000000,0.000000,0.000000,0.000000,0.000000,0.000000,0.000000,0.000000,0.000000,0.000000,0.000000,0.000000,0.000000,28200960.000000,23.105469,9.615234,19525632.000000,15.996094,6.655273,8454144.000000,6.927734,2.882080,0.000000,0.000000,0.000000,0.000000,0.000000,0.000000,63671296.000000,52.171875,21.704590,40740096.000000,33.382324,13.887939,409945.000000,0.335911,0.139746,-51.816406,-0.000042,-0.000018,175799.000000,0.144050,0.059928,7014896.000000,5.748032,2.391304,-3424270.750000,-2.805859,-1.167299,-26045.990234,-0.021342,-0.008879,-26046.019531,-0.021342,-0.008879,187.739868,0.000154,0.000064,0.004658,0.000000,0.000000,254.375473,0.000208,0.000087,11100.334961,0.009096,0.003784,0.000000,0.000000,0.000000,0.000000,0.000000,0.000000,0.000000,0.000000,0.000000,0.000000,0.000000,0.000000,0.000000,0.000000,228824.000000,1.555603,0.078007,1.500000,0.000010,0.000001,228960.000000,1.556519,0.078051,0.000000,0.000000,0.000000,0.000000,0.000000,0.000000,7960592.000000,54.116852,2.713684,10214584.000000,69.439697,3.482046,238864.000000,1.623821,0.081426,18.275391,0.000124,0.000006,16618.250000,0.112972,0.005665,386463.000000,2.627213,0.131741,0.000000,0.000000,0.000000,0.000000,0.000000,0.000000,0.000000,0.000000,0.000000,80.095154,0.000544,0.000027,0.000606,0.000000,0.000000,24.863697,0.000169,0.000008,780.869690,0.005308,0.000266,0.000000,0.000000,0.000000,0.000000,0.000000,0.000000,0.000000,0.000000,0.000000,0.000000,0.000000,0.000000,0.000000,0.000000,0.000000,0.000000,0.000000,0.000000,0.000000,0.000000,0.000000,0.000000,0.000000,0.000000,0.000000,0.000000,0.000000,0.000000,0.000000,-9895.000000,-0.014104,-0.003373,0.000000,0.000000,0.000000,2898424.000000,4.131165,0.988041,-207.275391,-0.000295,-0.000071,55537.750000,0.079159,0.018932,3321096.000000,4.733604,1.132128,0.000000,0.000000,0.000000,0.000000,0.000000,0.000000,0.000000,0.000000,0.000000,1817.667969,0.002591,0.000620,0.040058,0.000000,0.000000,114.277740,0.000163,0.000039,2285.686768,0.003258,0.000779,0.000000,0.000000,0.000000,0.000000,0.000000,0.000000,0.000000,0.000000,0.000000,0.000000,0.000000,0.000000,0.000000,0.000000,311232.000000,0.435150,0.106094,-2026.037064,-0.002833,-0.000691,313152.000000,0.437805,0.106743,0.000000,0.000000,0.000000,0.000000,0.000000,0.000000,12697328.000000,17.753540,4.328392,29342528.000000,41.027039,10.002579,456163.000000,0.637812,0.155501,-49.257813,-0.000069,-0.000017,83065.500000,0.116143,0.028316,2834208.000000,3.962814,0.966152,0.000000,0.000000,0.000000,0.000000,0.000000,0.000000,0.000000,0.000000,0.000000,296.349762,0.000414,0.000101,0.002780,0.000000,0.000000,100.963623,0.000141,0.000034,3444.964844,0.004817,0.001174,0.000000,0.000000,0.000000,0.000000,0.000000,0.000000,0.000000,0.000000,0.000000,0.000000,0.000000,0.000000,0.000000,0.000000,417767424.000000,149.929688,142.412109,7291392.000000,49.566406,2.485474
1,2010,MIN_VALUE,0.000000,0.000000,0.000000,0.000000,0.000000,0.143566,0.000106,0.065774,0.034089,0.002161,0.002889,0.251202,0.088535,0.076872,0.042598,0.059496,1.274267,0.828670,-4.701377,-0.865220,4.356053,5.962665,6.920208,7.438639,0.000000,0.000000,0.000000,0.000000,17604.925781,14389.864258,3215.212402,276.752808,14113.009766,2892.684570,250.639847,51.736538,20.035788,0.000000,4349.722656,1317.971558,490.770538,3858.140869,603.087097,207.440186,110.668701,0.000000,246.822861,75.312141,74.267647,0.000000,22713.361328,17820.253906,2427.834229,1490.195068,955.744141,52.840530,0.010904,3.715998,72.136536,0.000000,0.000000,0.010260,0.000154,0.010106,0.000000,0.000000,0.000000,0.628440,0.000000,0.000454,0.000000,0.000000,0.000000,0.000040,0.000000,0.001114,0.000454,0.000000,0.000000,-1.118443,596800.000000,4.000000,0.203443,298400.000000,2.000000,0.101721,298400.000000,2.000000,0.101721,0.000000,0.000000,0.000000,0.000000,0.000000,0.000000,184098.218750,1.233902,0.062757,298400.000000,2.000000,0.101721,20189666.000000,135.319473,6.882450,1895.070435,0.012702,0.000646,434385.250000,2.911429,0.148077,-5707245.500000,-38.252316,-1.945541,0.000000,0.000000,0.000000,0.000000,0.000000,0.000000,0.000000,0.000000,0.000000,181.165024,0.001214,0.000062,0.018886,0.000000,0.000000,8.746849,0.000059,0.000003,128.179932,0.000859,0.000044,0.000000,0.000000,0.000000,0.000000,0.000000,0.000000,0.000000,0.000000,0.000000,0.000000,0.000000,0.000000,0.000000,0.000000,51250741248.000000,41995.035156,17470.849609,42210430976.000000,34587.375000,14389.102539,9040404480.000000,7407.738281,3081.780762,0.000000,0.000000,0.000000,0.000000,0.000000,0.000000,12432653312.000000,10187.359375,4238.164063,3417081088.000000,2799.968262,1164.847900,11065869.000000,9.067411,3.772241,9129.245117,0.007481,0.003112,4868283.000000,3.989088,1.659548,165539168.000000,135.643372,56.430599,0.000000,0.000000,0.000000,0.000000,0.000000,0.000000,0.000000,0.000000,0.000000,35.538113,0.000029,0.000012,0.147909,0.000000,0.000000,19.171558,0.000016,0.000007,902.706360,0.000740,0.000308,0.000000,0.000000,0.000000,0.000000,0.000000,0.000000,0.000000,0.000000,0.000000,0.000000,0.000000,0.000000,0.000000,0.000000,73469104.000000,499.450043,25.044861,1954291.625000,13.285463,0.666198,71514680.000000,486.163696,24.378620,0.000000,0.000000,0.000000,0.000000,0.000000,0.000000,34277064.000000,233.018799,11.684699,55082100.000000,374.453430,18.776922,5862935.000000,39.856796,1.998614,2515.555664,0.017101,0.000858,600261.375000,4.080635,0.204623,12201636.000000,82.947899,4.159412,0.000000,0.000000,0.000000,0.000000,0.000000,0.000000,0.000000,0.000000,0.000000,0.809200,0.000006,0.000000,0.003308,0.000000,0.000000,0.151564,0.000001,0.000000,5.251139,0.000036,0.000002,0.000000,0.000000,0.000000,0.000000,0.000000,0.000000,0.000000,0.000000,0.000000,0.000000,0.000000,0.000000,0.000000,0.000000,2806400.000000,4.000000,0.956673,1403200.000000,2.000000,0.478336,1403200.000000,2.000000,0.478336,0.000000,0.000000,0.000000,0.000000,0.000000,0.000000,856859.500000,1.221293,0.292095,1403200.000000,2.000000,0.478336,104586904.000000,149.069138,35.652603,12048.875000,0.017173,0.004107,2451674.500000,3.494405,0.835751,-31612418.000000,-45.057610,-10.776349,0.000000,0.000000,0.000000,0.000000,0.000000,0.000000,0.000000,0.000000,0.000000,1057.298096,0.001507,0.000360,0.150597,0.000000,0.000000,46.672432,0.000067,0.000016,558.185120,0.000796,0.000190,0.000000,0.000000,0.000000,0.000000,0.000000,0.000000,0.000000,0.000000,0.000000,0.000000,0.000000,0.000000,0.000000,0.000000,318529568.000000,445.371338,108.583458,136.785202,0.000191,0.000047,318527488.000000,445.368439,108.582748,0.000000,0.000000,0.000000,0.000000,0.000000,0.000000,207918560.000000,290.713867,70.877304,328741664.000000,459.649994,112.064659,11773770.000000,16.462206,4.013557,6349.872070,0.008878,0.002165,2537921.000000,3.548548,0.865151,70390792.000000,98.421135,23.995499,0.000000,0.000000,0.000000,0.000000,0.000000,0.000000,0.000000,0.000000,0.000000,48.317360,0.000068,0.000016,0.068879,0.000000,0.000000,39.598888,0.000055,0.000013,1525.083496,0.002132,0.000520,0.000000,0.000000,0.000000,0.000000,0.000000,0.000000,0.000000,0.000000,0.000000,0.000000,0.000000,0.000000,0.000000,0.000000,64331423744.000000,23087.648438,21929.921875,2299248896.000000,15630.516602,783.790344
1,2010,MIN_VALUE_JDAY,6.000000,1.000000,1.000000,1.000000,6.000000,229.000000,280.000000,229.000000,238.000000,298.000000,336.000000,242.000000,229.000000,242.000000,296.000000,295.000000,327.000000,327.000000,327.000000,328.000000,329.000000,329.000000,329.000000,365.000000,6.000000,1.000000,1.000000,1.000000,1.000000,1.000000,1.000000,365.000000,1.000000,1.000000,365.000000,365.000000,365.000000,1.000000,349.000000,262.000000,321.000000,349.000000,262.000000,262.000000,349.000000,1.000000,262.000000,262.000000,349.000000,1.000000,1.000000,1.000000,365.000000,365.000000,365.000000,178.000000,365.000000,1.000000,1.000000,1.000000,1.000000,329.000000,329.000000,329.000000,350.000000,350.000000,350.000000,328.000000,1.000000,242.000000,1.000000,243.000000,1.000000,234.000000,1.000000,234.000000,242.000000,1.000000,1.000000,359.000000,1.000000,1.000000,1.000000,1.000000,1.000000,1.000000,1.000000,1.000000,1.000000,1.000000,1.000000,1.000000,1.000000,1.000000,1.000000,365.000000,365.000000,365.000000,1.000000,1.000000,1.000000,56.000000,56.000000,56.000000,365.000000,365.000000,365.000000,110.000000,110.000000,110.000000,1.000000,1.000000,1.000000,1.000000,1.000000,1.000000,1.000000,1.000000,1.000000,1.000000,1.000000,1.000000,242.000000,242.000000,242.000000,260.000000,260.000000,260.000000,243.000000,243.000000,243.000000,243.000000,243.000000,243.000000,1.000000,1.000000,1.000000,1.000000,1.000000,1.000000,1.000000,1.000000,1.000000,1.000000,1.000000,1.000000,1.000000,1.000000,1.000000,1.000000,1.000000,1.000000,1.000000,1.000000,1.000000,1.000000,1.000000,1.000000,1.000000,1.000000,1.000000,1.000000,1.000000,349.000000,349.000000,349.000000,349.000000,349.000000,349.000000,176.000000,176.000000,176.000000,349.000000,349.000000,349.000000,19.000000,19.000000,19.000000,28.000000,28.000000,28.000000,350.000000,350.000000,350.000000,350.000000,350.000000,350.000000,350.000000,350.000000,350.000000,219.000000,219.000000,219.000000,244.000000,244.000000,244.000000,243.000000,243.000000,243.000000,243.000000,243.000000,243.000000,1.000000,1.000000,1.000000,1.000000,1.000000,1.000000,1.000000,1.000000,1.000000,1.000000,1.000000,1.000000,1.000000,1.000000,1.000000,1.000000,1.000000,1.000000,1.000000,1.000000,1.000000,1.000000,1.000000,1.000000,1.000000,1.000000,1.000000,1.000000,1.000000,262.000000,262.000000,262.000000,262.000000,262.000000,262.000000,192.000000,192.000000,192.000000,199.000000,199.000000,199.000000,128.000000,128.000000,128.000000,130.000000,130.000000,130.000000,1.000000,1.000000,1.000000,1.000000,1.000000,1.000000,1.000000,1.000000,1.000000,243.000000,243.000000,243.000000,295.000000,295.000000,295.000000,243.000000,243.000000,243.000000,243.000000,243.000000,243.000000,1.000000,1.000000,1.000000,1.000000,1.000000,1.000000,1.000000,1.000000,1.000000,1.000000,1.000000,1.000000,1.000000,1.000000,1.000000,1.000000,1.000000,1.000000,1.000000,1.000000,1.000000,1.000000,1.000000,1.000000,1.000000,1.000000,1.000000,1.000000,1.000000,365.000000,365.000000,365.000000,1.000000,1.000000,1.000000,55.000000,55.000000,55.000000,365.000000,365.000000,365.000000,1.000000,1.000000,1.000000,1.000000,1.000000,1.000000,1.000000,1.000000,1.000000,1.000000,1.000000,1.000000,1.000000,1.000000,1.000000,242.000000,242.000000,242.000000,258.000000,258.000000,258.000000,242.000000,242.000000,242.000000,242.000000,242.000000,242.000000,1.000000,1.000000,1.000000,1.000000,1.000000,1.000000,1.000000,1.000000,1.000000,1.000000,1.000000,1.000000,1.000000,1.000000,1.000000,1.000000,1.000000,365.000000,365.000000,365.000000,1.000000,1.000000,1.000000,1.000000,1.000000,1.000000,1.000000,1.000000,1.000000,152.000000,152.000000,152.000000,262.000000,262.000000,262.000000,262.000000,262.000000,262.000000,262.000000,262.000000,262.000000,1.000000,1.000000,1.000000,1.000000,1.000000,1.000000,1.000000,1.000000,1.000000,1.000000,1.000000,1.000000,1.000000,1.000000,1.000000,238.000000,238.000000,238.000000,281.000000,281.000000,281.000000,229.000000,229.000000,229.000000,229.000000,229.000000,229.000000,1.000000,1.000000,1.000000,1.000000,1.000000,1.000000,1.000000,1.000000,1.000000,1.000000,1.000000,1.000000,1.000000,1.000000,1.000000,1.000000,1.000000,1.000000,1.000000,1.000000
1,2010,MAX_VALUE,3.591564,5.100190,5.100190,5.100190,57.213234,11.144766,2.869045,4.243465,2.490699,0.020478,0.007348,7.156397,0.323619,0.277874,0.075917,0.071077,9.715709,4.534719,25.557356,21.251072,15.315003,11.910612,10.232497,9.345783,0.005780,0.000000,0.000000,0.000000,18057.324219,14682.069336,3424.565918,375.185242,14323.875000,2958.021729,372.242706,69.729126,27.392721,0.000000,4626.464844,1501.639282,570.104187,4056.508545,647.810669,213.940659,113.264481,0.000000,352.696167,92.416283,81.510315,0.000000,22858.482422,17986.250000,2440.481934,1493.704468,960.479492,55.154251,0.011016,3.831442,76.971848,0.000000,0.000000,0.032930,0.000494,0.032436,7.276875,0.094709,0.094710,2.237652,0.000000,0.007046,0.000000,0.000000,0.000000,0.001029,0.000000,0.037211,0.007047,0.000000,0.000000,5.678936,596800.000000,4.000000,0.203443,298400.000000,2.000000,0.101721,298400.000000,2.000000,0.101721,0.000000,0.000000,0.000000,0.000000,0.000000,0.000000,186253.171875,1.248346,0.063492,298400.000000,2.000000,0.101721,21074770.000000,141.251816,7.184173,1932.574463,0.012953,0.000659,444327.531250,2.978067,0.151467,-5079859.500000,-34.047314,-1.731672,0.000000,0.000000,0.000000,0.000000,0.000000,0.000000,0.000000,0.000000,0.000000,2550.059326,0.017092,0.000869,0.044651,0.000000,0.000000,139.164764,0.000933,0.000047,2466.251221,0.016530,0.000841,0.000000,0.000000,0.000000,0.000000,0.000000,0.000000,0.000000,0.000000,0.000000,0.000000,0.000000,0.000000,0.000000,0.000000,52436422656.000000,42966.585938,17875.037109,43056877568.000000,35280.953125,14677.646484,9379540992.000000,7685.628418,3197.389160,0.000000,0.000000,0.000000,0.000000,0.000000,0.000000,13237736448.000000,10847.046875,4512.607910,3736527616.000000,3061.723633,1273.743896,12130440.000000,9.939725,4.135142,9190.113281,0.007530,0.003133,5050820.500000,4.138659,1.721773,174205840.000000,142.744873,59.384979,10145806.000000,8.313509,3.458601,77171.945313,0.063235,0.026307,77172.031250,0.063235,0.026307,1404.357544,0.001151,0.000479,0.167592,0.000000,0.000000,1390.130005,0.001139,0.000474,70750.156250,0.057973,0.024118,0.000000,0.000000,0.000000,0.000000,0.000000,0.000000,0.000000,0.000000,0.000000,0.000000,0.000000,0.000000,0.000000,0.000000,144851776.000000,984.716370,49.378483,33332768.000000,226.599380,11.362799,111518960.000000,758.116699,38.015667,0.000000,0.000000,0.000000,0.000000,0.000000,0.000000,59512512.000000,404.571808,20.287205,86198680.000000,585.986938,29.384245,6587535.000000,44.782700,2.245623,2545.236328,0.017303,0.000868,625190.312500,4.250104,0.213121,12914718.000000,87.795502,4.402494,1849800.375000,12.575122,0.630578,26550.900391,0.180496,0.009051,26550.884766,0.180495,0.009051,721.551208,0.004905,0.000246,0.010232,0.000000,0.000000,158.578644,0.001078,0.000054,4398.987793,0.029905,0.001500,0.000000,0.000000,0.000000,0.000000,0.000000,0.000000,0.000000,0.000000,0.000000,0.000000,0.000000,0.000000,0.000000,0.000000,2806400.000000,4.000000,0.956673,1403200.000000,2.000000,0.478336,1403200.000000,2.000000,0.478336,0.000000,0.000000,0.000000,0.000000,0.000000,0.000000,866754.500000,1.235397,0.295468,1403200.000000,2.000000,0.478336,108903128.000000,155.221100,37.123955,12256.150391,0.017469,0.004178,2507212.250000,3.573564,0.854683,-28291322.000000,-40.324005,-9.644221,0.000000,0.000000,0.000000,0.000000,0.000000,0.000000,0.000000,0.000000,0.000000,14180.720703,0.020212,0.004834,0.369417,0.000001,0.000000,593.190002,0.000845,0.000202,8528.875977,0.012156,0.002907,0.000000,0.000000,0.000000,0.000000,0.000000,0.000000,0.000000,0.000000,0.000000,0.000000,0.000000,0.000000,0.000000,0.000000,696548032.000000,973.920654,237.446075,114957296.000000,160.734482,39.187763,644201216.000000,900.728760,219.601563,0.000000,0.000000,0.000000,0.000000,0.000000,0.000000,280525600.000000,392.233795,95.628296,580624448.000000,811.835083,197.928909,16620286.000000,23.238655,5.665685,6436.993164,0.009000,0.002194,2620986.500000,3.664690,0.893467,73225000.000000,102.383949,24.961651,15291392.000000,21.380583,5.212678,219483.000000,0.306883,0.074820,219484.015625,0.306885,0.074820,1849.544189,0.002586,0.000630,0.094691,0.000000,0.000000,785.289429,0.001098,0.000268,26034.347656,0.036401,0.008875,0.000000,0.000000,0.000000,0.000000,0.000000,0.000000,3492109.500000,4.882703,1.190424,7152.000000,119643.117188,0.167286,0.040785,7152.000000,64749748224.000000,23237.779297,22072.523438,2306540288.000000,15680.083008,786.275818
1,2010,MAX_VALUE_JDAY,346.000000,326.000000,326.000000,330.000000,346.000000,346.000000,346.000000,347.000000,348.000000,21.000000,25.000000,348.000000,346.000000,16.000000,20.000000,19.000000,227.000000,261.000000,227.000000,227.000000,229.000000,229.000000,229.000000,229.000000,346.000000,1.000000,1.000000,1.000000,269.000000,349.000000,262.000000,182.000000,349.000000,262.000000,262.000000,349.000000,349.000000,1.000000,365.000000,365.000000,365.000000,365.000000,365.000000,365.000000,365.000000,1.000000,365.000000,365.000000,365.000000,1.000000,362.000000,363.000000,1.000000,1.000000,1.000000,365.000000,1.000000,365.000000,365.000000,1.000000,1.000000,229.000000,229.000000,229.000000,146.000000,146.000000,146.000000,261.000000,1.000000,347.000000,1.000000,17.000000,1.000000,347.000000,1.000000,347.000000,347.000000,1.000000,1.000000,146.000000,1.000000,1.000000,1.000000,1.000000,1.000000,1.000000,1.000000,1.000000,1.000000,1.000000,1.000000,1.000000,1.000000,1.000000,1.000000,1.000000,1.000000,1.000000,1.000000,1.000000,1.000000,322.000000,322.000000,322.000000,1.000000,1.000000,1.000000,347.000000,347.000000,347.000000,365.000000,365.000000,365.000000,1.000000,1.000000,1.000000,1.000000,1.000000,1.000000,1.000000,1.000000,1.000000,348.000000,348.000000,348.000000,348.000000,348.000000,348.000000,348.000000,348.000000,348.000000,349.000000,349.000000,349.000000,1.000000,1.000000,1.000000,1.000000,1.000000,1.000000,1.000000,1.000000,1.000000,1.000000,1.000000,1.000000,1.000000,1.000000,349.000000,349.000000,349.000000,349.000000,349.000000,349.000000,349.000000,349.000000,349.000000,1.000000,1.000000,1.000000,1.000000,1.000000,1.000000,365.000000,365.000000,365.000000,365.000000,365.000000,365.000000,365.000000,365.000000,365.000000,1.000000,1.000000,1.000000,345.000000,345.000000,345.000000,342.000000,342.000000,342.000000,262.000000,262.000000,262.000000,262.000000,262.000000,262.000000,262.000000,262.000000,262.000000,347.000000,347.000000,347.000000,18.000000,18.000000,18.000000,347.000000,347.000000,347.000000,347.000000,347.000000,347.000000,1.000000,1.000000,1.000000,1.000000,1.000000,1.000000,1.000000,1.000000,1.000000,1.000000,1.000000,1.000000,1.000000,1.000000,262.000000,262.000000,262.000000,262.000000,262.000000,262.000000,262.000000,262.000000,262.000000,1.000000,1.000000,1.000000,1.000000,1.000000,1.000000,365.000000,365.000000,365.000000,365.000000,365.000000,365.000000,134.000000,134.000000,134.000000,134.000000,134.000000,134.000000,342.000000,342.000000,342.000000,343.000000,343.000000,343.000000,148.000000,148.000000,148.000000,148.000000,148.000000,148.000000,148.000000,148.000000,148.000000,347.000000,347.000000,347.000000,16.000000,16.000000,16.000000,347.000000,347.000000,347.000000,347.000000,347.000000,347.000000,1.000000,1.000000,1.000000,1.000000,1.000000,1.000000,1.000000,1.000000,1.000000,1.000000,1.000000,1.000000,1.000000,1.000000,1.000000,1.000000,1.000000,1.000000,1.000000,1.000000,1.000000,1.000000,1.000000,1.000000,1.000000,1.000000,1.000000,1.000000,1.000000,1.000000,1.000000,1.000000,1.000000,1.000000,1.000000,322.000000,322.000000,322.000000,1.000000,1.000000,1.000000,365.000000,365.000000,365.000000,365.000000,365.000000,365.000000,1.000000,1.000000,1.000000,1.000000,1.000000,1.000000,1.000000,1.000000,1.000000,347.000000,347.000000,347.000000,18.000000,18.000000,18.000000,348.000000,348.000000,348.000000,348.000000,348.000000,348.000000,1.000000,1.000000,1.000000,1.000000,1.000000,1.000000,1.000000,1.000000,1.000000,1.000000,1.000000,1.000000,1.000000,1.000000,258.000000,258.000000,258.000000,166.000000,166.000000,166.000000,262.000000,262.000000,262.000000,1.000000,1.000000,1.000000,1.000000,1.000000,1.000000,259.000000,259.000000,259.000000,365.000000,365.000000,365.000000,134.000000,134.000000,134.000000,134.000000,134.000000,134.000000,365.000000,365.000000,365.000000,365.000000,365.000000,365.000000,146.000000,146.000000,146.000000,146.000000,146.000000,146.000000,146.000000,146.000000,146.000000,347.000000,347.000000,347.000000,16.000000,16.000000,16.000000,347.000000,347.000000,347.000000,347.000000,347.000000,347.000000,1.000000,1.000000,1.000000,1.000000,1.000000,1.000000,122.000000,122.000000,122.000000,122.000000,167.000000,167.000000,167.000000,61.000000,362.000000,362.000000,362.000000,365.000000,365.000000,365.000000
1,2010,ANNUAL_SUM,30.637176,5.100190,20.400761,5.100190,1077.636312,312.900954,55.976411,117.622432,104.827461,2.346555,1.490916,597.792466,63.512129,57.987946,21.895494,23.329404,1569.756320,867.766004,4314.560665,3976.642126,3674.255585,3359.361935,3195.470329,3107.788907,0.215300,0.000000,0.000000,0.000000,6529892.681641,5315679.132813,1214261.146484,121921.182037,5193735.687500,1068227.551270,114249.723099,22957.798515,8818.622540,0.000000,1630218.190918,506116.191040,187727.414215,1442542.066895,227128.156860,76414.859467,40549.277962,0.000000,105145.146973,29265.294296,27612.682861,0.000000,8314989.710938,6532792.330078,888506.158203,544565.188232,349713.286621,19694.005009,3.996785,1376.829060,27218.581757,0.000000,0.000000,7.732885,0.115993,7.616890,627.727218,6.275454,6.275458,482.533224,0.000000,0.495708,0.000000,0.000059,0.000000,0.057473,0.000000,1.732268,0.495767,0.000000,0.000000,143.461726,217832000.000000,1460.000000,74.256692,108916000.000000,730.000000,37.128346,108916000.000000,730.000000,37.128346,0.000000,0.000000,0.000000,0.000000,0.000000,0.000000,67601943.406250,453.096136,23.044808,108916000.000000,730.000000,37.128346,7499499692.000000,50264.743317,2556.502374,698039.627686,4.678550,0.237955,159755297.187500,1070.745959,54.458939,-1979412272.000000,-13266.838276,-674.761299,0.000000,0.000000,0.000000,0.000000,0.000000,0.000000,0.000000,0.000000,0.000000,188248.317978,1.261718,0.064172,9.034164,0.000061,0.000003,10303.319969,0.069057,0.003512,170159.694046,1.140481,0.058006,0.000000,0.000000,0.000000,0.000000,0.000000,0.000000,0.000000,0.000000,0.000000,0.000000,0.000000,0.000000,0.000000,0.000000,18944723185664.000000,15523372.007813,6458061.421875,15576834437120.000000,12763712.253906,5309982.750977,3367887465472.000000,2759658.690430,1148078.221924,0.000000,0.000000,0.000000,0.000000,0.000000,0.000000,4673758383104.000000,3829693.853516,1593236.196777,1295273786880.000000,1061351.841553,441545.520508,4185830135.000000,3429.883744,1426.906469,3338805.691406,2.735829,1.138165,1810253688.500000,1483.328163,617.096877,61979428112.000000,50786.158844,21128.150089,1188930076.500000,974.213436,405.294044,9043356.533081,7.410158,3.082787,9043356.896729,7.410158,3.082787,60490.136856,0.049566,0.020620,56.621843,0.000046,0.000019,55622.964735,0.045578,0.018961,2502687.757202,2.050711,0.853141,0.000000,0.000000,0.000000,0.000000,0.000000,0.000000,0.000000,0.000000,0.000000,0.000000,0.000000,0.000000,0.000000,0.000000,37582897576.000000,255492.163452,12811.623281,5440912797.375000,36987.850479,1854.751257,32141968488.000000,218504.204437,10956.866806,0.000000,0.000000,0.000000,0.000000,0.000000,0.000000,16059432960.000000,109173.575607,5474.495643,24210055756.000000,164582.296112,8252.959196,2253094173.500000,15316.751652,768.056646,922879.800049,6.273826,0.314600,222150833.687500,1510.202812,75.728936,4544994823.000000,30897.313560,1549.342022,71382653.635742,485.266170,24.333613,1024582.374002,6.965210,0.349270,1024582.319803,6.965210,0.349270,31128.570755,0.211615,0.010611,1.913859,0.000013,0.000001,7138.471529,0.048528,0.002433,197452.659322,1.342302,0.067310,0.000000,0.000000,0.000000,0.000000,0.000000,0.000000,0.000000,0.000000,0.000000,0.000000,0.000000,0.000000,0.000000,0.000000,1024336000.000000,1460.000000,349.185611,512168000.000000,730.000000,174.592806,512168000.000000,730.000000,174.592806,0.000000,0.000000,0.000000,0.000000,0.000000,0.000000,314633322.375000,448.451141,107.255265,512168000.000000,730.000000,174.592806,38827341144.000000,55341.136276,13235.841557,4433462.821289,6.319075,1.511322,903680525.000000,1288.028113,308.055403,-10942558934.000000,-15596.577713,-3730.205874,0.000000,0.000000,0.000000,0.000000,0.000000,0.000000,0.000000,0.000000,0.000000,1052725.108765,1.500463,0.358863,76.878743,0.000110,0.000026,49439.300442,0.070467,0.016853,666606.177368,0.950123,0.227239,0.000000,0.000000,0.000000,0.000000,0.000000,0.000000,0.000000,0.000000,0.000000,0.000000,0.000000,0.000000,0.000000,0.000000,172690324672.000000,241457.390747,58868.356941,11167278833.864304,15614.204166,3806.810589,161523055712.000000,225843.202362,55061.549889,0.000000,0.000000,0.000000,0.000000,0.000000,0.000000,92249031600.000000,128983.545441,31446.746780,164587272864.000000,230127.617493,56106.109627,5006783989.000000,7000.536884,1706.761199,2332079.810547,3.260738,0.794982,943086107.000000,1318.632701,321.488361,26243349944.000000,36693.721825,8946.088242,581125035.958405,812.535011,198.099553,8341108.018434,11.662623,2.843398,8341115.509156,11.662633,2.843401,121573.836811,0.169986,0.041443,27.719004,0.000039,0.000009,46094.341347,0.064450,0.015713,1544709.532715,2.159829,0.526576,0.000000,0.000000,0.000000,0.000000,0.000000,0.000000,13968438.000000,19.530813,4.761697,28608.000000,710919.692871,0.994015,0.242345,100128.000000,23551841067008.000000,8452426.445313,8028580.552734,840525873664.000000,5713976.018555,286526.630859
1,2010,ANNUAL_AVERAGE,0.083937,0.013973,0.055892,0.013973,2.952428,0.857263,0.153360,0.322253,0.287199,0.006429,0.004085,1.637788,0.174006,0.158871,0.059988,0.063916,4.300702,2.377441,11.820714,10.894910,10.066454,9.203731,8.754713,8.514490,0.000590,0.000000,0.000000,0.000000,17890.116936,14563.504473,3326.742867,334.030636,14229.412842,2926.650825,313.012940,62.898078,24.160610,0.000000,4466.351208,1386.619701,514.321683,3952.170046,622.268923,209.355779,111.093912,0.000000,288.068896,80.178888,75.651186,0.000000,22780.793729,17898.061178,2434.263447,1491.959420,958.118593,53.956178,0.010950,3.772134,74.571457,0.000000,0.000000,0.021186,0.000318,0.020868,1.719801,0.017193,0.017193,1.322009,0.000000,0.001358,0.000000,0.000000,0.000000,0.000157,0.000000,0.004746,0.001358,0.000000,0.000000,0.393046,596800.000000,4.000000,0.203443,298400.000000,2.000000,0.101721,298400.000000,2.000000,0.101721,0.000000,0.000000,0.000000,0.000000,0.000000,0.000000,185210.803853,1.241359,0.063136,298400.000000,2.000000,0.101721,20546574.498630,137.711626,7.004116,1912.437336,0.012818,0.000652,437685.745719,2.933551,0.149203,-5423047.320548,-36.347502,-1.848661,0.000000,0.000000,0.000000,0.000000,0.000000,0.000000,0.000000,0.000000,0.000000,515.748816,0.003457,0.000176,0.024751,0.000000,0.000000,28.228274,0.000189,0.000010,466.190943,0.003125,0.000159,0.000000,0.000000,0.000000,0.000000,0.000000,0.000000,0.000000,0.000000,0.000000,0.000000,0.000000,0.000000,0.000000,0.000000,51903351193.600000,42529.786323,17693.318964,42676258731.835620,34969.074668,14547.897948,9227088946.498630,7560.708741,3145.419786,0.000000,0.000000,0.000000,0.000000,0.000000,0.000000,12804817487.956165,10492.311927,4365.030676,3548695306.520548,2907.813265,1209.713755,11468027.767123,9.396942,3.909333,9147.412853,0.007495,0.003118,4959599.146575,4.063913,1.690676,169806652.361644,139.140161,57.885343,3257342.675342,2.669078,1.110395,24776.319269,0.020302,0.008446,24776.320265,0.020302,0.008446,165.726402,0.000136,0.000056,0.155128,0.000000,0.000000,152.391684,0.000125,0.000052,6856.678787,0.005618,0.002337,0.000000,0.000000,0.000000,0.000000,0.000000,0.000000,0.000000,0.000000,0.000000,0.000000,0.000000,0.000000,0.000000,0.000000,102966842.673973,699.978530,35.100338,14906610.403767,101.336577,5.081510,88060187.638356,598.641656,30.018813,0.000000,0.000000,0.000000,0.000000,0.000000,0.000000,43998446.465753,299.105687,14.998618,66328919.879452,450.910400,22.610847,6172860.749315,41.963703,2.104265,2528.437808,0.017189,0.000862,608632.421062,4.137542,0.207477,12452040.610959,84.650174,4.244773,195568.914071,1.329496,0.066667,2807.074997,0.019083,0.000957,2807.074849,0.019083,0.000957,85.283755,0.000580,0.000029,0.005243,0.000000,0.000000,19.557456,0.000133,0.000007,540.966190,0.003678,0.000184,0.000000,0.000000,0.000000,0.000000,0.000000,0.000000,0.000000,0.000000,0.000000,0.000000,0.000000,0.000000,0.000000,0.000000,2806400.000000,4.000000,0.956673,1403200.000000,2.000000,0.478336,1403200.000000,2.000000,0.478336,0.000000,0.000000,0.000000,0.000000,0.000000,0.000000,862009.102397,1.228633,0.293850,1403200.000000,2.000000,0.478336,106376277.106849,151.619551,36.262580,12146.473483,0.017313,0.004141,2475837.054795,3.528844,0.843987,-29979613.517808,-42.730350,-10.219742,0.000000,0.000000,0.000000,0.000000,0.000000,0.000000,0.000000,0.000000,0.000000,2884.178380,0.004111,0.000983,0.210627,0.000000,0.000000,135.450138,0.000193,0.000046,1826.318294,0.002603,0.000623,0.000000,0.000000,0.000000,0.000000,0.000000,0.000000,0.000000,0.000000,0.000000,0.000000,0.000000,0.000000,0.000000,0.000000,473124177.183562,661.527098,161.283170,30595284.476341,42.778642,10.429618,442528919.758904,618.748500,150.853561,0.000000,0.000000,0.000000,0.000000,0.000000,0.000000,252737072.876712,353.379577,86.155471,450924035.243836,630.486623,153.715369,13717216.408219,19.179553,4.676058,6389.259755,0.008934,0.002178,2583797.553425,3.612692,0.880790,71899588.887671,100.530745,24.509831,1592123.386187,2.226123,0.542739,22852.350735,0.031952,0.007790,22852.371258,0.031952,0.007790,333.079005,0.000466,0.000114,0.075942,0.000000,0.000000,126.285867,0.000177,0.000043,4232.080912,0.005917,0.001443,0.000000,0.000000,0.000000,0.000000,0.000000,0.000000,38269.693151,0.053509,0.013046,78.378082,1947.725186,0.002723,0.000664,274.323288,64525591964.405480,23157.332727,21996.111103,2302810612.778082,15654.728818,785.004468
1,2010,DAY_COUNT,365,365,365,365,365,365,365,365,365,365,365,365,365,365,365,365,365,365,365,365,365,365,365,365,365,365,365,365,365,365,365,365,365,365,365,365,365,365,365,365,365,365,365,365,365,365,365,365,365,365,365,365,365,365,365,365,365,365,365,365,365,365,365,365,365,365,365,365,365,365,365,365,365,365,365,365,365,365,365,365,365,365,365,365,365,365,365,365,365,365,365,365,365,365,365,365,365,365,365,365,365,365,365,365,365,365,365,365,365,365,365,365,365,365,365,365,365,365,365,365,365,365,365,365,365,365,365,365,365,365,365,365,365,365,365,365,365,365,365,365,365,365,365,365,365,365,365,365,365,365,365,365,365,365,365,365,365,365,365,365,365,365,365,365,365,365,365,365,365,365,365,365,365,365,365,365,365,365,365,365,365,365,365,365,365,365,365,365,365,365,365,365,365,365,365,365,365,365,365,365,365,365,365,365,365,365,365,365,365,365,365,365,365,365,365,365,365,365,365,365,365,365,365,365,365,365,365,365,365,365,365,365,365,365,365,365,365,365,365,365,365,365,365,365,365,365,365,365,365,365,365,365,365,365,365,365,365,365,365,365,365,365,365,365,365,365,365,365,365,365,365,365,365,365,365,365,365,365,365,365,365,365,365,365,365,365,365,365,365,365,365,365,365,365,365,365,365,365,365,365,365,365,365,365,365,365,365,365,365,365,365,365,365,365,365,365,365,365,365,365,365,365,365,365,365,365,365,365,365,365,365,365,365,365,365,365,365,365,365,365,365,365,365,365,365,365,365,365,365,365,365,365,365,365,365,365,365,365,365,365,365,365,365,365,365,365,365,365,365,365,365,365,365,365,365,365,365,365,365,365,365,365,365,365,365,365,365,365,365,365,365,365,365,365,365,365,365,365,365,365,365,365,365,365,365,365,365,365,365,365,365,365,365,365,365,365,365,365,365,365,365,365,365,365,365,365
1,2011,INITIAL_VALUE,0.000000,0.000000,0.000000,0.000000,0.000000,1.323385,0.005725,0.427171,0.871287,0.013629,0.005573,3.605117,0.218131,0.247896,0.071635,0.068965,1.964786,1.390851,1.150223,2.332667,4.533772,5.918999,6.836346,7.384861,0.000000,0.000000,0.000000,0.000000,17614.718750,14396.515625,3218.274170,276.752808,14119.931641,2895.799805,250.639847,51.736542,20.035788,0.000000,4626.139648,1501.181519,569.978271,4056.310303,647.695984,213.919113,113.262184,0.000000,352.447723,92.358704,81.501892,0.000000,22858.277344,17986.195313,2427.812744,1490.188965,955.733215,55.165066,0.010904,3.831590,76.979362,0.000000,0.000000,0.011238,0.000169,0.011070,0.000000,0.000000,0.000000,0.793562,0.000000,0.002393,0.000000,0.000000,0.000000,0.000363,0.000000,0.011956,0.002394,0.000000,0.000000,-0.805518,596800.000000,4.000000,0.203443,298400.000000,2.000000,0.101721,298400.000000,2.000000,0.101721,0.000000,0.000000,0.000000,0.000000,0.000000,0.000000,184096.828125,1.233893,0.062757,298400.000000,2.000000,0.101721,20892732.000000,140.031708,7.122118,1894.931396,0.012701,0.000646,443508.593750,2.972578,0.151188,-5075849.000000,-34.020435,-1.730305,0.000000,0.000000,0.000000,0.000000,0.000000,0.000000,0.000000,0.000000,0.000000,982.904053,0.006588,0.000335,0.031088,0.000000,0.000000,63.985817,0.000429,0.000022,1285.098145,0.008613,0.000438,0.000000,0.000000,0.000000,0.000000,0.000000,0.000000,0.000000,0.000000,0.000000,0.000000,0.000000,0.000000,0.000000,0.000000,51278942208.000000,42018.140625,17480.464844,42229956608.000000,34603.371094,14395.757813,9048857600.000000,7414.665527,3084.662598,0.000000,0.000000,0.000000,0.000000,0.000000,0.000000,13236956160.000000,10846.408203,4512.342285,3735823872.000000,3061.147217,1273.504028,12163684.000000,9.966966,4.146475,9138.774414,0.007488,0.003115,5044355.000000,4.133362,1.719569,173073088.000000,141.816696,58.998837,0.000000,0.000000,0.000000,0.000000,0.000000,0.000000,0.000000,0.000000,0.000000,402.833221,0.000330,0.000137,0.163904,0.000000,0.000000,448.138092,0.000367,0.000153,19730.511719,0.016167,0.006726,0.000000,0.000000,0.000000,0.000000,0.000000,0.000000,0.000000,0.000000,0.000000,0.000000,0.000000,0.000000,0.000000,0.000000,73697928.000000,501.005646,25.122868,1954293.125000,13.285474,0.666198,71743640.000000,487.720215,24.456671,0.000000,0.000000,0.000000,0.000000,0.000000,0.000000,59482876.000000,404.370331,20.277102,86113768.000000,585.409729,29.355299,6352070.000000,43.181984,2.165355,2539.871094,0.017266,0.000866,623157.000000,4.236282,0.212428,12838748.000000,87.279045,4.376597,0.000000,0.000000,0.000000,0.000000,0.000000,0.000000,0.000000,0.000000,0.000000,199.748734,0.001358,0.000068,0.005939,0.000000,0.000000,54.180779,0.000368,0.000018,1616.867432,0.010992,0.000551,0.000000,0.000000,0.000000,0.000000,0.000000,0.000000,0.000000,0.000000,0.000000,0.000000,0.000000,0.000000,0.000000,0.000000,2806400.000000,4.000000,0.956673,1403200.000000,2.000000,0.478336,1403200.000000,2.000000,0.478336,0.000000,0.000000,0.000000,0.000000,0.000000,0.000000,856853.250000,1.221285,0.292092,1403200.000000,2.000000,0.478336,108100200.000000,154.076675,36.850246,12048.071289,0.017172,0.004107,2507302.000000,3.573692,0.854713,-28262476.000000,-40.282890,-9.634387,0.000000,0.000000,0.000000,0.000000,0.000000,0.000000,0.000000,0.000000,0.000000,4761.979980,0.006787,0.001623,0.270041,0.000000,0.000000,264.278259,0.000377,0.000090,4496.961914,0.006410,0.001533,0.000000,0.000000,0.000000,0.000000,0.000000,0.000000,0.000000,0.000000,0.000000,0.000000,0.000000,0.000000,0.000000,0.000000,318840800.000000,445.806488,108.689552,136.785202,0.000191,0.000047,318840640.000000,445.806244,108.689491,0.000000,0.000000,0.000000,0.000000,0.000000,0.000000,273883712.000000,382.947052,93.364143,580079424.000000,811.073059,197.743118,14316705.000000,20.017763,4.880417,6367.327148,0.008903,0.002171,2621648.750000,3.665616,0.893693,73245800.000000,102.413033,24.968740,0.000000,0.000000,0.000000,0.000000,0.000000,0.000000,0.000000,0.000000,0.000000,673.370789,0.000942,0.000230,0.078694,0.000000,0.000000,235.444855,0.000329,0.000080,7944.980469,0.011109,0.002708,0.000000,0.000000,0.000000,0.000000,0.000000,0.000000,0.000000,0.000000,0.000000,0.000000,0.000000,0.000000,0.000000,0.000000,64749166592.000000,23237.570313,22072.324219,2306553088.000000,15680.169922,786.280212
1,2011,FINAL_VALUE,0.000000,0.000000,0.000000,0.000000,0.000000,0.379162,0.000393,0.241857,0.131165,0.002613,0.003133,1.191698,0.186478,0.158204,0.047464,0.060885,2.485579,1.563293,4.451279,4.360270,6.040351,6.933639,7.474279,7.779298,0.000000,0.000000,0.000000,0.000000,17625.261719,14403.814453,3221.589600,276.755798,14127.247070,2898.892334,250.860321,51.748695,20.036682,0.000000,4675.191895,1521.506470,589.424194,4085.916016,649.465637,214.738007,114.661461,0.000000,363.424988,94.464996,84.752678,0.000000,22991.416016,18138.996094,2416.265869,1486.744263,951.122803,56.577579,0.010784,3.940041,81.430557,0.000000,0.000000,0.013329,0.000200,0.013129,0.000000,0.000000,0.000000,0.963464,0.000000,0.001089,0.000000,0.000000,0.000000,0.000110,0.000000,0.003148,0.001089,0.000000,0.000000,-0.966612,596800.000000,4.000000,0.203443,298400.000000,2.000000,0.101721,298400.000000,2.000000,0.101721,0.000000,0.000000,0.000000,0.000000,0.000000,0.000000,182199.687500,1.221178,0.062110,298400.000000,2.000000,0.101721,21362724.000000,143.181793,7.282333,1858.121460,0.012454,0.000633,448941.937500,3.008994,0.153040,-4560440.000000,-30.565950,-1.554607,0.000000,0.000000,0.000000,0.000000,0.000000,0.000000,0.000000,0.000000,0.000000,380.113342,0.002548,0.000130,0.020505,0.000000,0.000000,18.968906,0.000127,0.000006,291.471924,0.001954,0.000099,0.000000,0.000000,0.000000,0.000000,0.000000,0.000000,0.000000,0.000000,0.000000,0.000000,0.000000,0.000000,0.000000,0.000000,51309330432.000000,42043.042969,17490.824219,42251374592.000000,34620.921875,14403.058594,9057905664.000000,7422.079102,3087.746826,0.000000,0.000000,0.000000,0.000000,0.000000,0.000000,13368730624.000000,10954.383789,4557.262695,3779757312.000000,3097.146240,1288.480347,12416295.000000,10.173956,4.232587,9062.670898,0.007426,0.003089,5193365.000000,4.255461,1.770365,178903840.000000,146.594421,60.986481,0.000000,0.000000,0.000000,0.000000,0.000000,0.000000,0.000000,0.000000,0.000000,132.830826,0.000109,0.000045,0.150105,0.000000,0.000000,92.791031,0.000076,0.000032,4170.273438,0.003417,0.001422,0.000000,0.000000,0.000000,0.000000,0.000000,0.000000,0.000000,0.000000,0.000000,0.000000,0.000000,0.000000,0.000000,0.000000,74029640.000000,503.260651,25.235945,1954292.375000,13.285468,0.666198,72075384.000000,489.975403,24.569757,0.000000,0.000000,0.000000,0.000000,0.000000,0.000000,58745680.000000,399.358826,20.025799,85012344.000000,577.922119,28.979834,6741374.000000,45.828514,2.298065,2552.477539,0.017352,0.000870,630775.812500,4.288075,0.215025,12971500.000000,88.181511,4.421851,0.000000,0.000000,0.000000,0.000000,0.000000,0.000000,0.000000,0.000000,0.000000,83.127197,0.000565,0.000028,0.003997,0.000000,0.000000,14.913763,0.000101,0.000005,368.646698,0.002506,0.000126,0.000000,0.000000,0.000000,0.000000,0.000000,0.000000,0.000000,0.000000,0.000000,0.000000,0.000000,0.000000,0.000000,0.000000,2806400.000000,4.000000,0.956673,1403200.000000,2.000000,0.478336,1403200.000000,2.000000,0.478336,0.000000,0.000000,0.000000,0.000000,0.000000,0.000000,848109.937500,1.208823,0.289112,1403200.000000,2.000000,0.478336,110865936.000000,158.018723,37.793060,11852.467773,0.016893,0.004040,2564798.750000,3.655643,0.874314,-25175944.000000,-35.883614,-8.582220,0.000000,0.000000,0.000000,0.000000,0.000000,0.000000,0.000000,0.000000,0.000000,2323.439941,0.003312,0.000792,0.161776,0.000000,0.000000,99.301102,0.000142,0.000034,1230.029297,0.001753,0.000419,0.000000,0.000000,0.000000,0.000000,0.000000,0.000000,0.000000,0.000000,0.000000,0.000000,0.000000,0.000000,0.000000,0.000000,319187328.000000,446.291016,108.807678,25.744474,0.000036,0.000009,319187328.000000,446.291016,108.807678,0.000000,0.000000,0.000000,0.000000,0.000000,0.000000,286771424.000000,400.966766,97.757431,596888128.000000,834.575134,203.473038,14584117.000000,20.391663,4.971576,6311.968262,0.008825,0.002152,2720279.750000,3.803523,0.927315,76738056.000000,107.295937,26.159214,0.000000,0.000000,0.000000,0.000000,0.000000,0.000000,0.000000,0.000000,0.000000,274.615204,0.000384,0.000094,0.070962,0.000000,0.000000,96.227608,0.000135,0.000033,3174.700928,0.004439,0.001082,0.000000,0.000000,0.000000,0.000000,0.000000,0.000000,0.000000,0.000000,0.000000,0.000000,0.000000,0.000000,0.000000,0.000000,65129992192.000000,23374.242188,22202.144531,2316011008.000000,15744.466797,789.504333
1,2011,ANNUAL_DELTA,0.000000,0.000000,0.000000,0.000000,0.000000,-0.944224,-0.005332,-0.185314,-0.740122,-0.011016,-0.002440,-2.413419,-0.031653,-0.089692,-0.024172,-0.008081,0.520793,0.172442,3.301056,2.027603,1.506579,1.014640,0.637933,0.394437,0.000000,0.000000,0.000000,0.000000,10.542969,7.298828,3.315430,0.002991,7.315430,3.092529,0.220474,0.012154,0.000895,0.000000,49.052246,20.324951,19.445923,29.605713,1.769653,0.818893,1.399277,0.000000,10.977264,2.106293,3.250786,0.000000,133.138672,152.800781,-11.546875,-3.444702,-4.610413,1.412514,-0.000120,0.108451,4.451195,0.000000,0.000000,0.002090,0.000031,0.002059,0.000000,0.000000,0.000000,0.169902,0.000000,-0.001304,0.000000,-0.000000,0.000000,-0.000254,0.000000,-0.008808,-0.001305,0.000000,0.000000,-0.161094,0.000000,0.000000,0.000000,0.000000,0.000000,0.000000,0.000000,0.000000,0.000000,0.000000,0.000000,0.000000,0.000000,0.000000,0.000000,-1897.140625,-0.012715,-0.000647,0.000000,0.000000,0.000000,469992.000000,3.150085,0.160215,-36.809937,-0.000247,-0.000013,5433.343750,0.036417,0.001852,515409.000000,3.454485,0.175698,0.000000,0.000000,0.000000,0.000000,0.000000,0.000000,0.000000,0.000000,0.000000,-602.790710,-0.004040,-0.000205,-0.010583,-0.000000,-0.000000,-45.016911,-0.000302,-0.000015,-993.626221,-0.006660,-0.000339,0.000000,0.000000,0.000000,0.000000,0.000000,0.000000,0.000000,0.000000,0.000000,0.000000,0.000000,0.000000,0.000000,0.000000,30388224.000000,24.902344,10.359375,21417984.000000,17.550781,7.300781,9048064.000000,7.413574,3.084229,0.000000,0.000000,0.000000,0.000000,0.000000,0.000000,131774464.000000,107.975586,44.920410,43933440.000000,35.999023,14.976318,252611.000000,0.206990,0.086112,-76.103516,-0.000062,-0.000026,149010.000000,0.122099,0.050796,5830752.000000,4.777725,1.987644,0.000000,0.000000,0.000000,0.000000,0.000000,0.000000,0.000000,0.000000,0.000000,-270.002396,-0.000221,-0.000092,-0.013799,-0.000000,-0.000000,-355.347061,-0.000291,-0.000121,-15560.238281,-0.012750,-0.005304,0.000000,0.000000,0.000000,0.000000,0.000000,0.000000,0.000000,0.000000,0.000000,0.000000,0.000000,0.000000,0.000000,0.000000,331712.000000,2.255005,0.113077,-0.750000,-0.000006,-0.000000,331744.000000,2.255188,0.113087,0.000000,0.000000,0.000000,0.000000,0.000000,0.000000,-737196.000000,-5.011505,-0.251303,-1101424.000000,-7.487610,-0.375465,389304.000000,2.646530,0.132710,12.606445,0.000086,0.000004,7618.812500,0.051793,0.002597,132752.000000,0.902466,0.045254,0.000000,0.000000,0.000000,0.000000,0.000000,0.000000,0.000000,0.000000,0.000000,-116.621536,-0.000793,-0.000040,-0.001942,-0.000000,-0.000000,-39.267015,-0.000267,-0.000013,-1248.220734,-0.008486,-0.000426,0.000000,0.000000,0.000000,0.000000,0.000000,0.000000,0.000000,0.000000,0.000000,0.000000,0.000000,0.000000,0.000000,0.000000,0.000000,0.000000,0.000000,0.000000,0.000000,0.000000,0.000000,0.000000,0.000000,0.000000,0.000000,0.000000,0.000000,0.000000,0.000000,-8743.312500,-0.012462,-0.002980,0.000000,0.000000,0.000000,2765736.000000,3.942047,0.942814,-195.603516,-0.000279,-0.000067,57496.750000,0.081951,0.019600,3086532.000000,4.399277,1.052167,0.000000,0.000000,0.000000,0.000000,0.000000,0.000000,0.000000,0.000000,0.000000,-2438.540039,-0.003476,-0.000831,-0.108266,-0.000000,-0.000000,-164.977158,-0.000235,-0.000056,-3266.932617,-0.004656,-0.001114,0.000000,0.000000,0.000000,0.000000,0.000000,0.000000,0.000000,0.000000,0.000000,0.000000,0.000000,0.000000,0.000000,0.000000,346528.000000,0.484528,0.118126,-111.040728,-0.000155,-0.000038,346688.000000,0.484772,0.118187,0.000000,0.000000,0.000000,0.000000,0.000000,0.000000,12887712.000000,18.019714,4.393288,16808704.000000,23.502075,5.729919,267412.000000,0.373899,0.091158,-55.358887,-0.000077,-0.000019,98631.000000,0.137907,0.033622,3492256.000000,4.882904,1.190474,0.000000,0.000000,0.000000,0.000000,0.000000,0.000000,0.000000,0.000000,0.000000,-398.755585,-0.000558,-0.000136,-0.007732,-0.000000,-0.000000,-139.217247,-0.000195,-0.000047,-4770.279541,-0.006670,-0.001626,0.000000,0.000000,0.000000,0.000000,0.000000,0.000000,0.000000,0.000000,0.000000,0.000000,0.000000,0.000000,0.000000,0.000000,380825600.000000,136.671875,129.820313,9457920.000000,64.296875,3.224121
1,2011,MIN_VALUE,0.000000,0.000000,0.000000,0.000000,0.000000,0.080481,0.000022,0.048404,0.024801,0.001917,0.003095,0.140612,0.081506,0.068626,0.040322,0.058874,1.566473,1.009630,-1.949482,0.150058,3.810745,5.490343,6.591032,7.243916,0.000000,0.000000,0.000000,0.000000,17614.718750,14396.515625,3218.274170,276.752808,14119.931641,2895.799805,250.639847,51.736542,20.035788,0.000000,4417.146484,1345.442627,515.282593,3900.662354,606.361084,208.327744,112.227539,0.000000,262.451385,77.687759,77.948555,0.000000,22858.261719,17986.195313,2416.265869,1486.744263,951.122803,54.229794,0.010784,3.831590,76.979362,0.000000,0.000000,0.010307,0.000155,0.010152,0.000000,0.000000,0.000000,0.690380,0.000000,0.000416,0.000000,0.000000,0.000000,0.000035,0.000000,0.000963,0.000416,0.000000,0.000000,-1.363237,596800.000000,4.000000,0.203443,298400.000000,2.000000,0.101721,298400.000000,2.000000,0.101721,0.000000,0.000000,0.000000,0.000000,0.000000,0.000000,182199.687500,1.221178,0.062110,298400.000000,2.000000,0.101721,20504400.000000,137.428955,6.989739,1858.121460,0.012454,0.000633,440171.375000,2.950210,0.150050,-5075849.000000,-34.020435,-1.730305,0.000000,0.000000,0.000000,0.000000,0.000000,0.000000,0.000000,0.000000,0.000000,163.528839,0.001096,0.000056,0.018191,0.000000,0.000000,7.643930,0.000051,0.000003,114.564087,0.000768,0.000039,0.000000,0.000000,0.000000,0.000000,0.000000,0.000000,0.000000,0.000000,0.000000,0.000000,0.000000,0.000000,0.000000,0.000000,51278942208.000000,42018.140625,17480.464844,42229956608.000000,34603.371094,14395.757813,9048857600.000000,7414.665527,3084.662598,0.000000,0.000000,0.000000,0.000000,0.000000,0.000000,12616796160.000000,10338.246094,4300.936035,3479885312.000000,2851.429932,1186.257080,11423606.000000,9.360542,3.894190,9058.876953,0.007423,0.003088,5043410.000000,4.132587,1.719247,172116160.000000,141.032578,58.672630,0.000000,0.000000,0.000000,0.000000,0.000000,0.000000,0.000000,0.000000,0.000000,35.542816,0.000029,0.000012,0.145389,0.000000,0.000000,19.199156,0.000016,0.000007,891.118042,0.000730,0.000304,0.000000,0.000000,0.000000,0.000000,0.000000,0.000000,0.000000,0.000000,0.000000,0.000000,0.000000,0.000000,0.000000,0.000000,73697928.000000,501.005646,25.122868,1954292.375000,13.285468,0.666198,71743640.000000,487.720215,24.456671,0.000000,0.000000,0.000000,0.000000,0.000000,0.000000,40607588.000000,276.054291,13.842710,63433808.000000,431.229126,21.623932,6352070.000000,43.181984,2.165355,2532.085205,0.017213,0.000863,611023.312500,4.153796,0.208292,12385712.000000,84.199265,4.222162,0.000000,0.000000,0.000000,0.000000,0.000000,0.000000,0.000000,0.000000,0.000000,0.848139,0.000006,0.000000,0.003300,0.000000,0.000000,0.149875,0.000001,0.000000,5.208599,0.000035,0.000002,0.000000,0.000000,0.000000,0.000000,0.000000,0.000000,0.000000,0.000000,0.000000,0.000000,0.000000,0.000000,0.000000,0.000000,2806400.000000,4.000000,0.956673,1403200.000000,2.000000,0.478336,1403200.000000,2.000000,0.478336,0.000000,0.000000,0.000000,0.000000,0.000000,0.000000,848109.937500,1.208823,0.289112,1403200.000000,2.000000,0.478336,106580816.000000,151.911072,36.332302,11852.467773,0.016893,0.004040,2507302.000000,3.573692,0.854713,-28262476.000000,-40.282890,-9.634387,0.000000,0.000000,0.000000,0.000000,0.000000,0.000000,0.000000,0.000000,0.000000,967.067139,0.001378,0.000330,0.142537,0.000000,0.000000,42.362614,0.000060,0.000014,522.477966,0.000745,0.000178,0.000000,0.000000,0.000000,0.000000,0.000000,0.000000,0.000000,0.000000,0.000000,0.000000,0.000000,0.000000,0.000000,0.000000,318840800.000000,445.806488,108.689552,25.744474,0.000036,0.000009,318840640.000000,445.806244,108.689491,0.000000,0.000000,0.000000,0.000000,0.000000,0.000000,216808272.000000,303.143555,73.907715,353956288.000000,494.905334,120.660065,12523920.000000,17.511074,4.269276,6300.374023,0.008809,0.002148,2621648.750000,3.665616,0.893693,73245800.000000,102.413033,24.968740,0.000000,0.000000,0.000000,0.000000,0.000000,0.000000,0.000000,0.000000,0.000000,45.919685,0.000064,0.000016,0.068788,0.000000,0.000000,31.529093,0.000044,0.000011,1206.446777,0.001687,0.000411,0.000000,0.000000,0.000000,0.000000,0.000000,0.000000,0.000000,0.000000,0.000000,0.000000,0.000000,0.000000,0.000000,0.000000,64749113344.000000,23237.550781,22072.306641,2306553088.000000,15680.169922,786.280212
1,2011,MIN_VALUE_JDAY,1.000000,1.000000,1.000000,1.000000,1.000000,267.000000,267.000000,267.000000,278.000000,325.000000,327.000000,267.000000,267.000000,268.000000,319.000000,319.000000,57.000000,259.000000,57.000000,57.000000,57.000000,57.000000,57.000000,57.000000,1.000000,1.000000,1.000000,1.000000,1.000000,1.000000,1.000000,1.000000,1.000000,1.000000,1.000000,1.000000,1.000000,1.000000,349.000000,262.000000,314.000000,349.000000,262.000000,262.000000,349.000000,1.000000,262.000000,262.000000,349.000000,1.000000,2.000000,1.000000,365.000000,365.000000,365.000000,188.000000,365.000000,1.000000,1.000000,1.000000,1.000000,57.000000,57.000000,57.000000,1.000000,1.000000,1.000000,57.000000,1.000000,258.000000,1.000000,315.000000,1.000000,268.000000,1.000000,268.000000,258.000000,1.000000,1.000000,269.000000,1.000000,1.000000,1.000000,1.000000,1.000000,1.000000,1.000000,1.000000,1.000000,1.000000,1.000000,1.000000,1.000000,1.000000,1.000000,365.000000,365.000000,365.000000,1.000000,1.000000,1.000000,121.000000,121.000000,121.000000,365.000000,365.000000,365.000000,133.000000,133.000000,133.000000,1.000000,1.000000,1.000000,1.000000,1.000000,1.000000,1.000000,1.000000,1.000000,1.000000,1.000000,1.000000,278.000000,278.000000,278.000000,303.000000,303.000000,303.000000,278.000000,278.000000,278.000000,283.000000,283.000000,283.000000,1.000000,1.000000,1.000000,1.000000,1.000000,1.000000,1.000000,1.000000,1.000000,1.000000,1.000000,1.000000,1.000000,1.000000,1.000000,1.000000,1.000000,1.000000,1.000000,1.000000,1.000000,1.000000,1.000000,1.000000,1.000000,1.000000,1.000000,1.000000,1.000000,349.000000,349.000000,349.000000,349.000000,349.000000,349.000000,171.000000,171.000000,171.000000,349.000000,349.000000,349.000000,23.000000,23.000000,23.000000,81.000000,81.000000,81.000000,1.000000,1.000000,1.000000,1.000000,1.000000,1.000000,1.000000,1.000000,1.000000,260.000000,260.000000,260.000000,327.000000,327.000000,327.000000,260.000000,260.000000,260.000000,260.000000,260.000000,260.000000,1.000000,1.000000,1.000000,1.000000,1.000000,1.000000,1.000000,1.000000,1.000000,1.000000,1.000000,1.000000,1.000000,1.000000,1.000000,1.000000,1.000000,365.000000,365.000000,365.000000,1.000000,1.000000,1.000000,1.000000,1.000000,1.000000,1.000000,1.000000,1.000000,262.000000,262.000000,262.000000,262.000000,262.000000,262.000000,1.000000,1.000000,1.000000,212.000000,212.000000,212.000000,155.000000,155.000000,155.000000,154.000000,154.000000,154.000000,1.000000,1.000000,1.000000,1.000000,1.000000,1.000000,1.000000,1.000000,1.000000,260.000000,260.000000,260.000000,319.000000,319.000000,319.000000,260.000000,260.000000,260.000000,260.000000,260.000000,260.000000,1.000000,1.000000,1.000000,1.000000,1.000000,1.000000,1.000000,1.000000,1.000000,1.000000,1.000000,1.000000,1.000000,1.000000,1.000000,1.000000,1.000000,1.000000,1.000000,1.000000,1.000000,1.000000,1.000000,1.000000,1.000000,1.000000,1.000000,1.000000,1.000000,365.000000,365.000000,365.000000,1.000000,1.000000,1.000000,112.000000,112.000000,112.000000,365.000000,365.000000,365.000000,1.000000,1.000000,1.000000,1.000000,1.000000,1.000000,1.000000,1.000000,1.000000,1.000000,1.000000,1.000000,1.000000,1.000000,1.000000,259.000000,259.000000,259.000000,278.000000,278.000000,278.000000,259.000000,259.000000,259.000000,277.000000,277.000000,277.000000,1.000000,1.000000,1.000000,1.000000,1.000000,1.000000,1.000000,1.000000,1.000000,1.000000,1.000000,1.000000,1.000000,1.000000,1.000000,1.000000,1.000000,365.000000,365.000000,365.000000,1.000000,1.000000,1.000000,1.000000,1.000000,1.000000,1.000000,1.000000,1.000000,166.000000,166.000000,166.000000,262.000000,262.000000,262.000000,262.000000,262.000000,262.000000,262.000000,262.000000,262.000000,1.000000,1.000000,1.000000,1.000000,1.000000,1.000000,1.000000,1.000000,1.000000,1.000000,1.000000,1.000000,1.000000,1.000000,1.000000,258.000000,258.000000,258.000000,314.000000,314.000000,314.000000,268.000000,268.000000,268.000000,275.000000,275.000000,275.000000,1.000000,1.000000,1.000000,1.000000,1.000000,1.000000,1.000000,1.000000,1.000000,1.000000,1.000000,1.000000,1.000000,1.000000,2.000000,2.000000,2.000000,1.000000,1.000000,1.000000
1,2011,MAX_VALUE,1.248001,0.000000,0.000000,0.000000,46.704967,4.698161,2.326666,2.067482,1.758347,0.025743,0.008434,6.324432,0.282260,0.276924,0.086833,0.073130,8.210239,4.031775,22.750000,19.280956,14.701127,11.579642,10.043976,9.236040,0.006940,0.000000,0.000000,0.000000,18077.587891,14671.548828,3426.726807,383.354553,14318.321289,2960.550537,370.901123,69.273148,26.938549,0.000000,4675.191895,1521.506470,589.424194,4085.916016,649.465637,214.738007,114.661461,0.000000,363.424988,94.464996,84.752678,0.000000,22991.416016,18138.996094,2427.812744,1490.188965,955.733215,56.577579,0.010904,3.940041,81.430557,0.000000,0.000000,0.030570,0.000459,0.030111,7.728941,0.101095,0.101095,2.041832,0.000000,0.004745,0.000000,0.000000,0.000000,0.000719,0.000000,0.024503,0.004746,0.000000,0.000000,5.826482,596800.000000,4.000000,0.203443,298400.000000,2.000000,0.101721,298400.000000,2.000000,0.101721,0.000000,0.000000,0.000000,0.000000,0.000000,0.000000,184096.828125,1.233893,0.062757,298400.000000,2.000000,0.101721,21414482.000000,143.528702,7.299976,1894.931396,0.012701,0.000646,449966.343750,3.015860,0.153389,-4560440.000000,-30.565950,-1.554607,0.000000,0.000000,0.000000,0.000000,0.000000,0.000000,0.000000,0.000000,0.000000,1889.174316,0.012662,0.000644,0.040921,0.000000,0.000000,113.180519,0.000759,0.000039,2335.878906,0.015656,0.000796,0.000000,0.000000,0.000000,0.000000,0.000000,0.000000,0.000000,0.000000,0.000000,0.000000,0.000000,0.000000,0.000000,0.000000,52394274816.000000,42932.050781,17860.669922,43026362368.000000,35255.949219,14667.244141,9367949312.000000,7676.129883,3193.437500,0.000000,0.000000,0.000000,0.000000,0.000000,0.000000,13368730624.000000,10954.383789,4557.262695,3779757312.000000,3097.146240,1288.480347,12437302.000000,10.191169,4.239748,9140.094727,0.007489,0.003116,5193365.000000,4.255461,1.770365,178903840.000000,146.594421,60.986481,7504048.500000,6.148843,2.558053,57078.089844,0.046770,0.019457,57078.062500,0.046770,0.019457,842.234619,0.000690,0.000287,0.165084,0.000000,0.000000,934.018433,0.000765,0.000318,42617.875000,0.034921,0.014528,0.000000,0.000000,0.000000,0.000000,0.000000,0.000000,0.000000,0.000000,0.000000,0.000000,0.000000,0.000000,0.000000,0.000000,126401688.000000,859.290894,43.089035,25121826.000000,170.780609,8.563772,101279808.000000,688.509888,34.525246,0.000000,0.000000,0.000000,0.000000,0.000000,0.000000,59482876.000000,404.370331,20.277102,86113768.000000,585.409729,29.355299,6926195.500000,47.084946,2.361069,2566.307373,0.017446,0.000875,630775.812500,4.288075,0.215025,12971500.000000,88.181511,4.421851,1878302.000000,12.768878,0.640294,26959.978516,0.183277,0.009190,26959.982422,0.183277,0.009190,488.892609,0.003324,0.000167,0.012397,0.000000,0.000000,109.625069,0.000745,0.000037,3089.250732,0.021001,0.001053,0.000000,0.000000,0.000000,0.000000,0.000000,0.000000,0.000000,0.000000,0.000000,0.000000,0.000000,0.000000,0.000000,0.000000,2806400.000000,4.000000,0.956673,1403200.000000,2.000000,0.478336,1403200.000000,2.000000,0.478336,0.000000,0.000000,0.000000,0.000000,0.000000,0.000000,856853.250000,1.221285,0.292092,1403200.000000,2.000000,0.478336,111112336.000000,158.369919,37.877052,12048.071289,0.017172,0.004107,2566671.250000,3.658311,0.874952,-25175944.000000,-35.883614,-8.582220,0.000000,0.000000,0.000000,0.000000,0.000000,0.000000,0.000000,0.000000,0.000000,9250.330078,0.013185,0.003153,0.348895,0.000000,0.000000,463.582123,0.000661,0.000158,7969.707520,0.011359,0.002717,0.000000,0.000000,0.000000,0.000000,0.000000,0.000000,0.000000,0.000000,0.000000,0.000000,0.000000,0.000000,0.000000,0.000000,694501376.000000,971.058960,236.748367,130577024.000000,182.574142,44.512367,634665280.000000,887.395569,216.350876,0.000000,0.000000,0.000000,0.000000,0.000000,0.000000,287971168.000000,402.644257,98.166412,596888128.000000,834.575134,203.473038,17596954.000000,24.604240,5.998621,6393.145996,0.008939,0.002179,2720279.750000,3.803523,0.927315,76741544.000000,107.300819,26.160404,16528425.000000,23.110214,5.634370,237238.796875,0.331710,0.080872,237238.625000,0.331709,0.080872,1546.398438,0.002162,0.000527,0.102939,0.000000,0.000000,492.843994,0.000689,0.000168,16477.892578,0.023040,0.005617,0.000000,0.000000,0.000000,0.000000,0.000000,0.000000,3492109.500000,4.882703,1.190424,7152.000000,135475.750000,0.189424,0.046182,7152.000000,65129992192.000000,23374.242188,22202.144531,2316011008.000000,15744.466797,789.504333
1,2011,MAX_VALUE_JDAY,326.000000,1.000000,1.000000,1.000000,326.000000,73.000000,326.000000,74.000000,76.000000,81.000000,85.000000,75.000000,73.000000,75.000000,80.000000,79.000000,233.000000,178.000000,233.000000,233.000000,239.000000,239.000000,239.000000,239.000000,326.000000,1.000000,1.000000,1.000000,258.000000,349.000000,262.000000,182.000000,349.000000,262.000000,262.000000,262.000000,349.000000,1.000000,365.000000,365.000000,365.000000,365.000000,365.000000,365.000000,365.000000,1.000000,365.000000,365.000000,365.000000,1.000000,365.000000,365.000000,1.000000,1.000000,1.000000,365.000000,4.000000,365.000000,365.000000,1.000000,1.000000,239.000000,239.000000,239.000000,160.000000,160.000000,160.000000,157.000000,1.000000,75.000000,1.000000,75.000000,1.000000,75.000000,1.000000,75.000000,75.000000,1.000000,1.000000,160.000000,1.000000,1.000000,1.000000,1.000000,1.000000,1.000000,1.000000,1.000000,1.000000,1.000000,1.000000,1.000000,1.000000,1.000000,1.000000,1.000000,1.000000,1.000000,1.000000,1.000000,1.000000,327.000000,327.000000,327.000000,1.000000,1.000000,1.000000,333.000000,333.000000,333.000000,365.000000,365.000000,365.000000,1.000000,1.000000,1.000000,1.000000,1.000000,1.000000,1.000000,1.000000,1.000000,75.000000,75.000000,75.000000,75.000000,75.000000,75.000000,76.000000,76.000000,76.000000,76.000000,76.000000,76.000000,1.000000,1.000000,1.000000,1.000000,1.000000,1.000000,1.000000,1.000000,1.000000,1.000000,1.000000,1.000000,1.000000,1.000000,349.000000,349.000000,349.000000,349.000000,349.000000,349.000000,349.000000,349.000000,349.000000,1.000000,1.000000,1.000000,1.000000,1.000000,1.000000,365.000000,365.000000,365.000000,365.000000,365.000000,365.000000,325.000000,325.000000,325.000000,4.000000,4.000000,4.000000,365.000000,365.000000,365.000000,365.000000,365.000000,365.000000,331.000000,331.000000,331.000000,331.000000,331.000000,331.000000,331.000000,331.000000,331.000000,74.000000,74.000000,74.000000,78.000000,78.000000,78.000000,75.000000,75.000000,75.000000,74.000000,74.000000,74.000000,1.000000,1.000000,1.000000,1.000000,1.000000,1.000000,1.000000,1.000000,1.000000,1.000000,1.000000,1.000000,1.000000,1.000000,262.000000,262.000000,262.000000,262.000000,262.000000,262.000000,262.000000,262.000000,262.000000,1.000000,1.000000,1.000000,1.000000,1.000000,1.000000,1.000000,1.000000,1.000000,1.000000,1.000000,1.000000,152.000000,152.000000,152.000000,153.000000,153.000000,153.000000,365.000000,365.000000,365.000000,365.000000,365.000000,365.000000,165.000000,165.000000,165.000000,165.000000,165.000000,165.000000,165.000000,165.000000,165.000000,74.000000,74.000000,74.000000,75.000000,75.000000,75.000000,74.000000,74.000000,74.000000,75.000000,75.000000,75.000000,1.000000,1.000000,1.000000,1.000000,1.000000,1.000000,1.000000,1.000000,1.000000,1.000000,1.000000,1.000000,1.000000,1.000000,1.000000,1.000000,1.000000,1.000000,1.000000,1.000000,1.000000,1.000000,1.000000,1.000000,1.000000,1.000000,1.000000,1.000000,1.000000,1.000000,1.000000,1.000000,1.000000,1.000000,1.000000,326.000000,326.000000,326.000000,1.000000,1.000000,1.000000,329.000000,329.000000,329.000000,365.000000,365.000000,365.000000,1.000000,1.000000,1.000000,1.000000,1.000000,1.000000,1.000000,1.000000,1.000000,75.000000,75.000000,75.000000,78.000000,78.000000,78.000000,75.000000,75.000000,75.000000,76.000000,76.000000,76.000000,1.000000,1.000000,1.000000,1.000000,1.000000,1.000000,1.000000,1.000000,1.000000,1.000000,1.000000,1.000000,1.000000,1.000000,258.000000,258.000000,258.000000,182.000000,182.000000,182.000000,262.000000,262.000000,262.000000,1.000000,1.000000,1.000000,1.000000,1.000000,1.000000,228.000000,228.000000,228.000000,365.000000,365.000000,365.000000,153.000000,153.000000,153.000000,153.000000,153.000000,153.000000,365.000000,365.000000,365.000000,315.000000,315.000000,315.000000,160.000000,160.000000,160.000000,160.000000,160.000000,160.000000,160.000000,160.000000,160.000000,74.000000,74.000000,74.000000,74.000000,74.000000,74.000000,75.000000,75.000000,75.000000,75.000000,75.000000,75.000000,1.000000,1.000000,1.000000,1.000000,1.000000,1.000000,122.000000,122.000000,122.000000,122.000000,183.000000,183.000000,183.000000,61.000000,365.000000,365.000000,365.000000,365.000000,365.000000,365.000000
1,2011,ANNUAL_SUM,24.558283,0.000000,0.000000,0.000000,871.843742,295.882546,45.655135,108.720882,111.816982,3.306397,1.824868,593.986021,60.714267,57.625439,23.428823,23.865059,1508.356579,751.296663,4024.316807,3732.994552,3467.544356,3230.990578,3119.779174,3063.000814,0.169350,0.000000,0.000000,0.000000,6533740.146484,5319747.459961,1214030.621826,121844.342346,5197890.941406,1068874.304199,113282.558701,23002.652431,8864.058920,0.000000,1646065.995117,516580.161255,195079.256897,1451038.950195,228363.033691,76780.702606,41141.270935,0.000000,110992.608246,30255.268417,29049.516205,0.000000,8365617.027344,6590856.871094,884085.766602,543305.803833,348009.605103,20216.610382,3.954248,1417.669208,28929.310478,0.000000,0.000000,7.270919,0.109064,7.161856,590.283237,5.907259,5.907257,444.926771,0.000000,0.492964,0.000000,0.000059,0.000000,0.059732,0.000000,1.859005,0.493022,0.000000,0.000000,143.497463,217832000.000000,1460.000000,74.256692,108916000.000000,730.000000,37.128346,108916000.000000,730.000000,37.128346,0.000000,0.000000,0.000000,0.000000,0.000000,0.000000,66866735.062500,448.168464,22.794183,108916000.000000,730.000000,37.128346,7626076260.000000,51113.111801,2599.651013,684007.903198,4.584503,0.233171,161955628.593750,1085.493492,55.209009,-1720740258.500000,-11533.111652,-586.582669,0.000000,0.000000,0.000000,0.000000,0.000000,0.000000,0.000000,0.000000,0.000000,187463.672974,1.256459,0.063904,8.966395,0.000060,0.000003,10662.548718,0.071465,0.003635,195120.331146,1.307777,0.066515,0.000000,0.000000,0.000000,0.000000,0.000000,0.000000,0.000000,0.000000,0.000000,0.000000,0.000000,0.000000,0.000000,0.000000,18964266983424.000000,15539386.238281,6464723.703125,15590610968576.000000,12775000.796875,5314679.044922,3373625984000.000000,2764360.847168,1150034.422607,0.000000,0.000000,0.000000,0.000000,0.000000,0.000000,4714657689600.000000,3863206.876953,1607178.347168,1312611361024.000000,1075558.311523,447455.723633,4377007074.000000,3586.534800,1492.076729,3314739.305664,2.716109,1.129961,1865419705.000000,1528.531390,635.902404,63931007088.000000,52385.289230,21793.423218,1115343153.562500,913.916055,380.209018,8483634.552246,6.951520,2.891984,8483634.295898,6.951519,2.891984,65091.573318,0.053336,0.022189,56.660272,0.000046,0.000019,61969.860712,0.050778,0.021125,2779529.540527,2.277556,0.947513,0.000000,0.000000,0.000000,0.000000,0.000000,0.000000,0.000000,0.000000,0.000000,0.000000,0.000000,0.000000,0.000000,0.000000,34276171720.000000,233012.726868,11684.394878,3948268880.875000,26840.713066,1345.924277,30327902392.000000,206172.011444,10338.470428,0.000000,0.000000,0.000000,0.000000,0.000000,0.000000,18337237548.000000,124658.311096,6250.975819,27048110504.000000,183875.665741,9220.422859,2402118183.000000,16329.831348,818.857402,929434.300537,6.318384,0.316835,225840757.500000,1535.287267,76.986793,4612054730.000000,31353.193192,1572.202050,52703647.483032,358.284484,17.966132,756475.514833,5.142594,0.257875,756475.539324,5.142594,0.257875,35383.898769,0.240543,0.012062,2.133288,0.000015,0.000001,8095.564429,0.055034,0.002760,228386.286421,1.552592,0.077855,0.000000,0.000000,0.000000,0.000000,0.000000,0.000000,0.000000,0.000000,0.000000,0.000000,0.000000,0.000000,0.000000,0.000000,1024336000.000000,1460.000000,349.185611,512168000.000000,730.000000,174.592806,512168000.000000,730.000000,174.592806,0.000000,0.000000,0.000000,0.000000,0.000000,0.000000,311256400.062500,443.637971,106.104108,512168000.000000,730.000000,174.592806,39598274552.000000,56439.957825,13498.644806,4356616.073242,6.209544,1.485126,925249816.000000,1318.771117,315.408153,-9492800796.000000,-13530.217800,-3235.998224,0.000000,0.000000,0.000000,0.000000,0.000000,0.000000,0.000000,0.000000,0.000000,1023989.549988,1.459506,0.349068,76.268705,0.000109,0.000026,49655.032188,0.070774,0.016927,745711.296204,1.062872,0.254205,0.000000,0.000000,0.000000,0.000000,0.000000,0.000000,0.000000,0.000000,0.000000,0.000000,0.000000,0.000000,0.000000,0.000000,167740862848.000000,234537.000305,57181.136223,10817138247.571531,15124.633956,3687.451231,156923734560.000000,219412.377716,53493.687378,0.000000,0.000000,0.000000,0.000000,0.000000,0.000000,95564041520.000000,133618.625977,32576.799469,175114718720.000000,244847.201843,59694.807861,5302219058.000000,7413.617249,1807.471983,2315704.178711,3.237841,0.789400,980286462.750000,1370.646617,334.169579,27534866824.000000,38499.534065,9386.353106,563549329.459442,787.960476,192.108174,8088838.178661,11.309897,2.757402,8088834.938427,11.309892,2.757401,134184.978371,0.187619,0.045742,28.184496,0.000039,0.000010,44840.749119,0.062697,0.015286,1504646.841797,2.103813,0.512919,0.000000,0.000000,0.000000,0.000000,0.000000,0.000000,13968438.000000,19.530813,4.761697,28608.000000,671786.443787,0.939299,0.229005,100128.000000,23697121517568.000000,8504565.593750,8078105.179688,843685299456.000000,5735454.119141,287603.647827
1,2011,ANNUAL_AVERAGE,0.067283,0.000000,0.000000,0.000000,2.388613,0.810637,0.125083,0.297865,0.306348,0.009059,0.005000,1.627359,0.166340,0.157878,0.064189,0.065384,4.132484,2.058347,11.025525,10.227382,9.500122,8.852029,8.547340,8.391783,0.000464,0.000000,0.000000,0.000000,17900.657936,14574.650575,3326.111293,333.820116,14240.797100,2928.422751,310.363175,63.020966,24.285093,0.000000,4509.769850,1415.288113,534.463718,3975.449179,625.652147,210.358089,112.715811,0.000000,304.089338,82.891146,79.587716,0.000000,22919.498705,18057.142113,2422.152785,1488.509052,953.450973,55.387974,0.010834,3.884025,79.258385,0.000000,0.000000,0.019920,0.000299,0.019622,1.617214,0.016184,0.016184,1.218977,0.000000,0.001351,0.000000,0.000000,0.000000,0.000164,0.000000,0.005093,0.001351,0.000000,0.000000,0.393144,596800.000000,4.000000,0.203443,298400.000000,2.000000,0.101721,298400.000000,2.000000,0.101721,0.000000,0.000000,0.000000,0.000000,0.000000,0.000000,183196.534418,1.227859,0.062450,298400.000000,2.000000,0.101721,20893359.616438,140.035923,7.122332,1873.994255,0.012560,0.000639,443714.050942,2.973955,0.151258,-4714356.872603,-31.597566,-1.607076,0.000000,0.000000,0.000000,0.000000,0.000000,0.000000,0.000000,0.000000,0.000000,513.599104,0.003442,0.000175,0.024565,0.000000,0.000000,29.212462,0.000196,0.000010,534.576250,0.003583,0.000182,0.000000,0.000000,0.000000,0.000000,0.000000,0.000000,0.000000,0.000000,0.000000,0.000000,0.000000,0.000000,0.000000,0.000000,51956895844.997260,42573.660927,17711.571789,42714002653.632870,35000.002183,14560.764507,9242810915.068493,7573.591362,3150.779240,0.000000,0.000000,0.000000,0.000000,0.000000,0.000000,12916870382.465754,10584.128430,4403.228348,3596195509.654795,2946.735100,1225.906092,11991800.202740,9.826123,4.087881,9081.477550,0.007441,0.003096,5110738.917808,4.187757,1.742198,175153444.076712,143.521340,59.708009,3055734.667295,2.503880,1.041669,23242.834390,0.019045,0.007923,23242.833687,0.019045,0.007923,178.333078,0.000146,0.000061,0.155234,0.000000,0.000000,169.780440,0.000139,0.000058,7615.149426,0.006240,0.002596,0.000000,0.000000,0.000000,0.000000,0.000000,0.000000,0.000000,0.000000,0.000000,0.000000,0.000000,0.000000,0.000000,0.000000,93907319.780822,638.391033,32.012041,10817175.016096,73.536200,3.687464,83090143.539726,564.854826,28.324577,0.000000,0.000000,0.000000,0.000000,0.000000,0.000000,50239006.980822,341.529619,17.125961,74104412.339726,503.768947,25.261432,6581145.706849,44.739264,2.243445,2546.395344,0.017311,0.000868,618741.801370,4.206266,0.210923,12635766.383562,85.899159,4.307403,144393.554748,0.981601,0.049222,2072.535657,0.014089,0.000707,2072.535724,0.014089,0.000707,96.942188,0.000659,0.000033,0.005845,0.000000,0.000000,22.179629,0.000151,0.000008,625.715853,0.004254,0.000213,0.000000,0.000000,0.000000,0.000000,0.000000,0.000000,0.000000,0.000000,0.000000,0.000000,0.000000,0.000000,0.000000,0.000000,2806400.000000,4.000000,0.956673,1403200.000000,2.000000,0.478336,1403200.000000,2.000000,0.478336,0.000000,0.000000,0.000000,0.000000,0.000000,0.000000,852757.260445,1.215446,0.290696,1403200.000000,2.000000,0.478336,108488423.430137,154.630021,36.982589,11935.934447,0.017012,0.004069,2534931.002740,3.613072,0.864132,-26007673.413699,-37.069090,-8.865749,0.000000,0.000000,0.000000,0.000000,0.000000,0.000000,0.000000,0.000000,0.000000,2805.450822,0.003999,0.000956,0.208955,0.000000,0.000000,136.041184,0.000194,0.000046,2043.044647,0.002912,0.000696,0.000000,0.000000,0.000000,0.000000,0.000000,0.000000,0.000000,0.000000,0.000000,0.000000,0.000000,0.000000,0.000000,0.000000,459564007.802740,642.567124,156.660647,29635995.198826,41.437353,10.102606,429928039.890411,601.129802,146.558048,0.000000,0.000000,0.000000,0.000000,0.000000,0.000000,261819291.835616,366.078427,89.251505,479766352.657534,670.814252,163.547419,14526627.556164,20.311280,4.951978,6344.395010,0.008871,0.002163,2685716.336301,3.755196,0.915533,75437991.298630,105.478176,25.716036,1543970.765642,2.158796,0.526324,22161.200489,0.030986,0.007555,22161.191612,0.030986,0.007555,367.630078,0.000514,0.000125,0.077218,0.000000,0.000000,122.851367,0.000172,0.000042,4122.320115,0.005764,0.001405,0.000000,0.000000,0.000000,0.000000,0.000000,0.000000,38269.693151,0.053509,0.013046,78.378082,1840.510805,0.002573,0.000627,274.323288,64923620596.076710,23300.179709,22131.795013,2311466573.852055,15713.572929,787.955200
1,2011,DAY_COUNT,365,365,365,365,365,365,365,365,365,365,365,365,365,365,365,365,365,365,365,365,365,365,365,365,365,365,365,365,365,365,365,365,365,365,365,365,365,365,365,365,365,365,365,365,365,365,365,365,365,365,365,365,365,365,365,365,365,365,365,365,365,365,365,365,365,365,365,365,365,365,365,365,365,365,365,365,365,365,365,365,365,365,365,365,365,365,365,365,365,365,365,365,365,365,365,365,365,365,365,365,365,365,365,365,365,365,365,365,365,365,365,365,365,365,365,365,365,365,365,365,365,365,365,365,365,365,365,365,365,365,365,365,365,365,365,365,365,365,365,365,365,365,365,365,365,365,365,365,365,365,365,365,365,365,365,365,365,365,365,365,365,365,365,365,365,365,365,365,365,365,365,365,365,365,365,365,365,365,365,365,365,365,365,365,365,365,365,365,365,365,365,365,365,365,365,365,365,365,365,365,365,365,365,365,365,365,365,365,365,365,365,365,365,365,365,365,365,365,365,365,365,365,365,365,365,365,365,365,365,365,365,365,365,365,365,365,365,365,365,365,365,365,365,365,365,365,365,365,365,365,365,365,365,365,365,365,365,365,365,365,365,365,365,365,365,365,365,365,365,365,365,365,365,365,365,365,365,365,365,365,365,365,365,365,365,365,365,365,365,365,365,365,365,365,365,365,365,365,365,365,365,365,365,365,365,365,365,365,365,365,365,365,365,365,365,365,365,365,365,365,365,365,365,365,365,365,365,365,365,365,365,365,365,365,365,365,365,365,365,365,365,365,365,365,365,365,365,365,365,365,365,365,365,365,365,365,365,365,365,365,365,365,365,365,365,365,365,365,365,365,365,365,365,365,365,365,365,365,365,365,365,365,365,365,365,365,365,365,365,365,365,365,365,365,365,365,365,365,365,365,365,365,365,365,365,365,365,365,365,365,365,365,365,365,365,365,365,365,365,365,365,365,365,365,365,365
1,2012,INITIAL_VALUE,0.000000,0.000000,0.000000,0.000000,0.000000,0.352360,0.000413,0.213847,0.132367,0.002601,0.003132,1.165870,0.182146,0.158072,0.047468,0.060859,3.188262,1.989828,8.047895,6.108312,6.152783,6.999955,7.512398,7.801198,0.000000,0.000000,0.000000,0.000000,17626.261719,14404.518555,3221.875732,276.943695,14127.758789,2898.975586,251.014221,51.792904,20.055496,0.000000,4674.443848,1520.989014,589.114075,4085.463623,649.332214,214.717453,114.659500,0.000000,363.131989,94.407776,84.745544,0.000000,22991.597656,18139.216797,2416.241699,1486.736938,951.112122,56.583721,0.010784,3.940243,81.441460,0.000000,0.000000,0.013495,0.000202,0.013293,0.982157,0.007471,0.007471,1.079029,0.000000,0.001064,0.000000,0.000000,0.000000,0.000106,0.000000,0.003016,0.001064,0.000000,0.000000,-0.099888,596800.000000,4.000000,0.203443,298400.000000,2.000000,0.101721,298400.000000,2.000000,0.101721,0.000000,0.000000,0.000000,0.000000,0.000000,0.000000,182196.468750,1.221156,0.062109,298400.000000,2.000000,0.101721,21362736.000000,143.181870,7.282337,1858.038086,0.012453,0.000633,448944.093750,3.009009,0.153040,-4559219.000000,-30.557770,-1.554191,0.000000,0.000000,0.000000,0.000000,0.000000,0.000000,0.000000,0.000000,0.000000,388.812927,0.002606,0.000133,0.020575,0.000000,0.000000,19.265511,0.000129,0.000007,293.077576,0.001964,0.000100,0.000000,0.000000,0.000000,0.000000,0.000000,0.000000,0.000000,0.000000,0.000000,0.000000,0.000000,0.000000,0.000000,0.000000,51312250880.000000,42045.437500,17491.820313,42253434880.000000,34622.613281,14403.762695,9058752512.000000,7422.772949,3088.035400,0.000000,0.000000,0.000000,0.000000,0.000000,0.000000,13366965248.000000,10952.937500,4556.661133,3779008000.000000,3096.532227,1288.224976,12414828.000000,10.172753,4.232087,9062.508789,0.007426,0.003089,5193856.500000,4.255864,1.770532,178924064.000000,146.610992,60.993374,2881158.250000,2.360831,0.982157,21914.933594,0.017957,0.007471,21914.914063,0.017957,0.007471,125.091209,0.000103,0.000043,0.150345,0.000000,0.000000,88.462311,0.000072,0.000030,3958.523926,0.003244,0.001349,0.000000,0.000000,0.000000,0.000000,0.000000,0.000000,0.000000,0.000000,0.000000,0.000000,0.000000,0.000000,0.000000,0.000000,74029640.000000,503.260651,25.235945,1954292.375000,13.285468,0.666198,72075384.000000,489.975403,24.569757,0.000000,0.000000,0.000000,0.000000,0.000000,0.000000,58673076.000000,398.865234,20.001049,84915728.000000,577.265320,28.946899,6744206.000000,45.847767,2.299031,2552.641357,0.017353,0.000870,630792.562500,4.288189,0.215031,12972033.000000,88.185135,4.422033,0.000000,0.000000,0.000000,0.000000,0.000000,0.000000,0.000000,0.000000,0.000000,75.211212,0.000511,0.000026,0.003892,0.000000,0.000000,13.821706,0.000094,0.000005,345.760712,0.002351,0.000118,0.000000,0.000000,0.000000,0.000000,0.000000,0.000000,0.000000,0.000000,0.000000,0.000000,0.000000,0.000000,0.000000,0.000000,2806400.000000,4.000000,0.956673,1403200.000000,2.000000,0.478336,1403200.000000,2.000000,0.478336,0.000000,0.000000,0.000000,0.000000,0.000000,0.000000,848095.687500,1.208802,0.289107,1403200.000000,2.000000,0.478336,110866128.000000,158.018997,37.793121,11852.008789,0.016893,0.004040,2564819.500000,3.655672,0.874321,-25169068.000000,-35.873814,-8.579877,0.000000,0.000000,0.000000,0.000000,0.000000,0.000000,0.000000,0.000000,0.000000,2266.649902,0.003231,0.000773,0.161783,0.000000,0.000000,97.879303,0.000140,0.000033,1224.852417,0.001746,0.000418,0.000000,0.000000,0.000000,0.000000,0.000000,0.000000,0.000000,0.000000,0.000000,0.000000,0.000000,0.000000,0.000000,0.000000,319187360.000000,446.291046,108.807686,25.744474,0.000036,0.000009,319187328.000000,446.291016,108.807678,0.000000,0.000000,0.000000,0.000000,0.000000,0.000000,286392416.000000,400.436829,97.628235,596227264.000000,833.651062,203.247742,14599950.000000,20.413801,4.976973,6312.074219,0.008826,0.002152,2720335.250000,3.803601,0.927334,76740472.000000,107.299324,26.160040,0.000000,0.000000,0.000000,0.000000,0.000000,0.000000,0.000000,0.000000,0.000000,264.880524,0.000370,0.000090,0.070658,0.000000,0.000000,91.656586,0.000128,0.000031,3026.474365,0.004232,0.001032,0.000000,0.000000,0.000000,0.000000,0.000000,0.000000,0.000000,0.000000,0.000000,0.000000,0.000000,0.000000,0.000000,0.000000,65130496000.000000,23374.423828,22202.316406,2316044544.000000,15744.694336,789.515808
1,2012,FINAL_VALUE,0.000000,0.000000,0.000000,0.000000,0.000000,2.064861,0.013442,0.569586,1.441499,0.030514,0.009821,5.112155,0.230316,0.272608,0.084525,0.073076,2.081206,1.497555,1.949482,2.766943,4.790802,6.070034,6.921422,7.433275,0.000000,0.000000,0.000000,0.000000,17638.222656,14412.090820,3225.919922,277.287842,14135.353516,2902.462891,251.471741,51.781811,20.038820,0.000000,4731.822754,1553.123657,610.629517,4121.313477,653.522705,216.114716,116.637589,0.000000,379.394867,97.753418,89.692841,0.000000,23127.298828,18293.761719,2404.598389,1483.568848,946.591431,57.774185,0.010686,4.054933,86.386711,0.000000,0.000000,0.011765,0.000176,0.011589,1.247318,0.017903,0.017903,0.859966,0.000000,0.003397,0.000000,0.000000,0.000000,0.000550,0.000000,0.019148,0.003397,0.000000,0.000000,0.368204,596800.000000,4.000000,0.203443,298400.000000,2.000000,0.101721,298400.000000,2.000000,0.101721,0.000000,0.000000,0.000000,0.000000,0.000000,0.000000,180294.968750,1.208411,0.061461,298400.000000,2.000000,0.101721,21661140.000000,145.181900,7.384060,1824.367554,0.012228,0.000622,456389.843750,3.058913,0.155579,-3729463.000000,-24.996401,-1.271336,0.000000,0.000000,0.000000,0.000000,0.000000,0.000000,0.000000,0.000000,0.000000,1347.387085,0.009031,0.000459,0.034076,0.000000,0.000000,92.054871,0.000617,0.000031,2098.703125,0.014066,0.000715,0.000000,0.000000,0.000000,0.000000,0.000000,0.000000,0.000000,0.000000,0.000000,0.000000,0.000000,0.000000,0.000000,0.000000,51343224832.000000,42070.816406,17502.376953,42275254272.000000,34640.492188,14411.200195,9068065792.000000,7430.404297,3091.210449,0.000000,0.000000,0.000000,0.000000,0.000000,0.000000,13522937856.000000,11080.742188,4609.830566,3844047872.000000,3149.826172,1310.396484,12813716.000000,10.499603,4.368064,9010.995117,0.007384,0.003072,5339248.000000,4.374999,1.820095,183825056.000000,150.626892,62.664074,0.000000,0.000000,0.000000,0.000000,0.000000,0.000000,0.000000,0.000000,0.000000,598.531799,0.000490,0.000204,0.172402,0.000000,0.000000,709.478882,0.000581,0.000242,32113.753906,0.026314,0.010947,0.000000,0.000000,0.000000,0.000000,0.000000,0.000000,0.000000,0.000000,0.000000,0.000000,0.000000,0.000000,0.000000,0.000000,75003936.000000,509.884003,25.568071,2277238.250000,15.480886,0.776287,72726680.000000,494.402985,24.791779,0.000000,0.000000,0.000000,0.000000,0.000000,0.000000,67629392.000000,459.751160,23.054165,97226384.000000,660.954346,33.143475,6894885.000000,46.872093,2.350395,2577.135254,0.017520,0.000879,641426.375000,4.360478,0.218656,13218756.000000,89.862381,4.506138,734667.500000,4.994341,0.250441,10544.967773,0.071686,0.003595,10544.978516,0.071686,0.003595,331.097473,0.002251,0.000113,0.008828,0.000000,0.000000,85.171471,0.000579,0.000029,2600.393066,0.017678,0.000886,0.000000,0.000000,0.000000,0.000000,0.000000,0.000000,0.000000,0.000000,0.000000,0.000000,0.000000,0.000000,0.000000,0.000000,2806400.000000,4.000000,0.956673,1403200.000000,2.000000,0.478336,1403200.000000,2.000000,0.478336,0.000000,0.000000,0.000000,0.000000,0.000000,0.000000,839401.750000,1.196411,0.286143,1403200.000000,2.000000,0.478336,112763240.000000,160.722977,38.439827,11666.003906,0.016628,0.003977,2630966.000000,3.749952,0.896869,-20444290.000000,-29.139524,-6.969249,0.000000,0.000000,0.000000,0.000000,0.000000,0.000000,0.000000,0.000000,0.000000,6620.160645,0.009436,0.002257,0.323015,0.000000,0.000000,382.510254,0.000545,0.000130,7415.201660,0.010569,0.002528,0.000000,0.000000,0.000000,0.000000,0.000000,0.000000,0.000000,0.000000,0.000000,0.000000,0.000000,0.000000,0.000000,0.000000,322391616.000000,450.771301,109.899994,1285497.250000,1.797395,0.438213,321105696.000000,448.973297,109.461632,0.000000,0.000000,0.000000,0.000000,0.000000,0.000000,289784288.000000,405.179382,98.784492,613114240.000000,857.262634,209.004349,15340539.000000,21.449299,5.229432,6271.358398,0.008769,0.002138,2827175.750000,3.952986,0.963755,80545728.000000,112.619858,27.457211,2924343.000000,4.088846,0.996878,41974.074219,0.058689,0.014309,41973.964844,0.058688,0.014308,1068.374878,0.001494,0.000364,0.082838,0.000000,0.000000,345.516907,0.000483,0.000118,11942.853516,0.016699,0.004071,0.000000,0.000000,0.000000,0.000000,0.000000,0.000000,0.000000,0.000000,0.000000,0.000000,0.000000,0.000000,0.000000,0.000000,65518362624.000000,23513.623047,22334.535156,2326443776.000000,15815.389648,793.060791
1,2012,ANNUAL_DELTA,0.000000,0.000000,0.000000,0.000000,0.000000,1.712501,0.013029,0.355739,1.309132,0.027913,0.006689,3.946285,0.048169,0.114536,0.037057,0.012217,-1.107056,-0.492273,-6.098413,-3.341369,-1.361981,-0.929921,-0.590977,-0.367924,0.000000,0.000000,0.000000,0.000000,11.960938,7.572266,4.044189,0.344147,7.594727,3.487305,0.457520,-0.011093,-0.016676,0.000000,57.378906,32.134644,21.515442,35.849854,4.190491,1.397263,1.978088,0.000000,16.262878,3.345642,4.947296,0.000000,135.701172,154.544922,-11.643311,-3.168091,-4.520691,1.190464,-0.000098,0.114690,4.945251,0.000000,0.000000,-0.001730,-0.000026,-0.001704,0.265161,0.010433,0.010433,-0.219063,0.000000,0.002333,0.000000,0.000000,0.000000,0.000444,0.000000,0.016132,0.002333,0.000000,0.000000,0.468092,0.000000,0.000000,0.000000,0.000000,0.000000,0.000000,0.000000,0.000000,0.000000,0.000000,0.000000,0.000000,0.000000,0.000000,0.000000,-1901.500000,-0.012745,-0.000648,0.000000,0.000000,0.000000,298404.000000,2.000031,0.101723,-33.670532,-0.000226,-0.000011,7445.750000,0.049905,0.002538,829756.000000,5.561369,0.282855,0.000000,0.000000,0.000000,0.000000,0.000000,0.000000,0.000000,0.000000,0.000000,958.574158,0.006425,0.000327,0.013501,0.000000,0.000000,72.789360,0.000488,0.000025,1805.625549,0.012102,0.000616,0.000000,0.000000,0.000000,0.000000,0.000000,0.000000,0.000000,0.000000,0.000000,0.000000,0.000000,0.000000,0.000000,0.000000,30973952.000000,25.378906,10.556641,21819392.000000,17.878906,7.437500,9313280.000000,7.631348,3.175049,0.000000,0.000000,0.000000,0.000000,0.000000,0.000000,155972608.000000,127.804688,53.169434,65039872.000000,53.293945,22.171509,398888.000000,0.326850,0.135977,-51.513672,-0.000042,-0.000018,145391.500000,0.119134,0.049562,4900992.000000,4.015900,1.670700,-2881158.250000,-2.360831,-0.982157,-21914.933594,-0.017957,-0.007471,-21914.914063,-0.017957,-0.007471,473.440590,0.000388,0.000161,0.022057,0.000000,0.000000,621.016571,0.000509,0.000212,28155.229980,0.023070,0.009598,0.000000,0.000000,0.000000,0.000000,0.000000,0.000000,0.000000,0.000000,0.000000,0.000000,0.000000,0.000000,0.000000,0.000000,974296.000000,6.623352,0.332127,322945.875000,2.195417,0.110089,651296.000000,4.427582,0.222021,0.000000,0.000000,0.000000,0.000000,0.000000,0.000000,8956316.000000,60.885925,3.053116,12310656.000000,83.689026,4.196575,150679.000000,1.024326,0.051365,24.493896,0.000167,0.000008,10633.812500,0.072289,0.003625,246723.000000,1.677246,0.084105,734667.500000,4.994341,0.250441,10544.967773,0.071686,0.003595,10544.978516,0.071686,0.003595,255.886261,0.001740,0.000087,0.004936,0.000000,0.000000,71.349765,0.000485,0.000024,2254.632355,0.015327,0.000769,0.000000,0.000000,0.000000,0.000000,0.000000,0.000000,0.000000,0.000000,0.000000,0.000000,0.000000,0.000000,0.000000,0.000000,0.000000,0.000000,0.000000,0.000000,0.000000,0.000000,0.000000,0.000000,0.000000,0.000000,0.000000,0.000000,0.000000,0.000000,0.000000,-8693.937500,-0.012392,-0.002964,0.000000,0.000000,0.000000,1897112.000000,2.703979,0.646706,-186.004883,-0.000265,-0.000063,66146.500000,0.094280,0.022549,4724778.000000,6.734289,1.610628,0.000000,0.000000,0.000000,0.000000,0.000000,0.000000,0.000000,0.000000,0.000000,4353.510742,0.006205,0.001484,0.161232,0.000000,0.000000,284.630951,0.000406,0.000097,6190.349243,0.008823,0.002110,0.000000,0.000000,0.000000,0.000000,0.000000,0.000000,0.000000,0.000000,0.000000,0.000000,0.000000,0.000000,0.000000,0.000000,3204256.000000,4.480255,1.092308,1285471.505526,1.797359,0.438204,1918368.000000,2.682281,0.653954,0.000000,0.000000,0.000000,0.000000,0.000000,0.000000,3391872.000000,4.742554,1.156258,16886976.000000,23.611572,5.756607,740589.000000,1.035498,0.252459,-40.715820,-0.000057,-0.000014,106840.500000,0.149386,0.036421,3805256.000000,5.320534,1.297171,2924343.000000,4.088846,0.996878,41974.074219,0.058689,0.014309,41973.964844,0.058688,0.014308,803.494354,0.001123,0.000274,0.012180,0.000000,0.000000,253.860321,0.000355,0.000087,8916.379150,0.012467,0.003040,0.000000,0.000000,0.000000,0.000000,0.000000,0.000000,0.000000,0.000000,0.000000,0.000000,0.000000,0.000000,0.000000,0.000000,387866624.000000,139.199219,132.218750,10399232.000000,70.695313,3.544983
1,2012,MIN_VALUE,0.000000,0.000000,0.000000,0.000000,0.000000,0.049924,0.000026,0.022284,0.022002,0.001702,0.002750,0.092011,0.065752,0.068184,0.038485,0.056921,1.531774,0.458935,-2.250000,0.869356,3.686969,5.507828,6.639194,7.287613,0.000000,0.000000,0.000000,0.000000,17626.261719,14404.518555,3221.875732,276.943695,14127.758789,2898.975586,251.014221,51.781811,20.038820,0.000000,4433.494141,1354.348755,525.788452,3907.483887,604.995789,209.050339,113.855316,0.000000,265.025970,79.104614,81.931885,0.000000,22991.597656,18139.216797,2404.598389,1483.568848,946.591431,55.742031,0.010686,3.940243,81.441460,0.000000,0.000000,0.009875,0.000148,0.009727,0.000000,0.000000,0.000000,0.669056,0.000000,0.000383,0.000000,0.000000,0.000000,0.000030,0.000000,0.000806,0.000383,0.000000,0.000000,-1.219177,596800.000000,4.000000,0.203443,298400.000000,2.000000,0.101721,298400.000000,2.000000,0.101721,0.000000,0.000000,0.000000,0.000000,0.000000,0.000000,180294.968750,1.208411,0.061461,298400.000000,2.000000,0.101721,21123030.000000,141.575272,7.200624,1824.367554,0.012228,0.000622,447137.656250,2.996901,0.152425,-4559219.000000,-30.557770,-1.554191,0.000000,0.000000,0.000000,0.000000,0.000000,0.000000,0.000000,0.000000,0.000000,150.135071,0.001006,0.000051,0.017269,0.000000,0.000000,7.237604,0.000049,0.000002,112.861122,0.000756,0.000038,0.000000,0.000000,0.000000,0.000000,0.000000,0.000000,0.000000,0.000000,0.000000,0.000000,0.000000,0.000000,0.000000,0.000000,51312250880.000000,42045.437500,17491.820313,42253434880.000000,34622.613281,14403.762695,9058752512.000000,7422.772949,3088.035400,0.000000,0.000000,0.000000,0.000000,0.000000,0.000000,12655474688.000000,10369.940430,4314.121582,3500566016.000000,2868.375977,1193.307007,11775136.000000,9.648587,4.014023,9001.515625,0.007376,0.003069,5193856.500000,4.255864,1.770532,178924064.000000,146.610992,60.993374,0.000000,0.000000,0.000000,0.000000,0.000000,0.000000,0.000000,0.000000,0.000000,33.746605,0.000028,0.000012,0.136222,0.000000,0.000000,17.423445,0.000014,0.000006,789.548035,0.000647,0.000269,0.000000,0.000000,0.000000,0.000000,0.000000,0.000000,0.000000,0.000000,0.000000,0.000000,0.000000,0.000000,0.000000,0.000000,74029640.000000,503.260620,25.235943,1954292.375000,13.285468,0.666198,72075384.000000,489.975403,24.569757,0.000000,0.000000,0.000000,0.000000,0.000000,0.000000,38785012.000000,263.664246,13.221412,61670248.000000,419.240326,21.022755,6438147.500000,43.767151,2.194698,2552.641357,0.017353,0.000870,624500.500000,4.245415,0.212886,12749350.000000,86.671310,4.346122,0.000000,0.000000,0.000000,0.000000,0.000000,0.000000,0.000000,0.000000,0.000000,0.834676,0.000006,0.000000,0.003306,0.000000,0.000000,0.146557,0.000001,0.000000,5.095511,0.000035,0.000002,0.000000,0.000000,0.000000,0.000000,0.000000,0.000000,0.000000,0.000000,0.000000,0.000000,0.000000,0.000000,0.000000,0.000000,2806400.000000,4.000000,0.956673,1403200.000000,2.000000,0.478336,1403200.000000,2.000000,0.478336,0.000000,0.000000,0.000000,0.000000,0.000000,0.000000,839401.750000,1.196411,0.286143,1403200.000000,2.000000,0.478336,109926712.000000,156.680038,37.472885,11666.003906,0.016628,0.003977,2564819.500000,3.655672,0.874321,-25169068.000000,-35.873814,-8.579877,0.000000,0.000000,0.000000,0.000000,0.000000,0.000000,0.000000,0.000000,0.000000,881.910156,0.001257,0.000301,0.130526,0.000000,0.000000,39.010883,0.000056,0.000013,502.326691,0.000716,0.000171,0.000000,0.000000,0.000000,0.000000,0.000000,0.000000,0.000000,0.000000,0.000000,0.000000,0.000000,0.000000,0.000000,0.000000,319187360.000000,446.291046,108.807686,16.114489,0.000023,0.000005,319187328.000000,446.291016,108.807678,0.000000,0.000000,0.000000,0.000000,0.000000,0.000000,231248832.000000,323.334473,78.830345,356620192.000000,498.630035,121.568161,12620118.000000,17.645578,4.302069,6257.169922,0.008749,0.002133,2720335.250000,3.803601,0.927334,76740472.000000,107.299324,26.160040,0.000000,0.000000,0.000000,0.000000,0.000000,0.000000,0.000000,0.000000,0.000000,50.771164,0.000071,0.000017,0.065953,0.000000,0.000000,22.337229,0.000031,0.000008,834.625366,0.001167,0.000285,0.000000,0.000000,0.000000,0.000000,0.000000,0.000000,0.000000,0.000000,0.000000,0.000000,0.000000,0.000000,0.000000,0.000000,65130496000.000000,23374.423828,22202.316406,2316044544.000000,15744.694336,789.515808
1,2012,MIN_VALUE_JDAY,1.000000,1.000000,1.000000,1.000000,1.000000,285.000000,290.000000,285.000000,289.000000,292.000000,296.000000,285.000000,285.000000,288.000000,300.000000,300.000000,19.000000,284.000000,19.000000,19.000000,20.000000,20.000000,20.000000,20.000000,1.000000,1.000000,1.000000,1.000000,1.000000,1.000000,1.000000,1.000000,1.000000,1.000000,1.000000,366.000000,366.000000,1.000000,349.000000,262.000000,339.000000,349.000000,262.000000,262.000000,349.000000,1.000000,262.000000,262.000000,349.000000,1.000000,1.000000,1.000000,366.000000,366.000000,366.000000,180.000000,366.000000,1.000000,1.000000,1.000000,1.000000,21.000000,21.000000,21.000000,350.000000,350.000000,350.000000,19.000000,1.000000,286.000000,1.000000,288.000000,1.000000,286.000000,1.000000,286.000000,286.000000,1.000000,1.000000,288.000000,1.000000,1.000000,1.000000,1.000000,1.000000,1.000000,1.000000,1.000000,1.000000,1.000000,1.000000,1.000000,1.000000,1.000000,1.000000,366.000000,366.000000,366.000000,1.000000,1.000000,1.000000,105.000000,105.000000,105.000000,366.000000,366.000000,366.000000,141.000000,141.000000,141.000000,1.000000,1.000000,1.000000,1.000000,1.000000,1.000000,1.000000,1.000000,1.000000,1.000000,1.000000,1.000000,289.000000,289.000000,289.000000,296.000000,296.000000,296.000000,289.000000,289.000000,289.000000,293.000000,293.000000,293.000000,1.000000,1.000000,1.000000,1.000000,1.000000,1.000000,1.000000,1.000000,1.000000,1.000000,1.000000,1.000000,1.000000,1.000000,1.000000,1.000000,1.000000,1.000000,1.000000,1.000000,1.000000,1.000000,1.000000,1.000000,1.000000,1.000000,1.000000,1.000000,1.000000,349.000000,349.000000,349.000000,349.000000,349.000000,349.000000,181.000000,181.000000,181.000000,349.000000,349.000000,349.000000,1.000000,1.000000,1.000000,1.000000,1.000000,1.000000,350.000000,350.000000,350.000000,350.000000,350.000000,350.000000,350.000000,350.000000,350.000000,254.000000,254.000000,254.000000,254.000000,254.000000,254.000000,254.000000,254.000000,254.000000,254.000000,254.000000,254.000000,1.000000,1.000000,1.000000,1.000000,1.000000,1.000000,1.000000,1.000000,1.000000,1.000000,1.000000,1.000000,1.000000,1.000000,1.000000,3.000000,3.000000,1.000000,1.000000,1.000000,1.000000,1.000000,1.000000,1.000000,1.000000,1.000000,1.000000,1.000000,1.000000,262.000000,262.000000,262.000000,262.000000,262.000000,262.000000,214.000000,214.000000,214.000000,1.000000,1.000000,1.000000,147.000000,147.000000,147.000000,146.000000,146.000000,146.000000,1.000000,1.000000,1.000000,1.000000,1.000000,1.000000,1.000000,1.000000,1.000000,286.000000,286.000000,286.000000,296.000000,296.000000,296.000000,286.000000,286.000000,286.000000,286.000000,286.000000,286.000000,1.000000,1.000000,1.000000,1.000000,1.000000,1.000000,1.000000,1.000000,1.000000,1.000000,1.000000,1.000000,1.000000,1.000000,1.000000,1.000000,1.000000,1.000000,1.000000,1.000000,1.000000,1.000000,1.000000,1.000000,1.000000,1.000000,1.000000,1.000000,1.000000,366.000000,366.000000,366.000000,1.000000,1.000000,1.000000,100.000000,100.000000,100.000000,366.000000,366.000000,366.000000,1.000000,1.000000,1.000000,1.000000,1.000000,1.000000,1.000000,1.000000,1.000000,1.000000,1.000000,1.000000,1.000000,1.000000,1.000000,286.000000,286.000000,286.000000,287.000000,287.000000,287.000000,286.000000,286.000000,286.000000,287.000000,287.000000,287.000000,1.000000,1.000000,1.000000,1.000000,1.000000,1.000000,1.000000,1.000000,1.000000,1.000000,1.000000,1.000000,1.000000,1.000000,1.000000,1.000000,1.000000,365.000000,365.000000,365.000000,1.000000,1.000000,1.000000,1.000000,1.000000,1.000000,1.000000,1.000000,1.000000,152.000000,152.000000,152.000000,262.000000,262.000000,262.000000,262.000000,262.000000,262.000000,262.000000,262.000000,262.000000,1.000000,1.000000,1.000000,1.000000,1.000000,1.000000,1.000000,1.000000,1.000000,1.000000,1.000000,1.000000,1.000000,1.000000,1.000000,286.000000,286.000000,286.000000,286.000000,286.000000,286.000000,286.000000,286.000000,286.000000,286.000000,286.000000,286.000000,1.000000,1.000000,1.000000,1.000000,1.000000,1.000000,1.000000,1.000000,1.000000,1.000000,1.000000,1.000000,1.000000,1.000000,1.000000,1.000000,1.000000,1.000000,1.000000,1.000000
1,2012,MAX_VALUE,6.606953,12.697846,29.191999,20.500000,66.000000,12.469160,3.302653,3.794383,2.238537,0.031381,0.009821,7.132552,0.317584,0.288823,0.084572,0.073283,9.262217,4.580734,24.750000,20.914295,15.595565,12.095882,10.351597,9.420394,0.007005,0.000000,0.000000,0.000000,18096.468750,14718.549805,3439.264160,375.056152,14354.228516,2966.767334,377.150391,71.051598,27.936069,0.000000,4731.822754,1553.123657,610.629517,4121.313477,653.522705,216.114716,116.637589,0.000000,379.394867,97.753418,89.692841,0.000000,23127.337891,18293.761719,2416.241699,1486.736938,951.112122,57.778992,0.010784,4.054933,86.386711,0.000000,0.000000,0.035036,0.000526,0.034510,7.975367,0.102578,0.102578,2.290020,0.000000,0.005377,0.000000,0.000000,0.000000,0.000869,0.000000,0.030562,0.005377,0.000000,0.000000,6.189454,596800.000000,4.000000,0.203443,298400.000000,2.000000,0.101721,298400.000000,2.000000,0.101721,0.000000,0.000000,0.000000,0.000000,0.000000,0.000000,182196.468750,1.221156,0.062109,298400.000000,2.000000,0.101721,22021802.000000,147.599213,7.507006,1858.038086,0.012453,0.000633,457544.125000,3.066650,0.155972,-3729463.000000,-24.996401,-1.271336,0.000000,0.000000,0.000000,0.000000,0.000000,0.000000,0.000000,0.000000,0.000000,2165.020752,0.014511,0.000738,0.036748,0.000000,0.000000,137.160812,0.000919,0.000047,2902.623779,0.019455,0.000989,0.000000,0.000000,0.000000,0.000000,0.000000,0.000000,0.000000,0.000000,0.000000,0.000000,0.000000,0.000000,0.000000,0.000000,52586151936.000000,43089.273438,17926.078125,43162984448.000000,35367.898438,14713.818359,9423154176.000000,7721.365234,3212.256592,0.000000,0.000000,0.000000,0.000000,0.000000,0.000000,13522937856.000000,11080.742188,4609.830566,3844047872.000000,3149.826172,1310.396484,12813716.000000,10.499603,4.368064,9062.508789,0.007426,0.003089,5354928.000000,4.387847,1.825440,186184128.000000,152.559921,63.468254,11838904.000000,9.700839,4.035761,90050.523438,0.073788,0.030697,90050.679688,0.073788,0.030697,952.125732,0.000780,0.000325,0.173531,0.000000,0.000000,1160.266724,0.000951,0.000396,54189.507813,0.044403,0.018473,0.000000,0.000000,0.000000,0.000000,0.000000,0.000000,0.000000,0.000000,0.000000,0.000000,0.000000,0.000000,0.000000,0.000000,152151600.000000,1034.341309,51.866917,36295208.000000,246.738342,12.372663,115856352.000000,787.602661,39.494240,0.000000,0.000000,0.000000,0.000000,0.000000,0.000000,67666336.000000,460.002289,23.066759,97321880.000000,661.603516,33.176029,7219695.500000,49.080185,2.461120,2578.612305,0.017530,0.000879,646634.125000,4.395881,0.220431,13411916.000000,91.175499,4.571984,1833376.375000,12.463470,0.624979,26315.148438,0.178893,0.008971,26315.154297,0.178893,0.008971,600.825623,0.004084,0.000205,0.009221,0.000000,0.000000,125.836517,0.000855,0.000043,3728.366943,0.025346,0.001271,0.000000,0.000000,0.000000,0.000000,0.000000,0.000000,0.000000,0.000000,0.000000,0.000000,0.000000,0.000000,0.000000,0.000000,2806400.000000,4.000000,0.956673,1403200.000000,2.000000,0.478336,1403200.000000,2.000000,0.478336,0.000000,0.000000,0.000000,0.000000,0.000000,0.000000,848095.687500,1.208802,0.289107,1403200.000000,2.000000,0.478336,114327736.000000,162.952881,38.973152,11852.008789,0.016893,0.004040,2630966.000000,3.749952,0.896869,-20444290.000000,-29.139524,-6.969249,0.000000,0.000000,0.000000,0.000000,0.000000,0.000000,0.000000,0.000000,0.000000,10975.674805,0.015644,0.003741,0.335525,0.000000,0.000000,555.609131,0.000792,0.000189,9799.776367,0.013968,0.003341,0.000000,0.000000,0.000000,0.000000,0.000000,0.000000,0.000000,0.000000,0.000000,0.000000,0.000000,0.000000,0.000000,0.000000,709804160.000000,992.455444,241.964935,113838184.000000,159.169724,38.806267,652335488.000000,912.102234,222.374466,0.000000,0.000000,0.000000,0.000000,0.000000,0.000000,296705760.000000,414.857025,101.143944,613695104.000000,858.074829,209.202347,17426248.000000,24.365561,5.940429,6328.977051,0.008849,0.002157,2827175.750000,3.952986,0.963755,80545728.000000,112.619858,27.457211,16453895.000000,23.006006,5.608964,236168.015625,0.330213,0.080507,236168.218750,0.330213,0.080507,1589.682739,0.002223,0.000542,0.087435,0.000000,0.000000,598.783020,0.000837,0.000204,20463.500000,0.028612,0.006976,0.000000,0.000000,0.000000,0.000000,0.000000,0.000000,3492109.500000,4.882703,1.190424,7152.000000,117859.851563,0.164793,0.040177,7152.000000,65518501888.000000,23513.673828,22334.583984,2326443776.000000,15815.389648,793.060791
1,2012,MAX_VALUE_JDAY,324.000000,19.000000,19.000000,21.000000,324.000000,324.000000,324.000000,325.000000,340.000000,363.000000,366.000000,340.000000,324.000000,356.000000,365.000000,363.000000,229.000000,163.000000,229.000000,229.000000,230.000000,230.000000,230.000000,230.000000,324.000000,1.000000,1.000000,1.000000,258.000000,349.000000,262.000000,182.000000,349.000000,262.000000,262.000000,349.000000,349.000000,1.000000,366.000000,366.000000,366.000000,366.000000,366.000000,366.000000,366.000000,1.000000,366.000000,366.000000,366.000000,1.000000,364.000000,366.000000,1.000000,1.000000,1.000000,365.000000,1.000000,366.000000,366.000000,1.000000,1.000000,230.000000,230.000000,230.000000,146.000000,146.000000,146.000000,203.000000,1.000000,339.000000,1.000000,362.000000,1.000000,340.000000,1.000000,340.000000,339.000000,1.000000,1.000000,145.000000,1.000000,1.000000,1.000000,1.000000,1.000000,1.000000,1.000000,1.000000,1.000000,1.000000,1.000000,1.000000,1.000000,1.000000,1.000000,1.000000,1.000000,1.000000,1.000000,1.000000,1.000000,318.000000,318.000000,318.000000,1.000000,1.000000,1.000000,339.000000,339.000000,339.000000,366.000000,366.000000,366.000000,1.000000,1.000000,1.000000,1.000000,1.000000,1.000000,1.000000,1.000000,1.000000,340.000000,340.000000,340.000000,357.000000,357.000000,357.000000,340.000000,340.000000,340.000000,340.000000,340.000000,340.000000,1.000000,1.000000,1.000000,1.000000,1.000000,1.000000,1.000000,1.000000,1.000000,1.000000,1.000000,1.000000,1.000000,1.000000,349.000000,349.000000,349.000000,349.000000,349.000000,349.000000,349.000000,349.000000,349.000000,1.000000,1.000000,1.000000,1.000000,1.000000,1.000000,366.000000,366.000000,366.000000,366.000000,366.000000,366.000000,366.000000,366.000000,366.000000,1.000000,1.000000,1.000000,324.000000,324.000000,324.000000,323.000000,323.000000,323.000000,306.000000,306.000000,306.000000,306.000000,306.000000,306.000000,306.000000,306.000000,306.000000,325.000000,325.000000,325.000000,363.000000,363.000000,363.000000,340.000000,340.000000,340.000000,356.000000,356.000000,356.000000,1.000000,1.000000,1.000000,1.000000,1.000000,1.000000,1.000000,1.000000,1.000000,1.000000,1.000000,1.000000,1.000000,1.000000,262.000000,262.000000,262.000000,262.000000,262.000000,262.000000,262.000000,262.000000,262.000000,1.000000,1.000000,1.000000,1.000000,1.000000,1.000000,365.000000,365.000000,365.000000,365.000000,365.000000,365.000000,134.000000,134.000000,134.000000,365.000000,365.000000,365.000000,334.000000,334.000000,334.000000,334.000000,334.000000,334.000000,144.000000,144.000000,144.000000,144.000000,144.000000,144.000000,144.000000,144.000000,144.000000,325.000000,325.000000,325.000000,362.000000,362.000000,362.000000,356.000000,356.000000,356.000000,356.000000,356.000000,356.000000,1.000000,1.000000,1.000000,1.000000,1.000000,1.000000,1.000000,1.000000,1.000000,1.000000,1.000000,1.000000,1.000000,1.000000,1.000000,1.000000,1.000000,1.000000,1.000000,1.000000,1.000000,1.000000,1.000000,1.000000,1.000000,1.000000,1.000000,1.000000,1.000000,1.000000,1.000000,1.000000,1.000000,1.000000,1.000000,304.000000,304.000000,304.000000,1.000000,1.000000,1.000000,366.000000,366.000000,366.000000,366.000000,366.000000,366.000000,1.000000,1.000000,1.000000,1.000000,1.000000,1.000000,1.000000,1.000000,1.000000,325.000000,325.000000,325.000000,362.000000,362.000000,362.000000,340.000000,340.000000,340.000000,340.000000,340.000000,340.000000,1.000000,1.000000,1.000000,1.000000,1.000000,1.000000,1.000000,1.000000,1.000000,1.000000,1.000000,1.000000,1.000000,1.000000,258.000000,258.000000,258.000000,166.000000,166.000000,166.000000,262.000000,262.000000,262.000000,1.000000,1.000000,1.000000,1.000000,1.000000,1.000000,214.000000,214.000000,214.000000,365.000000,365.000000,365.000000,134.000000,134.000000,134.000000,134.000000,134.000000,134.000000,366.000000,366.000000,366.000000,366.000000,366.000000,366.000000,146.000000,146.000000,146.000000,146.000000,146.000000,146.000000,146.000000,146.000000,146.000000,340.000000,340.000000,340.000000,356.000000,356.000000,356.000000,325.000000,325.000000,325.000000,325.000000,325.000000,325.000000,1.000000,1.000000,1.000000,1.000000,1.000000,1.000000,122.000000,122.000000,122.000000,122.000000,167.000000,167.000000,167.000000,61.000000,364.000000,364.000000,364.000000,366.000000,366.000000,366.000000
1,2012,ANNUAL_SUM,38.217752,29.198476,90.686350,29.197695,1161.892835,385.414888,61.735824,145.460698,136.216713,2.306850,1.477052,675.852569,64.909440,59.865503,20.739151,22.939729,1562.884223,825.012718,4226.545673,3905.174859,3611.639913,3320.134681,3175.051380,3098.787735,0.238414,0.000000,0.000000,0.000000,6557287.671875,5336673.082031,1220668.949951,122642.955109,5214000.897461,1073652.022705,115056.302658,23088.082291,8864.906460,0.000000,1663911.516113,523808.432251,201345.621155,1462615.105469,229187.753479,77301.981094,41820.873756,0.000000,113979.854889,31022.204964,30495.943352,0.000000,8437897.892578,6665346.210938,882299.726318,543586.452759,347285.603149,20793.840343,3.928682,1462.326879,30721.147408,0.000000,0.000000,7.690271,0.115354,7.574920,665.753754,6.619286,6.619284,494.430936,0.000000,0.587363,0.000000,0.000055,0.000000,0.071682,0.000000,2.264088,0.587418,0.000000,0.000000,169.058731,218428800.000000,1464.000000,74.460135,109214400.000000,732.000000,37.230067,109214400.000000,732.000000,37.230067,0.000000,0.000000,0.000000,0.000000,0.000000,0.000000,66355481.500000,444.741833,22.619902,109214400.000000,732.000000,37.230067,7866295588.000000,52723.160767,2681.539316,673960.328857,4.517160,0.229746,164935304.375000,1105.464508,56.224750,-1549548918.500000,-10385.716635,-528.225301,0.000000,0.000000,0.000000,0.000000,0.000000,0.000000,0.000000,0.000000,0.000000,225073.058105,1.508533,0.076725,8.344876,0.000056,0.000003,12391.521630,0.083053,0.004224,224553.823486,1.505052,0.076548,0.000000,0.000000,0.000000,0.000000,0.000000,0.000000,0.000000,0.000000,0.000000,0.000000,0.000000,0.000000,0.000000,0.000000,19022754791424.000000,15587311.382813,6484661.609375,15637881720832.000000,12813734.582031,5330793.142578,3384870618112.000000,2773574.744141,1153867.606689,0.000000,0.000000,0.000000,0.000000,0.000000,0.000000,4762151726080.000000,3902123.669922,1623368.575684,1329209346560.000000,1089158.758789,453113.805786,4455158207.000000,3650.572110,1518.717641,3306729.096680,2.709545,1.127230,1932540369.500000,1583.530295,658.783151,66727878080.000000,54677.055222,22746.847839,1276746581.734375,1046.170586,435.229787,9711315.566895,7.957486,3.310488,9711313.468384,7.957484,3.310487,75088.406425,0.061528,0.025597,54.962130,0.000045,0.000019,76544.370832,0.062721,0.026093,3460926.291870,2.835895,1.179794,0.000000,0.000000,0.000000,0.000000,0.000000,0.000000,0.000000,0.000000,0.000000,0.000000,0.000000,0.000000,0.000000,0.000000,38549140952.000000,262060.779053,13141.005821,5744777493.125000,39053.552050,1958.335614,32804369528.000000,223007.268768,11182.672371,0.000000,0.000000,0.000000,0.000000,0.000000,0.000000,18486246368.000000,125671.287506,6301.771381,27358601392.000000,185986.413574,9326.266045,2473883316.000000,16817.697575,843.321394,938406.344238,6.379377,0.319893,231708864.062500,1575.179229,78.987170,4762450507.000000,32375.598320,1623.470431,78856640.057312,536.075054,26.881418,1131859.372053,7.694489,0.385839,1131859.343046,7.694489,0.385839,42508.664191,0.288978,0.014491,1.716448,0.000012,0.000001,9255.893594,0.062922,0.003155,258527.081491,1.757492,0.088129,0.000000,0.000000,0.000000,0.000000,0.000000,0.000000,0.000000,0.000000,0.000000,0.000000,0.000000,0.000000,0.000000,0.000000,1027142400.000000,1464.000000,350.142284,513571200.000000,732.000000,175.071142,513571200.000000,732.000000,175.071142,0.000000,0.000000,0.000000,0.000000,0.000000,0.000000,308911848.437500,440.296249,105.304874,513571200.000000,732.000000,175.071142,40893978832.000000,58286.742920,13940.337036,4304422.166016,6.135151,1.467333,947991672.500000,1351.185392,323.160617,-8497255986.000000,-12111.254248,-2896.627226,0.000000,0.000000,0.000000,0.000000,0.000000,0.000000,0.000000,0.000000,0.000000,1227244.689636,1.749209,0.418355,69.573916,0.000099,0.000024,57436.741745,0.081865,0.019580,850478.313934,1.212198,0.289919,0.000000,0.000000,0.000000,0.000000,0.000000,0.000000,0.000000,0.000000,0.000000,0.000000,0.000000,0.000000,0.000000,0.000000,174077402688.000000,243396.815247,59341.196869,11402015475.499712,15942.415268,3886.829861,162675350464.000000,227454.349792,55454.354820,0.000000,0.000000,0.000000,0.000000,0.000000,0.000000,100271259920.000000,140200.307526,34181.442009,179402823168.000000,250842.873688,61156.578514,5309516289.000000,7423.820314,1809.959534,2301970.713867,3.218639,0.784718,1012580794.250000,1415.800887,345.178386,28677200976.000000,40096.757507,9775.763088,597385544.046600,835.270612,203.642592,8574500.967337,11.988956,2.922959,8574503.510306,11.988959,2.922960,153125.350857,0.214101,0.052199,26.518922,0.000037,0.000009,54651.336969,0.076414,0.018630,1847226.939270,2.582812,0.629701,0.000000,0.000000,0.000000,0.000000,0.000000,0.000000,13968438.000000,19.530813,4.761697,28608.000000,724176.574707,1.012551,0.246864,100128.000000,23903284391936.000000,8578554.531250,8148383.958984,849586779392.000000,5775572.929688,289615.400513
1,2012,ANNUAL_AVERAGE,0.104420,0.079777,0.247777,0.079775,3.174571,1.053046,0.168677,0.397434,0.372177,0.006303,0.004036,1.846592,0.177348,0.163567,0.056664,0.062677,4.270175,2.254133,11.547939,10.669877,9.867869,9.071406,8.675004,8.466633,0.000651,0.000000,0.000000,0.000000,17916.086535,14581.073995,3335.161065,335.090041,14245.904091,2933.475472,314.361483,63.082192,24.221056,0.000000,4546.206328,1431.170580,550.124648,3996.216135,626.196048,211.207599,114.264682,0.000000,311.420369,84.760123,83.322250,0.000000,23054.365827,18211.328445,2410.654990,1485.208887,948.867768,56.813771,0.010734,3.995429,83.937561,0.000000,0.000000,0.021012,0.000315,0.020697,1.818999,0.018085,0.018085,1.350904,0.000000,0.001605,0.000000,0.000000,0.000000,0.000196,0.000000,0.006186,0.001605,0.000000,0.000000,0.461909,596800.000000,4.000000,0.203443,298400.000000,2.000000,0.101721,298400.000000,2.000000,0.101721,0.000000,0.000000,0.000000,0.000000,0.000000,0.000000,181299.129781,1.215142,0.061803,298400.000000,2.000000,0.101721,21492610.896175,144.052352,7.326610,1841.421664,0.012342,0.000628,450642.908128,3.020395,0.153620,-4233740.214481,-28.376275,-1.443239,0.000000,0.000000,0.000000,0.000000,0.000000,0.000000,0.000000,0.000000,0.000000,614.953711,0.004122,0.000210,0.022800,0.000000,0.000000,33.856616,0.000227,0.000012,613.535037,0.004112,0.000209,0.000000,0.000000,0.000000,0.000000,0.000000,0.000000,0.000000,0.000000,0.000000,0.000000,0.000000,0.000000,0.000000,0.000000,51974739867.278690,42588.282467,17717.654670,42726452789.158470,35010.203776,14565.008586,9248280377.355192,7578.073071,3152.643734,0.000000,0.000000,0.000000,0.000000,0.000000,0.000000,13011343513.879782,10661.540082,4435.433267,3631719526.120219,2975.843603,1238.015863,12172563.407104,9.974241,4.149502,9034.778953,0.007403,0.003080,5280164.943989,4.326586,1.799954,182316606.775956,149.390861,62.149857,3488378.638619,2.858390,1.189152,26533.649090,0.021742,0.009045,26533.643356,0.021742,0.009045,205.159580,0.000168,0.000070,0.150170,0.000000,0.000000,209.137625,0.000171,0.000071,9456.082765,0.007748,0.003223,0.000000,0.000000,0.000000,0.000000,0.000000,0.000000,0.000000,0.000000,0.000000,0.000000,0.000000,0.000000,0.000000,0.000000,105325521.726776,716.013058,35.904387,15696113.369194,106.703694,5.350644,89629424.939891,609.309478,30.553750,0.000000,0.000000,0.000000,0.000000,0.000000,0.000000,50508869.857924,343.364174,17.217955,74750277.027322,508.159600,25.481601,6759244.032787,45.949993,2.304157,2563.951760,0.017430,0.000874,633084.328040,4.303768,0.215812,13012159.855191,88.457919,4.435712,215455.300703,1.464686,0.073446,3092.511946,0.021023,0.001054,3092.511866,0.021023,0.001054,116.143891,0.000790,0.000040,0.004690,0.000000,0.000000,25.289327,0.000172,0.000009,706.358146,0.004802,0.000241,0.000000,0.000000,0.000000,0.000000,0.000000,0.000000,0.000000,0.000000,0.000000,0.000000,0.000000,0.000000,0.000000,0.000000,2806400.000000,4.000000,0.956673,1403200.000000,2.000000,0.478336,1403200.000000,2.000000,0.478336,0.000000,0.000000,0.000000,0.000000,0.000000,0.000000,844021.443818,1.202995,0.287718,1403200.000000,2.000000,0.478336,111732182.601093,159.253396,38.088353,11760.716301,0.016763,0.004009,2590141.181694,3.691763,0.882953,-23216546.409836,-33.090859,-7.914282,0.000000,0.000000,0.000000,0.000000,0.000000,0.000000,0.000000,0.000000,0.000000,3353.127567,0.004779,0.001143,0.190093,0.000000,0.000000,156.930988,0.000224,0.000053,2323.711240,0.003312,0.000792,0.000000,0.000000,0.000000,0.000000,0.000000,0.000000,0.000000,0.000000,0.000000,0.000000,0.000000,0.000000,0.000000,0.000000,475621318.819672,665.018621,162.134418,31153047.747267,43.558512,10.619754,444468170.666667,621.459972,151.514631,0.000000,0.000000,0.000000,0.000000,0.000000,0.000000,273965191.038251,383.060950,93.391918,490171648.000000,685.363043,167.094477,14506875.106557,20.283662,4.945245,6289.537470,0.008794,0.002144,2766614.191940,3.868308,0.943110,78353008.131148,109.553982,26.709735,1632200.940018,2.282160,0.556401,23427.598271,0.032757,0.007986,23427.605219,0.032757,0.007986,418.375276,0.000585,0.000143,0.072456,0.000000,0.000000,149.320593,0.000209,0.000051,5047.068140,0.007057,0.001720,0.000000,0.000000,0.000000,0.000000,0.000000,0.000000,38165.131148,0.053363,0.013010,78.163934,1978.624521,0.002767,0.000674,273.573770,65309520196.546450,23438.673583,22263.344150,2321275353.530055,15780.253906,791.298909
1,2012,DAY_COUNT,366,366,366,366,366,366,366,366,366,366,366,366,366,366,366,366,366,366,366,366,366,366,366,366,366,366,366,366,366,366,366,366,366,366,366,366,366,366,366,366,366,366,366,366,366,366,366,366,366,366,366,366,366,366,366,366,366,366,366,366,366,366,366,366,366,366,366,366,366,366,366,366,366,366,366,366,366,366,366,366,366,366,366,366,366,366,366,366,366,366,366,366,366,366,366,366,366,366,366,366,366,366,366,366,366,366,366,366,366,366,366,366,366,366,366,366,366,366,366,366,366,366,366,366,366,366,366,366,366,366,366,366,366,366,366,366,366,366,366,366,366,366,366,366,366,366,366,366,366,366,366,366,366,366,366,366,366,366,366,366,366,366,366,366,366,366,366,366,366,366,366,366,366,366,366,366,366,366,366,366,366,366,366,366,366,366,366,366,366,366,366,366,366,366,366,366,366,366,366,366,366,366,366,366,366,366,366,366,366,366,366,366,366,366,366,366,366,366,366,366,366,366,366,366,366,366,366,366,366,366,366,366,366,366,366,366,366,366,366,366,366,366,366,366,366,366,366,366,366,366,366,366,366,366,366,366,366,366,366,366,366,366,366,366,366,366,366,366,366,366,366,366,366,366,366,366,366,366,366,366,366,366,366,366,366,366,366,366,366,366,366,366,366,366,366,366,366,366,366,366,366,366,366,366,366,366,366,366,366,366,366,366,366,366,366,366,366,366,366,366,366,366,366,366,366,366,366,366,366,366,366,366,366,366,366,366,366,366,366,366,366,366,366,366,366,366,366,366,366,366,366,366,366,366,366,366,366,366,366,366,366,366,366,366,366,366,366,366,366,366,366,366,366,366,366,366,366,366,366,366,366,366,366,366,366,366,366,366,366,366,366,366,366,366,366,366,366,366,366,366,366,366,366,366,366,366,366,366,366,366,366,366,366,366,366,366,366,366,366,366,366,366,366,366,366,366
1,2013,INITIAL_VALUE,0.000000,0.000000,0.000000,0.000000,0.000000,1.880807,0.011823,0.495358,1.333997,0.029841,0.009789,4.808908,0.225174,0.269487,0.084406,0.072935,2.119218,1.522689,2.199452,2.827123,4.617667,5.962762,6.858088,7.395155,0.000000,0.000000,0.000000,0.000000,17638.222656,14412.090820,3225.919922,277.287842,14135.353516,2902.462891,251.471741,51.781811,20.038816,0.000000,4731.437012,1552.637451,610.475342,4121.089355,653.404602,216.092819,116.635071,0.000000,379.131927,97.693260,89.683197,0.000000,23127.324219,18293.804688,2404.578369,1483.562378,946.581665,57.785458,0.010686,4.055112,86.395119,0.000000,0.000000,0.011545,0.000173,0.011372,0.000000,0.000000,0.000000,0.856321,0.000000,0.003174,0.000000,0.000000,0.000000,0.000512,0.000000,0.017760,0.003174,0.000000,0.000000,-0.874080,596800.000000,4.000000,0.203443,298400.000000,2.000000,0.101721,298400.000000,2.000000,0.101721,0.000000,0.000000,0.000000,0.000000,0.000000,0.000000,180293.375000,1.208401,0.061460,298400.000000,2.000000,0.101721,21654304.000000,145.136093,7.381730,1824.196411,0.012227,0.000622,456286.468750,3.058220,0.155543,-3726103.500000,-24.973885,-1.270190,0.000000,0.000000,0.000000,0.000000,0.000000,0.000000,0.000000,0.000000,0.000000,1257.259644,0.008427,0.000429,0.033443,0.000000,0.000000,86.318428,0.000579,0.000029,1972.098389,0.013218,0.000672,0.000000,0.000000,0.000000,0.000000,0.000000,0.000000,0.000000,0.000000,0.000000,0.000000,0.000000,0.000000,0.000000,0.000000,51343224832.000000,42070.816406,17502.376953,42275254272.000000,34640.492188,14411.200195,9068065792.000000,7430.404297,3091.210449,0.000000,0.000000,0.000000,0.000000,0.000000,0.000000,13522013184.000000,11079.984375,4609.515137,3843282432.000000,3149.198975,1310.135498,12852541.000000,10.531417,4.381299,9011.492188,0.007384,0.003072,5339141.000000,4.374911,1.820058,183797824.000000,150.604584,62.654789,0.000000,0.000000,0.000000,0.000000,0.000000,0.000000,0.000000,0.000000,0.000000,558.284912,0.000457,0.000190,0.171833,0.000000,0.000000,656.700439,0.000538,0.000224,29633.486328,0.024282,0.010102,0.000000,0.000000,0.000000,0.000000,0.000000,0.000000,0.000000,0.000000,0.000000,0.000000,0.000000,0.000000,0.000000,0.000000,75003936.000000,509.884003,25.568071,2277238.250000,15.480886,0.776287,72726680.000000,494.402985,24.791779,0.000000,0.000000,0.000000,0.000000,0.000000,0.000000,67590800.000000,459.488770,23.041010,97130896.000000,660.305176,33.110924,6899046.000000,46.900383,2.351814,2577.354004,0.017521,0.000879,641283.125000,4.359504,0.218607,13213109.000000,89.823990,4.504213,0.000000,0.000000,0.000000,0.000000,0.000000,0.000000,0.000000,0.000000,0.000000,308.223663,0.002095,0.000105,0.008760,0.000000,0.000000,79.445763,0.000540,0.000027,2427.516602,0.016502,0.000828,0.000000,0.000000,0.000000,0.000000,0.000000,0.000000,0.000000,0.000000,0.000000,0.000000,0.000000,0.000000,0.000000,0.000000,2806400.000000,4.000000,0.956673,1403200.000000,2.000000,0.478336,1403200.000000,2.000000,0.478336,0.000000,0.000000,0.000000,0.000000,0.000000,0.000000,839395.187500,1.196401,0.286141,1403200.000000,2.000000,0.478336,112737976.000000,160.686966,38.431217,11665.105469,0.016626,0.003977,2631021.500000,3.750031,0.896888,-20414210.000000,-29.096651,-6.958995,0.000000,0.000000,0.000000,0.000000,0.000000,0.000000,0.000000,0.000000,0.000000,6189.118652,0.008821,0.002110,0.317458,0.000000,0.000000,359.740204,0.000513,0.000123,6985.237305,0.009956,0.002381,0.000000,0.000000,0.000000,0.000000,0.000000,0.000000,0.000000,0.000000,0.000000,0.000000,0.000000,0.000000,0.000000,0.000000,322391616.000000,450.771301,109.899994,1285497.250000,1.797395,0.438213,321105696.000000,448.973297,109.461632,0.000000,0.000000,0.000000,0.000000,0.000000,0.000000,289603680.000000,404.926849,98.722916,612543552.000000,856.464722,208.809799,15362859.000000,21.480509,5.237041,6271.701660,0.008769,0.002138,2827963.250000,3.954087,0.964024,80570864.000000,112.655006,27.465778,0.000000,0.000000,0.000000,0.000000,0.000000,0.000000,0.000000,0.000000,0.000000,998.827942,0.001397,0.000340,0.082237,0.000000,0.000000,320.680634,0.000448,0.000109,11079.422852,0.015491,0.003777,0.000000,0.000000,0.000000,0.000000,0.000000,0.000000,0.000000,0.000000,0.000000,0.000000,0.000000,0.000000,0.000000,0.000000,65518395392.000000,23513.634766,22334.546875,2326465792.000000,15815.539063,793.068298
1,2013,FINAL_VALUE,0.004174,0.000000,0.000000,0.000000,0.299912,0.192477,0.014992,0.101478,0.067210,0.001742,0.002881,0.848224,0.142285,0.116083,0.040261,0.058022,2.684106,1.322576,5.548355,4.702402,5.438293,6.680045,7.357111,7.721388,0.000097,0.000000,0.000000,0.000000,17646.542969,14418.020508,3228.687012,276.867737,14141.383789,2905.052490,251.653412,51.791500,20.039501,0.000000,4712.677734,1551.521606,605.785278,4107.007324,651.809631,216.467941,117.691032,0.000000,376.316315,97.461533,91.780190,0.000000,23261.626953,18446.593750,2393.536621,1480.219360,942.082581,59.830357,0.010578,4.172247,91.433350,0.000000,0.000000,0.011330,0.000170,0.011160,0.000000,0.000000,0.000000,0.843258,0.000000,0.000744,0.000000,0.000000,0.000000,0.000064,0.000000,0.001760,0.000744,0.000000,0.000000,-0.845018,596800.000000,4.000000,0.203443,298400.000000,2.000000,0.101721,298400.000000,2.000000,0.101721,0.000000,0.000000,0.000000,0.000000,0.000000,0.000000,178448.796875,1.196038,0.060831,298400.000000,2.000000,0.101721,22474896.000000,150.636032,7.661461,1792.802612,0.012016,0.000611,463582.125000,3.107119,0.158030,-3420057.500000,-22.922636,-1.165862,0.000000,0.000000,0.000000,0.000000,0.000000,0.000000,0.000000,0.000000,0.000000,277.862305,0.001862,0.000095,0.017859,0.000000,0.000000,12.714754,0.000085,0.000004,188.061966,0.001260,0.000064,0.000000,0.000000,0.000000,0.000000,0.000000,0.000000,0.000000,0.000000,0.000000,0.000000,0.000000,0.000000,0.000000,0.000000,51368443904.000000,42091.480469,17510.974609,42292772864.000000,34654.847656,14417.171875,9075646464.000000,7436.616211,3093.794678,0.000000,0.000000,0.000000,0.000000,0.000000,0.000000,13468011520.000000,11035.735352,4591.106445,3825080832.000000,3134.284424,1303.930786,13631639.000000,11.169812,4.646886,8932.974609,0.007320,0.003045,5519163.000000,4.522421,1.881426,192614704.000000,157.829147,65.660370,0.000000,0.000000,0.000000,0.000000,0.000000,0.000000,0.000000,0.000000,0.000000,78.910271,0.000065,0.000027,0.142486,0.000000,0.000000,43.937489,0.000036,0.000015,2060.926025,0.001689,0.000703,0.000000,0.000000,0.000000,0.000000,0.000000,0.000000,0.000000,0.000000,0.000000,0.000000,0.000000,0.000000,0.000000,0.000000,75337640.000000,512.152527,25.681826,2277237.750000,15.480882,0.776287,73060472.000000,496.672150,24.905565,0.000000,0.000000,0.000000,0.000000,0.000000,0.000000,62129608.000000,422.363068,21.179344,92149600.000000,626.441895,31.412851,7253654.500000,49.311047,2.472696,2590.496338,0.017610,0.000883,658549.875000,4.476886,0.224493,13714625.000000,93.233345,4.675175,0.000000,0.000000,0.000000,0.000000,0.000000,0.000000,0.000000,0.000000,0.000000,34.747490,0.000236,0.000012,0.003527,0.000000,0.000000,5.017494,0.000034,0.000002,115.934715,0.000788,0.000040,0.000000,0.000000,0.000000,0.000000,0.000000,0.000000,0.000000,0.000000,0.000000,0.000000,0.000000,0.000000,0.000000,0.000000,2806400.000000,4.000000,0.956673,1403200.000000,2.000000,0.478336,1403200.000000,2.000000,0.478336,0.000000,0.000000,0.000000,0.000000,0.000000,0.000000,830849.125000,1.184221,0.283228,1403200.000000,2.000000,0.478336,117016736.000000,166.785538,39.889805,11501.260742,0.016393,0.003921,2688120.750000,3.831415,0.916353,-18421434.000000,-26.256321,-6.279678,0.000000,0.000000,0.000000,0.000000,0.000000,0.000000,0.000000,0.000000,0.000000,1623.647705,0.002314,0.000553,0.133868,0.000000,0.000000,66.392738,0.000095,0.000023,806.098450,0.001149,0.000275,0.000000,0.000000,0.000000,0.000000,0.000000,0.000000,0.000000,0.000000,0.000000,0.000000,0.000000,0.000000,0.000000,0.000000,321332320.000000,449.290161,109.538887,1983.019653,0.002773,0.000676,321330144.000000,449.287109,109.538147,0.000000,0.000000,0.000000,0.000000,0.000000,0.000000,294047680.000000,411.140472,100.237831,632477184.000000,884.336121,215.604980,15136119.000000,21.163477,5.159747,6215.671387,0.008691,0.002119,2909977.250000,4.068760,0.991981,83731480.000000,117.074219,28.543201,0.000000,0.000000,0.000000,0.000000,0.000000,0.000000,0.000000,0.000000,0.000000,168.300110,0.000235,0.000057,0.066621,0.000000,0.000000,58.725498,0.000082,0.000020,1992.833740,0.002786,0.000679,0.000000,0.000000,0.000000,0.000000,0.000000,0.000000,0.000000,0.000000,0.000000,0.000000,0.000000,0.000000,0.000000,0.000000,65897484288.000000,23649.685547,22463.775391,2341015552.000000,15914.450195,798.028137
1,2013,ANNUAL_DELTA,0.004174,0.000000,0.000000,0.000000,0.299912,-1.688330,0.003169,-0.393880,-1.266786,-0.028100,-0.006907,-3.960684,-0.082889,-0.153404,-0.044145,-0.014913,0.564888,-0.200113,3.348902,1.875279,0.820626,0.717283,0.499022,0.326233,0.000097,0.000000,0.000000,0.000000,8.320313,5.929688,2.767090,-0.420105,6.030273,2.589600,0.181671,0.009689,0.000685,0.000000,-18.759277,-1.115845,-4.690063,-14.082031,-1.594971,0.375122,1.055962,0.000000,-2.815613,-0.231728,2.096992,0.000000,134.302734,152.789063,-11.041748,-3.343018,-4.499084,2.044899,-0.000108,0.117135,5.038231,0.000000,0.000000,-0.000215,-0.000003,-0.000212,0.000000,0.000000,0.000000,-0.013063,0.000000,-0.002430,0.000000,-0.000000,0.000000,-0.000449,0.000000,-0.015999,-0.002430,0.000000,0.000000,0.029062,0.000000,0.000000,0.000000,0.000000,0.000000,0.000000,0.000000,0.000000,0.000000,0.000000,0.000000,0.000000,0.000000,0.000000,0.000000,-1844.578125,-0.012363,-0.000629,0.000000,0.000000,0.000000,820592.000000,5.499939,0.279731,-31.393799,-0.000210,-0.000011,7295.656250,0.048898,0.002487,306046.000000,2.051249,0.104328,0.000000,0.000000,0.000000,0.000000,0.000000,0.000000,0.000000,0.000000,0.000000,-979.397339,-0.006564,-0.000334,-0.015585,-0.000000,-0.000000,-73.603674,-0.000493,-0.000025,-1784.036423,-0.011957,-0.000608,0.000000,0.000000,0.000000,0.000000,0.000000,0.000000,0.000000,0.000000,0.000000,0.000000,0.000000,0.000000,0.000000,0.000000,25219072.000000,20.664063,8.597656,17518592.000000,14.355469,5.971680,7580672.000000,6.211914,2.584229,0.000000,0.000000,0.000000,0.000000,0.000000,0.000000,-54001664.000000,-44.249023,-18.408691,-18201600.000000,-14.914551,-6.204712,779098.000000,0.638395,0.265587,-78.517578,-0.000064,-0.000027,180022.000000,0.147511,0.061368,8816880.000000,7.224564,3.005581,0.000000,0.000000,0.000000,0.000000,0.000000,0.000000,0.000000,0.000000,0.000000,-479.374641,-0.000393,-0.000163,-0.029347,-0.000000,-0.000000,-612.762951,-0.000502,-0.000209,-27572.560303,-0.022593,-0.009399,0.000000,0.000000,0.000000,0.000000,0.000000,0.000000,0.000000,0.000000,0.000000,0.000000,0.000000,0.000000,0.000000,0.000000,333704.000000,2.268524,0.113754,-0.500000,-0.000004,-0.000000,333792.000000,2.269165,0.113787,0.000000,0.000000,0.000000,0.000000,0.000000,0.000000,-5461192.000000,-37.125702,-1.861666,-4981296.000000,-33.863281,-1.698072,354608.500000,2.410664,0.120883,13.142334,0.000089,0.000004,17266.750000,0.117382,0.005886,501516.000000,3.409355,0.170961,0.000000,0.000000,0.000000,0.000000,0.000000,0.000000,0.000000,0.000000,0.000000,-273.476173,-0.001859,-0.000093,-0.005233,-0.000000,-0.000000,-74.428269,-0.000506,-0.000025,-2311.581886,-0.015714,-0.000788,0.000000,0.000000,0.000000,0.000000,0.000000,0.000000,0.000000,0.000000,0.000000,0.000000,0.000000,0.000000,0.000000,0.000000,0.000000,0.000000,0.000000,0.000000,0.000000,0.000000,0.000000,0.000000,0.000000,0.000000,0.000000,0.000000,0.000000,0.000000,0.000000,-8546.062500,-0.012181,-0.002913,0.000000,0.000000,0.000000,4278760.000000,6.098572,1.458588,-163.844727,-0.000234,-0.000056,57099.250000,0.081384,0.019465,1992776.000000,2.840330,0.679317,0.000000,0.000000,0.000000,0.000000,0.000000,0.000000,0.000000,0.000000,0.000000,-4565.470947,-0.006507,-0.001556,-0.183590,-0.000000,-0.000000,-293.347466,-0.000418,-0.000100,-6179.138855,-0.008807,-0.002106,0.000000,0.000000,0.000000,0.000000,0.000000,0.000000,0.000000,0.000000,0.000000,0.000000,0.000000,0.000000,0.000000,0.000000,-1059296.000000,-1.481140,-0.361107,-1283514.230347,-1.794623,-0.437537,224448.000000,0.313812,0.076515,0.000000,0.000000,0.000000,0.000000,0.000000,0.000000,4444000.000000,6.213623,1.514915,19933632.000000,27.871399,6.795181,-226740.000000,-0.317032,-0.077294,-56.030273,-0.000078,-0.000019,82014.000000,0.114673,0.027958,3160616.000000,4.419212,1.077423,0.000000,0.000000,0.000000,0.000000,0.000000,0.000000,0.000000,0.000000,0.000000,-830.527832,-0.001161,-0.000283,-0.015617,-0.000000,-0.000000,-261.955135,-0.000366,-0.000089,-9086.589111,-0.012705,-0.003098,0.000000,0.000000,0.000000,0.000000,0.000000,0.000000,0.000000,0.000000,0.000000,0.000000,0.000000,0.000000,0.000000,0.000000,379088896.000000,136.050781,129.228516,14549760.000000,98.911133,4.959839
1,2013,MIN_VALUE,0.000000,0.000000,0.000000,0.000000,0.000000,0.088721,0.000073,0.033703,0.026433,0.001742,0.002881,0.146470,0.084241,0.067479,0.040152,0.058022,1.390168,0.635999,-3.549188,-0.461102,3.423350,5.228463,6.424625,7.139560,0.000000,0.000000,0.000000,0.000000,17638.222656,14412.090820,3225.919922,276.867737,14135.353516,2902.462891,251.471741,51.781811,20.038816,0.000000,4487.288574,1380.764038,540.173279,3945.517822,608.025452,210.719788,115.574417,0.000000,277.241882,82.971458,85.891907,0.000000,23127.324219,18293.804688,2393.536621,1480.219360,942.082581,57.192551,0.010578,4.055112,86.395119,0.000000,0.000000,0.008433,0.000127,0.008307,0.000000,0.000000,0.000000,0.534972,0.000000,0.000449,0.000000,0.000000,0.000000,0.000038,0.000000,0.001075,0.000449,0.000000,0.000000,-1.364210,596800.000000,4.000000,0.203443,298400.000000,2.000000,0.101721,298400.000000,2.000000,0.101721,0.000000,0.000000,0.000000,0.000000,0.000000,0.000000,178448.796875,1.196038,0.060831,298400.000000,2.000000,0.101721,21410710.000000,143.503418,7.298691,1792.802612,0.012016,0.000611,453062.156250,3.036610,0.154444,-3726103.500000,-24.973885,-1.270190,0.000000,0.000000,0.000000,0.000000,0.000000,0.000000,0.000000,0.000000,0.000000,175.135269,0.001174,0.000060,0.017490,0.000000,0.000000,8.088009,0.000054,0.000003,131.667633,0.000882,0.000045,0.000000,0.000000,0.000000,0.000000,0.000000,0.000000,0.000000,0.000000,0.000000,0.000000,0.000000,0.000000,0.000000,0.000000,51343224832.000000,42070.816406,17502.376953,42275254272.000000,34640.492188,14411.200195,9068065792.000000,7430.404297,3091.210449,0.000000,0.000000,0.000000,0.000000,0.000000,0.000000,12813307904.000000,10499.269531,4367.924805,3565149696.000000,2921.295898,1215.322876,12512288.000000,10.252612,4.265310,8930.321289,0.007318,0.003044,5337404.500000,4.373487,1.819466,183236464.000000,150.144592,62.463428,0.000000,0.000000,0.000000,0.000000,0.000000,0.000000,0.000000,0.000000,0.000000,39.291248,0.000032,0.000013,0.142011,0.000000,0.000000,20.279406,0.000017,0.000007,945.526489,0.000775,0.000322,0.000000,0.000000,0.000000,0.000000,0.000000,0.000000,0.000000,0.000000,0.000000,0.000000,0.000000,0.000000,0.000000,0.000000,75003936.000000,509.884003,25.568071,2277237.750000,15.480882,0.776287,72726680.000000,494.402985,24.791779,0.000000,0.000000,0.000000,0.000000,0.000000,0.000000,43771860.000000,297.565338,14.921377,71077968.000000,483.194885,24.229750,6850822.000000,46.572548,2.335375,2569.112793,0.017465,0.000876,632345.375000,4.298745,0.215560,12897255.000000,87.676788,4.396542,0.000000,0.000000,0.000000,0.000000,0.000000,0.000000,0.000000,0.000000,0.000000,0.919699,0.000006,0.000000,0.003319,0.000000,0.000000,0.155448,0.000001,0.000000,5.391976,0.000037,0.000002,0.000000,0.000000,0.000000,0.000000,0.000000,0.000000,0.000000,0.000000,0.000000,0.000000,0.000000,0.000000,0.000000,0.000000,2806400.000000,4.000000,0.956673,1403200.000000,2.000000,0.478336,1403200.000000,2.000000,0.478336,0.000000,0.000000,0.000000,0.000000,0.000000,0.000000,830849.125000,1.184221,0.283228,1403200.000000,2.000000,0.478336,111828472.000000,159.390640,38.121178,11501.260742,0.016393,0.003921,2631021.500000,3.750031,0.896888,-20414210.000000,-29.096651,-6.958995,0.000000,0.000000,0.000000,0.000000,0.000000,0.000000,0.000000,0.000000,0.000000,1048.925171,0.001495,0.000358,0.132889,0.000000,0.000000,44.385643,0.000063,0.000015,574.117981,0.000818,0.000196,0.000000,0.000000,0.000000,0.000000,0.000000,0.000000,0.000000,0.000000,0.000000,0.000000,0.000000,0.000000,0.000000,0.000000,321332320.000000,449.290161,109.538887,1983.019653,0.002773,0.000676,321105696.000000,448.973297,109.461632,0.000000,0.000000,0.000000,0.000000,0.000000,0.000000,239371968.000000,334.692352,81.599449,354913408.000000,496.243561,120.986328,13143819.000000,18.377823,4.480593,6205.837402,0.008677,0.002116,2827963.250000,3.954087,0.964024,80570864.000000,112.655006,27.465778,0.000000,0.000000,0.000000,0.000000,0.000000,0.000000,0.000000,0.000000,0.000000,48.675507,0.000068,0.000017,0.066379,0.000000,0.000000,25.471666,0.000036,0.000009,863.574585,0.001207,0.000294,0.000000,0.000000,0.000000,0.000000,0.000000,0.000000,0.000000,0.000000,0.000000,0.000000,0.000000,0.000000,0.000000,0.000000,65518387200.000000,23513.632813,22334.544922,2326465792.000000,15815.539063,793.068298
1,2013,MIN_VALUE_JDAY,1.000000,1.000000,1.000000,1.000000,1.000000,166.000000,264.000000,167.000000,229.000000,365.000000,365.000000,239.000000,236.000000,240.000000,353.000000,365.000000,341.000000,341.000000,341.000000,341.000000,21.000000,21.000000,21.000000,21.000000,1.000000,1.000000,1.000000,1.000000,1.000000,1.000000,1.000000,365.000000,1.000000,1.000000,1.000000,1.000000,1.000000,1.000000,349.000000,262.000000,323.000000,349.000000,262.000000,262.000000,349.000000,1.000000,262.000000,262.000000,349.000000,1.000000,1.000000,1.000000,365.000000,365.000000,365.000000,159.000000,365.000000,1.000000,1.000000,1.000000,1.000000,343.000000,343.000000,343.000000,1.000000,1.000000,1.000000,343.000000,1.000000,237.000000,1.000000,353.000000,1.000000,238.000000,1.000000,214.000000,237.000000,1.000000,1.000000,263.000000,1.000000,1.000000,1.000000,1.000000,1.000000,1.000000,1.000000,1.000000,1.000000,1.000000,1.000000,1.000000,1.000000,1.000000,1.000000,365.000000,365.000000,365.000000,1.000000,1.000000,1.000000,117.000000,117.000000,117.000000,365.000000,365.000000,365.000000,130.000000,130.000000,130.000000,1.000000,1.000000,1.000000,1.000000,1.000000,1.000000,1.000000,1.000000,1.000000,1.000000,1.000000,1.000000,240.000000,240.000000,240.000000,354.000000,354.000000,354.000000,240.000000,240.000000,240.000000,241.000000,241.000000,241.000000,1.000000,1.000000,1.000000,1.000000,1.000000,1.000000,1.000000,1.000000,1.000000,1.000000,1.000000,1.000000,1.000000,1.000000,1.000000,1.000000,1.000000,1.000000,1.000000,1.000000,1.000000,1.000000,1.000000,1.000000,1.000000,1.000000,1.000000,1.000000,1.000000,349.000000,349.000000,349.000000,349.000000,349.000000,349.000000,136.000000,136.000000,136.000000,349.000000,349.000000,349.000000,16.000000,16.000000,16.000000,34.000000,34.000000,34.000000,1.000000,1.000000,1.000000,1.000000,1.000000,1.000000,1.000000,1.000000,1.000000,214.000000,214.000000,214.000000,248.000000,248.000000,248.000000,240.000000,240.000000,240.000000,240.000000,240.000000,240.000000,1.000000,1.000000,1.000000,1.000000,1.000000,1.000000,1.000000,1.000000,1.000000,1.000000,1.000000,1.000000,1.000000,1.000000,1.000000,1.000000,1.000000,365.000000,365.000000,365.000000,1.000000,1.000000,1.000000,1.000000,1.000000,1.000000,1.000000,1.000000,1.000000,262.000000,262.000000,262.000000,262.000000,262.000000,262.000000,180.000000,180.000000,180.000000,187.000000,187.000000,187.000000,128.000000,128.000000,128.000000,124.000000,124.000000,124.000000,1.000000,1.000000,1.000000,1.000000,1.000000,1.000000,1.000000,1.000000,1.000000,240.000000,240.000000,240.000000,310.000000,310.000000,310.000000,240.000000,240.000000,240.000000,240.000000,240.000000,240.000000,1.000000,1.000000,1.000000,1.000000,1.000000,1.000000,1.000000,1.000000,1.000000,1.000000,1.000000,1.000000,1.000000,1.000000,1.000000,1.000000,1.000000,1.000000,1.000000,1.000000,1.000000,1.000000,1.000000,1.000000,1.000000,1.000000,1.000000,1.000000,1.000000,365.000000,365.000000,365.000000,1.000000,1.000000,1.000000,114.000000,114.000000,114.000000,365.000000,365.000000,365.000000,1.000000,1.000000,1.000000,1.000000,1.000000,1.000000,1.000000,1.000000,1.000000,1.000000,1.000000,1.000000,1.000000,1.000000,1.000000,237.000000,237.000000,237.000000,354.000000,354.000000,354.000000,238.000000,238.000000,238.000000,240.000000,240.000000,240.000000,1.000000,1.000000,1.000000,1.000000,1.000000,1.000000,1.000000,1.000000,1.000000,1.000000,1.000000,1.000000,1.000000,1.000000,365.000000,365.000000,365.000000,365.000000,365.000000,365.000000,1.000000,1.000000,1.000000,1.000000,1.000000,1.000000,1.000000,1.000000,1.000000,135.000000,135.000000,135.000000,262.000000,262.000000,262.000000,262.000000,262.000000,262.000000,262.000000,262.000000,262.000000,1.000000,1.000000,1.000000,1.000000,1.000000,1.000000,1.000000,1.000000,1.000000,1.000000,1.000000,1.000000,1.000000,1.000000,1.000000,240.000000,240.000000,240.000000,345.000000,345.000000,345.000000,168.000000,168.000000,168.000000,167.000000,167.000000,167.000000,1.000000,1.000000,1.000000,1.000000,1.000000,1.000000,1.000000,1.000000,1.000000,1.000000,1.000000,1.000000,1.000000,1.000000,2.000000,2.000000,2.000000,1.000000,1.000000,1.000000
1,2013,MAX_VALUE,1.656796,0.000000,0.000000,0.000000,38.888512,6.307798,1.976370,2.271432,1.739133,0.030964,0.009965,6.138746,0.296205,0.281786,0.088205,0.074028,9.262217,4.914348,24.750000,20.954527,15.475857,12.129889,10.378534,9.437389,0.006082,0.000000,0.000000,0.000000,18063.693359,14651.238281,3432.821777,364.393921,14306.860352,2967.482910,372.521118,67.857452,26.018520,0.000000,4731.437012,1552.637451,610.475342,4121.089355,653.404602,216.467941,117.691032,0.000000,379.131927,97.693260,91.780190,0.000000,23261.626953,18446.593750,2404.578369,1483.562378,946.581665,59.830357,0.010686,4.172247,91.433350,0.000000,0.000000,0.036037,0.000541,0.035496,8.306122,0.109409,0.109408,2.699703,0.000000,0.004684,0.000000,0.000000,0.000000,0.000729,0.000000,0.025954,0.004684,0.000000,0.000000,6.304836,596800.000000,4.000000,0.203443,298400.000000,2.000000,0.101721,298400.000000,2.000000,0.101721,0.000000,0.000000,0.000000,0.000000,0.000000,0.000000,180293.375000,1.208401,0.061460,298400.000000,2.000000,0.101721,22474896.000000,150.636032,7.661461,1824.196411,0.012227,0.000622,463853.625000,3.108938,0.158123,-3420057.500000,-22.922636,-1.165862,0.000000,0.000000,0.000000,0.000000,0.000000,0.000000,0.000000,0.000000,0.000000,1841.119019,0.012340,0.000628,0.037725,0.000000,0.000000,109.054474,0.000731,0.000037,2382.702148,0.015970,0.000812,0.000000,0.000000,0.000000,0.000000,0.000000,0.000000,0.000000,0.000000,0.000000,0.000000,0.000000,0.000000,0.000000,0.000000,52308111360.000000,42861.449219,17831.296875,42964054016.000000,35204.894531,14646.004883,9344089088.000000,7656.578613,3185.303955,0.000000,0.000000,0.000000,0.000000,0.000000,0.000000,13522013184.000000,11079.984375,4609.515137,3843282432.000000,3149.198975,1310.135498,13631639.000000,11.169812,4.646886,9012.458008,0.007385,0.003072,5519163.000000,4.522421,1.881426,192614704.000000,157.829147,65.660370,8846547.000000,7.248891,3.015697,67289.492188,0.055137,0.022938,67289.429688,0.055137,0.022938,983.266907,0.000806,0.000335,0.172311,0.000000,0.000000,998.314941,0.000818,0.000340,47128.976563,0.038618,0.016066,0.000000,0.000000,0.000000,0.000000,0.000000,0.000000,0.000000,0.000000,0.000000,0.000000,0.000000,0.000000,0.000000,0.000000,130618712.000000,887.958618,44.526577,26724432.000000,181.675262,9.110084,103894336.000000,706.283752,35.416512,0.000000,0.000000,0.000000,0.000000,0.000000,0.000000,67590800.000000,459.488770,23.041010,97130896.000000,660.305176,33.110924,7357777.500000,50.018879,2.508191,2596.652832,0.017652,0.000885,658549.875000,4.476886,0.224493,13714625.000000,93.233345,4.675175,2011456.500000,13.674075,0.685685,28871.195313,0.196269,0.009842,28871.175781,0.196269,0.009842,594.380371,0.004041,0.000203,0.012839,0.000000,0.000000,124.030197,0.000843,0.000042,3430.601563,0.023322,0.001169,0.000000,0.000000,0.000000,0.000000,0.000000,0.000000,0.000000,0.000000,0.000000,0.000000,0.000000,0.000000,0.000000,0.000000,2806400.000000,4.000000,0.956673,1403200.000000,2.000000,0.478336,1403200.000000,2.000000,0.478336,0.000000,0.000000,0.000000,0.000000,0.000000,0.000000,839395.187500,1.196401,0.286141,1403200.000000,2.000000,0.478336,117016736.000000,166.785538,39.889805,11665.105469,0.016626,0.003977,2689285.750000,3.833076,0.916750,-18421434.000000,-26.256321,-6.279678,0.000000,0.000000,0.000000,0.000000,0.000000,0.000000,0.000000,0.000000,0.000000,9041.071289,0.012886,0.003082,0.333658,0.000000,0.000000,439.537720,0.000626,0.000150,8078.349121,0.011514,0.002754,0.000000,0.000000,0.000000,0.000000,0.000000,0.000000,0.000000,0.000000,0.000000,0.000000,0.000000,0.000000,0.000000,0.000000,730158528.000000,1020.915100,248.903534,109449728.000000,153.033737,37.310287,671114624.000000,938.359314,228.776062,0.000000,0.000000,0.000000,0.000000,0.000000,0.000000,296100896.000000,414.011322,100.937752,632477184.000000,884.336121,215.604980,17999342.000000,25.166866,6.135791,6290.104492,0.008795,0.002144,2910231.000000,4.069115,0.992068,83731480.000000,117.074219,28.543201,18108782.000000,25.319887,6.173098,259922.796875,0.363427,0.088605,259922.468750,0.363426,0.088605,1566.658813,0.002191,0.000534,0.095157,0.000000,0.000000,512.769043,0.000717,0.000175,17188.296875,0.024033,0.005859,0.000000,0.000000,0.000000,0.000000,0.000000,0.000000,3492109.500000,4.882703,1.190424,7152.000000,113866.812500,0.159210,0.038816,7152.000000,65897484288.000000,23649.685547,22463.775391,2341015552.000000,15914.450195,798.028137
1,2013,MAX_VALUE_JDAY,9.000000,1.000000,1.000000,1.000000,9.000000,9.000000,9.000000,10.000000,11.000000,15.000000,17.000000,11.000000,9.000000,11.000000,14.000000,13.000000,182.000000,179.000000,182.000000,182.000000,183.000000,183.000000,183.000000,183.000000,248.000000,1.000000,1.000000,1.000000,258.000000,339.000000,262.000000,182.000000,349.000000,262.000000,262.000000,285.000000,349.000000,1.000000,1.000000,1.000000,1.000000,1.000000,1.000000,365.000000,365.000000,1.000000,1.000000,1.000000,365.000000,1.000000,365.000000,365.000000,1.000000,1.000000,1.000000,365.000000,2.000000,365.000000,365.000000,1.000000,1.000000,254.000000,254.000000,254.000000,133.000000,133.000000,133.000000,249.000000,1.000000,10.000000,1.000000,11.000000,1.000000,10.000000,1.000000,10.000000,10.000000,1.000000,1.000000,133.000000,1.000000,1.000000,1.000000,1.000000,1.000000,1.000000,1.000000,1.000000,1.000000,1.000000,1.000000,1.000000,1.000000,1.000000,1.000000,1.000000,1.000000,1.000000,1.000000,1.000000,1.000000,365.000000,365.000000,365.000000,1.000000,1.000000,1.000000,326.000000,326.000000,326.000000,365.000000,365.000000,365.000000,1.000000,1.000000,1.000000,1.000000,1.000000,1.000000,1.000000,1.000000,1.000000,11.000000,11.000000,11.000000,11.000000,11.000000,11.000000,12.000000,12.000000,12.000000,12.000000,12.000000,12.000000,1.000000,1.000000,1.000000,1.000000,1.000000,1.000000,1.000000,1.000000,1.000000,1.000000,1.000000,1.000000,1.000000,1.000000,349.000000,349.000000,349.000000,349.000000,349.000000,349.000000,349.000000,349.000000,349.000000,1.000000,1.000000,1.000000,1.000000,1.000000,1.000000,1.000000,1.000000,1.000000,1.000000,1.000000,1.000000,365.000000,365.000000,365.000000,3.000000,3.000000,3.000000,365.000000,365.000000,365.000000,365.000000,365.000000,365.000000,249.000000,249.000000,249.000000,249.000000,249.000000,249.000000,249.000000,249.000000,249.000000,10.000000,10.000000,10.000000,11.000000,11.000000,11.000000,10.000000,10.000000,10.000000,10.000000,10.000000,10.000000,1.000000,1.000000,1.000000,1.000000,1.000000,1.000000,1.000000,1.000000,1.000000,1.000000,1.000000,1.000000,1.000000,1.000000,262.000000,262.000000,262.000000,262.000000,262.000000,262.000000,262.000000,262.000000,262.000000,1.000000,1.000000,1.000000,1.000000,1.000000,1.000000,1.000000,1.000000,1.000000,1.000000,1.000000,1.000000,125.000000,125.000000,125.000000,126.000000,126.000000,126.000000,365.000000,365.000000,365.000000,365.000000,365.000000,365.000000,132.000000,132.000000,132.000000,132.000000,132.000000,132.000000,132.000000,132.000000,132.000000,10.000000,10.000000,10.000000,10.000000,10.000000,10.000000,10.000000,10.000000,10.000000,10.000000,10.000000,10.000000,1.000000,1.000000,1.000000,1.000000,1.000000,1.000000,1.000000,1.000000,1.000000,1.000000,1.000000,1.000000,1.000000,1.000000,1.000000,1.000000,1.000000,1.000000,1.000000,1.000000,1.000000,1.000000,1.000000,1.000000,1.000000,1.000000,1.000000,1.000000,1.000000,1.000000,1.000000,1.000000,1.000000,1.000000,1.000000,365.000000,365.000000,365.000000,1.000000,1.000000,1.000000,324.000000,324.000000,324.000000,365.000000,365.000000,365.000000,1.000000,1.000000,1.000000,1.000000,1.000000,1.000000,1.000000,1.000000,1.000000,10.000000,10.000000,10.000000,11.000000,11.000000,11.000000,11.000000,11.000000,11.000000,12.000000,12.000000,12.000000,1.000000,1.000000,1.000000,1.000000,1.000000,1.000000,1.000000,1.000000,1.000000,1.000000,1.000000,1.000000,1.000000,1.000000,258.000000,258.000000,258.000000,152.000000,152.000000,152.000000,262.000000,262.000000,262.000000,1.000000,1.000000,1.000000,1.000000,1.000000,1.000000,197.000000,197.000000,197.000000,365.000000,365.000000,365.000000,125.000000,125.000000,125.000000,125.000000,125.000000,125.000000,311.000000,311.000000,311.000000,365.000000,365.000000,365.000000,133.000000,133.000000,133.000000,133.000000,133.000000,133.000000,133.000000,133.000000,133.000000,10.000000,10.000000,10.000000,10.000000,10.000000,10.000000,10.000000,10.000000,10.000000,10.000000,10.000000,10.000000,1.000000,1.000000,1.000000,1.000000,1.000000,1.000000,122.000000,122.000000,122.000000,122.000000,153.000000,153.000000,153.000000,61.000000,365.000000,365.000000,365.000000,365.000000,365.000000,365.000000
1,2013,ANNUAL_SUM,19.155902,0.000000,0.000000,0.000000,756.126686,226.989785,39.548763,79.397573,83.884513,3.186181,1.816852,488.848889,56.265281,52.403500,22.564021,23.426804,1608.214485,784.554452,4299.274311,3979.020158,3652.036930,3335.889216,3179.084594,3097.103781,0.152088,0.000000,0.000000,0.000000,6534774.726563,5317879.770508,1216912.611816,120325.731171,5197552.083008,1071517.211426,114064.883957,22644.203812,8665.551182,0.000000,1678927.086426,532027.813721,207478.203308,1471496.857666,229735.151733,77593.016968,42349.833160,0.000000,118347.197998,32071.196991,31932.406921,0.000000,8464679.250000,6703722.390625,875683.403809,540890.946777,344686.504883,21270.403156,3.875706,1500.976627,32469.951393,0.000000,0.000000,7.854394,0.117816,7.736578,560.767235,5.829747,5.829747,503.770929,0.000000,0.434046,0.000000,0.000054,0.000000,0.047994,0.000000,1.463039,0.434099,0.000000,0.000000,55.533268,217832000.000000,1460.000000,74.256692,108916000.000000,730.000000,37.128346,108916000.000000,730.000000,37.128346,0.000000,0.000000,0.000000,0.000000,0.000000,0.000000,65479657.000000,438.871696,22.321342,108916000.000000,730.000000,37.128346,7979352444.000000,53480.914581,2720.079238,659183.238037,4.418118,0.224709,166981808.625000,1119.181026,56.922382,-1282723880.500000,-8597.345043,-437.267387,0.000000,0.000000,0.000000,0.000000,0.000000,0.000000,0.000000,0.000000,0.000000,161475.746017,1.082277,0.055045,7.943780,0.000053,0.000003,8841.019318,0.059256,0.003014,167737.037003,1.124243,0.057180,0.000000,0.000000,0.000000,0.000000,0.000000,0.000000,0.000000,0.000000,0.000000,0.000000,0.000000,0.000000,0.000000,0.000000,18954260930560.000000,15531187.277344,6461312.730469,15583194828800.000000,12768923.984375,5312150.963867,3371060694016.000000,2762258.843262,1149159.944092,0.000000,0.000000,0.000000,0.000000,0.000000,0.000000,4803965246464.000000,3936385.803711,1637622.372559,1347838207488.000000,1104423.309082,459464.191284,4744485751.000000,3887.648098,1617.346425,3266465.843750,2.676553,1.113505,1979930990.500000,1622.362335,674.938126,68498460160.000000,56127.876266,23350.421078,964846580.093750,790.598641,328.906282,7338909.287842,6.013528,2.501759,7338910.782227,6.013529,2.501759,52326.252064,0.042876,0.017837,54.611743,0.000045,0.000019,45504.983839,0.037287,0.015512,2018632.644592,1.654075,0.688131,0.000000,0.000000,0.000000,0.000000,0.000000,0.000000,0.000000,0.000000,0.000000,0.000000,0.000000,0.000000,0.000000,0.000000,36252607456.000000,246448.725525,12358.141344,4725360926.500000,32123.459773,1610.826980,31527248568.000000,214325.278229,10747.315140,0.000000,0.000000,0.000000,0.000000,0.000000,0.000000,20176636012.000000,137162.719666,6878.007861,30170864232.000000,205104.446655,10284.937487,2573847086.500000,17497.260971,877.398019,942214.338135,6.405264,0.321191,234210727.375000,1592.187135,79.840030,4817912212.000000,32752.632225,1642.376758,55614820.650635,378.074921,18.958521,798260.784636,5.426654,0.272119,798260.703521,5.426653,0.272119,27572.312512,0.187439,0.009399,1.943707,0.000013,0.000001,5888.520668,0.040031,0.002007,165423.787695,1.124567,0.056391,0.000000,0.000000,0.000000,0.000000,0.000000,0.000000,0.000000,0.000000,0.000000,0.000000,0.000000,0.000000,0.000000,0.000000,1024336000.000000,1460.000000,349.185611,512168000.000000,730.000000,174.592806,512168000.000000,730.000000,174.592806,0.000000,0.000000,0.000000,0.000000,0.000000,0.000000,304879764.125000,434.549266,103.930378,512168000.000000,730.000000,174.592806,41622820792.000000,59325.571106,14188.791805,4223468.712891,6.019767,1.439737,970008005.000000,1382.565573,330.665759,-6916043522.000000,-9857.530680,-2357.608160,0.000000,0.000000,0.000000,0.000000,0.000000,0.000000,0.000000,0.000000,0.000000,919254.195923,1.310225,0.313364,66.746058,0.000095,0.000023,42910.443756,0.061161,0.014628,657609.278503,0.937299,0.224172,0.000000,0.000000,0.000000,0.000000,0.000000,0.000000,0.000000,0.000000,0.000000,0.000000,0.000000,0.000000,0.000000,0.000000,178839651840.000000,250055.441193,60964.599503,12092489034.144653,16907.842613,4122.205220,166747128640.000000,233147.552246,56842.382416,0.000000,0.000000,0.000000,0.000000,0.000000,0.000000,100821132000.000000,140969.144623,34368.887756,182077136864.000000,254582.126984,62068.224648,5475784474.000000,7656.298199,1866.638649,2278701.616699,3.186104,0.776786,1052006961.500000,1470.926963,358.618361,30132960528.000000,42132.215508,10272.016518,624549380.778442,873.251371,212.902466,8964395.675575,12.534110,3.055870,8964399.093544,12.534115,3.055872,112648.869240,0.157507,0.038401,26.684716,0.000037,0.000009,37645.519859,0.052636,0.012833,1282422.458496,1.793096,0.437165,0.000000,0.000000,0.000000,0.000000,0.000000,0.000000,13968438.000000,19.530813,4.761697,28608.000000,761424.182775,1.064631,0.259562,100128.000000,23979405807616.000000,8605873.449219,8174332.978516,851965380352.000000,5791742.900391,290426.241882
1,2013,ANNUAL_AVERAGE,0.052482,0.000000,0.000000,0.000000,2.071580,0.621890,0.108353,0.217528,0.229821,0.008729,0.004978,1.339312,0.154151,0.143571,0.061819,0.064183,4.406067,2.149464,11.778834,10.901425,10.005581,9.139423,8.709821,8.485216,0.000417,0.000000,0.000000,0.000000,17903.492402,14569.533618,3334.007156,329.659537,14239.868721,2935.663593,312.506531,62.038915,23.741236,0.000000,4599.800237,1457.610449,568.433434,4031.498240,629.411375,212.583608,116.026940,0.000000,324.238899,87.866293,87.486046,0.000000,23190.902055,18366.362714,2399.132613,1481.893005,944.346589,58.275077,0.010618,4.112265,88.958771,0.000000,0.000000,0.021519,0.000323,0.021196,1.536349,0.015972,0.015972,1.380194,0.000000,0.001189,0.000000,0.000000,0.000000,0.000131,0.000000,0.004008,0.001189,0.000000,0.000000,0.152146,596800.000000,4.000000,0.203443,298400.000000,2.000000,0.101721,298400.000000,2.000000,0.101721,0.000000,0.000000,0.000000,0.000000,0.000000,0.000000,179396.320548,1.202388,0.061154,298400.000000,2.000000,0.101721,21861239.572603,146.523054,7.452272,1805.981474,0.012104,0.000616,457484.407192,3.066249,0.155952,-3514312.001370,-23.554370,-1.197993,0.000000,0.000000,0.000000,0.000000,0.000000,0.000000,0.000000,0.000000,0.000000,442.399304,0.002965,0.000151,0.021764,0.000000,0.000000,24.221971,0.000162,0.000008,459.553526,0.003080,0.000157,0.000000,0.000000,0.000000,0.000000,0.000000,0.000000,0.000000,0.000000,0.000000,0.000000,0.000000,0.000000,0.000000,0.000000,51929482001.534250,42551.198020,17702.226659,42693684462.465750,34983.353382,14553.838257,9235782723.331507,7567.832447,3148.383408,0.000000,0.000000,0.000000,0.000000,0.000000,0.000000,13161548620.449314,10784.618640,4486.636637,3692707417.775343,3025.817285,1258.806004,12998591.098630,10.651091,4.431086,8949.221490,0.007333,0.003051,5424468.467123,4.444828,1.849146,187667014.136986,153.775003,63.973756,2643415.287928,2.166024,0.901113,20106.600789,0.016475,0.006854,20106.604883,0.016475,0.006854,143.359595,0.000117,0.000049,0.149621,0.000000,0.000000,124.671189,0.000102,0.000042,5530.500396,0.004532,0.001885,0.000000,0.000000,0.000000,0.000000,0.000000,0.000000,0.000000,0.000000,0.000000,0.000000,0.000000,0.000000,0.000000,0.000000,99322212.208219,675.201988,33.857921,12946194.319178,88.009479,4.413225,86376023.473973,587.192543,29.444699,0.000000,0.000000,0.000000,0.000000,0.000000,0.000000,55278454.827397,375.788273,18.843857,82659902.005479,561.929991,28.177911,7051635.853425,47.937701,2.403830,2581.409146,0.017549,0.000880,641673.225685,4.362157,0.218740,13199759.484932,89.733239,4.499662,152369.371646,1.035822,0.051941,2187.015848,0.014868,0.000746,2187.015626,0.014868,0.000746,75.540582,0.000514,0.000026,0.005325,0.000000,0.000000,16.132933,0.000110,0.000005,453.215857,0.003081,0.000154,0.000000,0.000000,0.000000,0.000000,0.000000,0.000000,0.000000,0.000000,0.000000,0.000000,0.000000,0.000000,0.000000,0.000000,2806400.000000,4.000000,0.956673,1403200.000000,2.000000,0.478336,1403200.000000,2.000000,0.478336,0.000000,0.000000,0.000000,0.000000,0.000000,0.000000,835287.025000,1.190546,0.284741,1403200.000000,2.000000,0.478336,114035125.457534,162.535811,38.873402,11571.147159,0.016493,0.003944,2657556.178082,3.787851,0.905934,-18948064.443836,-27.006933,-6.459200,0.000000,0.000000,0.000000,0.000000,0.000000,0.000000,0.000000,0.000000,0.000000,2518.504646,0.003590,0.000859,0.182866,0.000000,0.000000,117.562860,0.000168,0.000040,1801.669256,0.002568,0.000614,0.000000,0.000000,0.000000,0.000000,0.000000,0.000000,0.000000,0.000000,0.000000,0.000000,0.000000,0.000000,0.000000,0.000000,489971648.876712,685.083401,167.026300,33130106.942862,46.322856,11.293713,456841448.328767,638.760417,155.732555,0.000000,0.000000,0.000000,0.000000,0.000000,0.000000,276222279.452055,386.216835,94.161336,498841470.860274,697.485279,170.049931,15002149.243836,20.976159,5.114078,6243.018128,0.008729,0.002128,2882210.853425,4.029937,0.982516,82556056.241096,115.430727,28.142511,1711094.193914,2.392470,0.583294,24559.988152,0.034340,0.008372,24559.997517,0.034340,0.008372,308.627039,0.000432,0.000105,0.073109,0.000000,0.000000,103.138411,0.000144,0.000035,3513.486188,0.004913,0.001198,0.000000,0.000000,0.000000,0.000000,0.000000,0.000000,38269.693151,0.053509,0.013046,78.378082,2086.093651,0.002917,0.000711,274.323288,65697002212.646576,23577.735477,22395.432818,2334151726.991781,15867.788768,795.688334
1,2013,DAY_COUNT,365,365,365,365,365,365,365,365,365,365,365,365,365,365,365,365,365,365,365,365,365,365,365,365,365,365,365,365,365,365,365,365,365,365,365,365,365,365,365,365,365,365,365,365,365,365,365,365,365,365,365,365,365,365,365,365,365,365,365,365,365,365,365,365,365,365,365,365,365,365,365,365,365,365,365,365,365,365,365,365,365,365,365,365,365,365,365,365,365,365,365,365,365,365,365,365,365,365,365,365,365,365,365,365,365,365,365,365,365,365,365,365,365,365,365,365,365,365,365,365,365,365,365,365,365,365,365,365,365,365,365,365,365,365,365,365,365,365,365,365,365,365,365,365,365,365,365,365,365,365,365,365,365,365,365,365,365,365,365,365,365,365,365,365,365,365,365,365,365,365,365,365,365,365,365,365,365,365,365,365,365,365,365,365,365,365,365,365,365,365,365,365,365,365,365,365,365,365,365,365,365,365,365,365,365,365,365,365,365,365,365,365,365,365,365,365,365,365,365,365,365,365,365,365,365,365,365,365,365,365,365,365,365,365,365,365,365,365,365,365,365,365,365,365,365,365,365,365,365,365,365,365,365,365,365,365,365,365,365,365,365,365,365,365,365,365,365,365,365,365,365,365,365,365,365,365,365,365,365,365,365,365,365,365,365,365,365,365,365,365,365,365,365,365,365,365,365,365,365,365,365,365,365,365,365,365,365,365,365,365,365,365,365,365,365,365,365,365,365,365,365,365,365,365,365,365,365,365,365,365,365,365,365,365,365,365,365,365,365,365,365,365,365,365,365,365,365,365,365,365,365,365,365,365,365,365,365,365,365,365,365,365,365,365,365,365,365,365,365,365,365,365,365,365,365,365,365,365,365,365,365,365,365,365,365,365,365,365,365,365,365,365,365,365,365,365,365,365,365,365,365,365,365,365,365,365,365,365,365,365,365,365,365,365,365,365,365,365,365,365,365,365,365,365,365,365
1,2014,INITIAL_VALUE,0.000000,0.000000,0.000000,0.000000,0.000000,0.166964,0.000116,0.095634,0.066601,0.001736,0.002876,0.840293,0.139897,0.115981,0.040252,0.057997,2.433790,1.174550,4.148932,4.031889,5.393665,6.657104,7.344717,7.714365,0.000000,0.000000,0.000000,0.000000,17646.867188,14418.256836,3228.774414,276.931458,14141.567383,2905.078125,251.710846,51.807014,20.045900,0.000000,4712.267578,1551.083984,605.601440,4106.785645,651.695190,216.453537,117.689407,0.000000,376.057312,97.419037,91.773781,0.000000,23261.671875,18446.654297,2393.523682,1480.214111,942.071472,59.838673,0.010578,4.172414,91.441597,0.000000,0.000000,0.011200,0.000168,0.011032,0.322707,0.002455,0.002455,0.804698,0.000000,0.000732,0.000000,0.000000,0.000000,0.000062,0.000000,0.001723,0.000733,0.000000,0.000000,-0.483714,596800.000000,4.000000,0.203443,298400.000000,2.000000,0.101721,298400.000000,2.000000,0.101721,0.000000,0.000000,0.000000,0.000000,0.000000,0.000000,178447.140625,1.196026,0.060831,298400.000000,2.000000,0.101721,22475254.000000,150.638428,7.661583,1792.735718,0.012016,0.000611,463570.656250,3.107042,0.158026,-3419439.500000,-22.918495,-1.165652,0.000000,0.000000,0.000000,0.000000,0.000000,0.000000,0.000000,0.000000,0.000000,275.798523,0.001849,0.000094,0.017846,0.000000,0.000000,12.652337,0.000085,0.000004,187.738281,0.001258,0.000064,0.000000,0.000000,0.000000,0.000000,0.000000,0.000000,0.000000,0.000000,0.000000,0.000000,0.000000,0.000000,0.000000,0.000000,51369377792.000000,42092.246094,17511.292969,42293473280.000000,34655.417969,14417.410156,9075903488.000000,7436.826660,3093.882080,0.000000,0.000000,0.000000,0.000000,0.000000,0.000000,13467102208.000000,11034.990234,4590.796875,3824513536.000000,3133.819824,1303.737427,13638531.000000,11.175460,4.649235,8932.933594,0.007320,0.003045,5519584.000000,4.522766,1.881570,192630208.000000,157.841858,65.665657,946660.562500,0.775697,0.322707,7200.599609,0.005900,0.002455,7200.590332,0.005900,0.002455,77.214241,0.000063,0.000026,0.142388,0.000000,0.000000,42.875618,0.000035,0.000015,2007.815796,0.001645,0.000684,0.000000,0.000000,0.000000,0.000000,0.000000,0.000000,0.000000,0.000000,0.000000,0.000000,0.000000,0.000000,0.000000,0.000000,75337640.000000,512.152527,25.681826,2277237.750000,15.480882,0.776287,73060472.000000,496.672150,24.905565,0.000000,0.000000,0.000000,0.000000,0.000000,0.000000,62080408.000000,422.028595,21.162573,92048608.000000,625.755310,31.378424,7256185.000000,49.328247,2.473559,2590.643311,0.017611,0.000883,658607.562500,4.477278,0.224513,13716473.000000,93.245911,4.675805,0.000000,0.000000,0.000000,0.000000,0.000000,0.000000,0.000000,0.000000,0.000000,33.477631,0.000228,0.000011,0.003510,0.000000,0.000000,4.852815,0.000033,0.000002,112.450577,0.000764,0.000038,0.000000,0.000000,0.000000,0.000000,0.000000,0.000000,0.000000,0.000000,0.000000,0.000000,0.000000,0.000000,0.000000,0.000000,2806400.000000,4.000000,0.956673,1403200.000000,2.000000,0.478336,1403200.000000,2.000000,0.478336,0.000000,0.000000,0.000000,0.000000,0.000000,0.000000,830840.250000,1.184208,0.283225,1403200.000000,2.000000,0.478336,117018672.000000,166.788300,39.890465,11500.931641,0.016392,0.003921,2688098.000000,3.831383,0.916345,-18417660.000000,-26.250942,-6.278391,0.000000,0.000000,0.000000,0.000000,0.000000,0.000000,0.000000,0.000000,0.000000,1596.887939,0.002276,0.000544,0.133623,0.000000,0.000000,65.605423,0.000094,0.000022,801.690796,0.001143,0.000273,0.000000,0.000000,0.000000,0.000000,0.000000,0.000000,0.000000,0.000000,0.000000,0.000000,0.000000,0.000000,0.000000,0.000000,321332320.000000,449.290161,109.538887,1983.019653,0.002773,0.000676,321330144.000000,449.287109,109.538147,0.000000,0.000000,0.000000,0.000000,0.000000,0.000000,293810240.000000,410.808502,100.156891,631861376.000000,883.475037,215.395035,15149273.000000,21.181870,5.164232,6215.756836,0.008691,0.002119,2910017.500000,4.068816,0.991995,83733112.000000,117.076500,28.543758,0.000000,0.000000,0.000000,0.000000,0.000000,0.000000,0.000000,0.000000,0.000000,165.314072,0.000231,0.000056,0.066556,0.000000,0.000000,57.321812,0.000080,0.000020,1944.273560,0.002719,0.000663,0.000000,0.000000,0.000000,0.000000,0.000000,0.000000,0.000000,0.000000,0.000000,0.000000,0.000000,0.000000,0.000000,0.000000,65897549824.000000,23649.708984,22463.796875,2341042176.000000,15914.630859,798.037231
1,2014,FINAL_VALUE,0.000000,0.000000,0.000000,0.000000,0.000000,1.352972,0.004579,0.512059,0.823287,0.008394,0.004654,3.572080,0.223723,0.239122,0.060588,0.065065,2.008142,1.404588,1.449573,2.680464,5.094728,6.274221,7.051643,7.514605,0.000000,0.000000,0.000000,0.000000,17658.863281,14426.527344,3232.496826,276.872009,14149.783203,2908.666992,251.822617,51.801205,20.040287,0.000000,4743.159668,1571.461426,611.529358,4131.753906,651.790649,218.263336,119.779259,0.000000,383.163025,101.512878,96.948898,0.000000,23392.925781,18596.470703,2382.124268,1477.069458,937.632324,61.613373,0.010488,4.298264,97.007156,0.000000,0.000000,0.012205,0.000183,0.012022,0.000000,0.000000,0.000000,0.887928,0.000000,0.002794,0.000000,0.000000,0.000000,0.000376,0.000000,0.012077,0.002794,0.000000,0.000000,-0.900005,596800.000000,4.000000,0.203443,298400.000000,2.000000,0.101721,298400.000000,2.000000,0.101721,0.000000,0.000000,0.000000,0.000000,0.000000,0.000000,176553.234375,1.183333,0.060185,298400.000000,2.000000,0.101721,23051510.000000,154.500748,7.858023,1764.041382,0.011823,0.000601,474925.593750,3.183147,0.161897,-2594408.500000,-17.388798,-0.884407,0.000000,0.000000,0.000000,0.000000,0.000000,0.000000,0.000000,0.000000,0.000000,1148.006592,0.007694,0.000391,0.024115,0.000000,0.000000,68.128822,0.000457,0.000023,1407.104126,0.009431,0.000480,0.000000,0.000000,0.000000,0.000000,0.000000,0.000000,0.000000,0.000000,0.000000,0.000000,0.000000,0.000000,0.000000,0.000000,51404079104.000000,42120.683594,17523.123047,42317729792.000000,34675.296875,14425.679688,9086282752.000000,7445.331543,3097.420166,0.000000,0.000000,0.000000,0.000000,0.000000,0.000000,13578216448.000000,11126.037109,4628.674316,3895375104.000000,3191.884033,1327.893311,13462283.000000,11.031041,4.589154,8880.146484,0.007276,0.003027,5687228.000000,4.660134,1.938718,199405520.000000,163.393570,67.975288,0.000000,0.000000,0.000000,0.000000,0.000000,0.000000,0.000000,0.000000,0.000000,404.921661,0.000332,0.000138,0.142792,0.000000,0.000000,439.274445,0.000360,0.000150,18774.167969,0.015384,0.006400,0.000000,0.000000,0.000000,0.000000,0.000000,0.000000,0.000000,0.000000,0.000000,0.000000,0.000000,0.000000,0.000000,0.000000,75649232.000000,514.270752,25.788046,2277237.250000,15.480879,0.776287,73371976.000000,498.789764,25.011753,0.000000,0.000000,0.000000,0.000000,0.000000,0.000000,57853936.000000,393.296661,19.721813,88742528.000000,603.280273,30.251417,7750622.000000,52.689476,2.642107,2612.488037,0.017760,0.000891,673796.375000,4.580533,0.229690,14168983.000000,96.322113,4.830060,0.000000,0.000000,0.000000,0.000000,0.000000,0.000000,0.000000,0.000000,0.000000,247.124527,0.001680,0.000084,0.004674,0.000000,0.000000,53.032227,0.000361,0.000018,1523.961304,0.010360,0.000520,0.000000,0.000000,0.000000,0.000000,0.000000,0.000000,0.000000,0.000000,0.000000,0.000000,0.000000,0.000000,0.000000,0.000000,2806400.000000,4.000000,0.956673,1403200.000000,2.000000,0.478336,1403200.000000,2.000000,0.478336,0.000000,0.000000,0.000000,0.000000,0.000000,0.000000,822111.437500,1.171767,0.280249,1403200.000000,2.000000,0.478336,120145104.000000,171.244446,40.956230,11340.287109,0.016163,0.003866,2761938.500000,3.936628,0.941516,-13939573.000000,-19.868263,-4.751857,0.000000,0.000000,0.000000,0.000000,0.000000,0.000000,0.000000,0.000000,0.000000,5585.265137,0.007961,0.001904,0.202284,0.000000,0.000000,281.463379,0.000401,0.000096,4831.880859,0.006887,0.001647,0.000000,0.000000,0.000000,0.000000,0.000000,0.000000,0.000000,0.000000,0.000000,0.000000,0.000000,0.000000,0.000000,0.000000,321537184.000000,449.576599,109.608719,93.606461,0.000131,0.000032,321537056.000000,449.576416,109.608673,0.000000,0.000000,0.000000,0.000000,0.000000,0.000000,277549664.000000,388.072815,94.613831,624071680.000000,872.583374,212.739609,16322434.000000,22.822195,5.564150,6172.334961,0.008630,0.002104,3011266.500000,4.210384,1.026510,87528784.000000,122.383652,29.837664,0.000000,0.000000,0.000000,0.000000,0.000000,0.000000,0.000000,0.000000,0.000000,810.270325,0.001133,0.000276,0.070088,0.000000,0.000000,260.920990,0.000365,0.000089,8890.309570,0.012431,0.003031,0.000000,0.000000,0.000000,0.000000,0.000000,0.000000,0.000000,0.000000,0.000000,0.000000,0.000000,0.000000,0.000000,0.000000,66268909568.000000,23782.984375,22590.390625,2354093312.000000,16003.352539,802.486206
1,2014,ANNUAL_DELTA,0.000000,0.000000,0.000000,0.000000,0.000000,1.186009,0.004463,0.416425,0.756686,0.006658,0.001777,2.731787,0.083826,0.123140,0.020336,0.007068,-0.425648,0.230037,-2.699360,-1.351425,-0.298937,-0.382884,-0.293073,-0.199760,0.000000,0.000000,0.000000,0.000000,11.996094,8.270508,3.722412,-0.059448,8.215820,3.588867,0.111771,-0.005810,-0.005613,0.000000,30.892090,20.377441,5.927917,24.968262,0.095459,1.809799,2.089851,0.000000,7.105713,4.093842,5.175117,0.000000,131.253906,149.816406,-11.399414,-3.144653,-4.439148,1.774700,-0.000090,0.125849,5.565559,0.000000,0.000000,0.001005,0.000015,0.000990,-0.322707,-0.002455,-0.002455,0.083231,0.000000,0.002061,0.000000,0.000000,0.000000,0.000313,0.000000,0.010354,0.002061,0.000000,0.000000,-0.416292,0.000000,0.000000,0.000000,0.000000,0.000000,0.000000,0.000000,0.000000,0.000000,0.000000,0.000000,0.000000,0.000000,0.000000,0.000000,-1893.906250,-0.012694,-0.000646,0.000000,0.000000,0.000000,576256.000000,3.862320,0.196440,-28.694336,-0.000192,-0.000010,11354.937500,0.076106,0.003871,825031.000000,5.529697,0.281245,0.000000,0.000000,0.000000,0.000000,0.000000,0.000000,0.000000,0.000000,0.000000,872.208069,0.005846,0.000297,0.006269,0.000000,0.000000,55.476485,0.000372,0.000019,1219.365845,0.008173,0.000416,0.000000,0.000000,0.000000,0.000000,0.000000,0.000000,0.000000,0.000000,0.000000,0.000000,0.000000,0.000000,0.000000,0.000000,34701312.000000,28.437500,11.830078,24256512.000000,19.878906,8.269531,10379264.000000,8.504883,3.538086,0.000000,0.000000,0.000000,0.000000,0.000000,0.000000,111114240.000000,91.046875,37.877441,70861568.000000,58.064209,24.155884,-176248.000000,-0.144419,-0.060081,-52.787109,-0.000043,-0.000018,167644.000000,0.137368,0.057148,6775312.000000,5.551712,2.309631,-946660.562500,-0.775697,-0.322707,-7200.599609,-0.005900,-0.002455,-7200.590332,-0.005900,-0.002455,327.707420,0.000269,0.000112,0.000404,0.000000,0.000000,396.398827,0.000325,0.000135,16766.352173,0.013738,0.005715,0.000000,0.000000,0.000000,0.000000,0.000000,0.000000,0.000000,0.000000,0.000000,0.000000,0.000000,0.000000,0.000000,0.000000,311592.000000,2.118225,0.106220,-0.500000,-0.000003,-0.000000,311504.000000,2.117615,0.106188,0.000000,0.000000,0.000000,0.000000,0.000000,0.000000,-4226472.000000,-28.731934,-1.440760,-3306080.000000,-22.475037,-1.127007,494437.000000,3.361229,0.168548,21.844727,0.000149,0.000007,15188.812500,0.103255,0.005178,452510.000000,3.076202,0.154256,0.000000,0.000000,0.000000,0.000000,0.000000,0.000000,0.000000,0.000000,0.000000,213.646896,0.001452,0.000073,0.001164,0.000000,0.000000,48.179411,0.000328,0.000016,1411.510727,0.009596,0.000481,0.000000,0.000000,0.000000,0.000000,0.000000,0.000000,0.000000,0.000000,0.000000,0.000000,0.000000,0.000000,0.000000,0.000000,0.000000,0.000000,0.000000,0.000000,0.000000,0.000000,0.000000,0.000000,0.000000,0.000000,0.000000,0.000000,0.000000,0.000000,0.000000,-8728.812500,-0.012441,-0.002976,0.000000,0.000000,0.000000,3126432.000000,4.456146,1.065765,-160.644531,-0.000229,-0.000055,73840.500000,0.105246,0.025171,4478087.000000,6.382679,1.526534,0.000000,0.000000,0.000000,0.000000,0.000000,0.000000,0.000000,0.000000,0.000000,3988.377197,0.005685,0.001360,0.068661,0.000000,0.000000,215.857956,0.000308,0.000074,4030.190063,0.005744,0.001374,0.000000,0.000000,0.000000,0.000000,0.000000,0.000000,0.000000,0.000000,0.000000,0.000000,0.000000,0.000000,0.000000,0.000000,204864.000000,0.286438,0.069832,-1889.413193,-0.002642,-0.000644,206912.000000,0.289307,0.070526,0.000000,0.000000,0.000000,0.000000,0.000000,0.000000,-16260576.000000,-22.735687,-5.543060,-7789696.000000,-10.891663,-2.655426,1173161.000000,1.640326,0.399919,-43.421875,-0.000061,-0.000015,101249.000000,0.141568,0.034515,3795672.000000,5.307152,1.293905,0.000000,0.000000,0.000000,0.000000,0.000000,0.000000,0.000000,0.000000,0.000000,644.956253,0.000902,0.000220,0.003532,0.000000,0.000000,203.599178,0.000285,0.000069,6946.036011,0.009712,0.002368,0.000000,0.000000,0.000000,0.000000,0.000000,0.000000,0.000000,0.000000,0.000000,0.000000,0.000000,0.000000,0.000000,0.000000,371359744.000000,133.275391,126.593750,13051136.000000,88.721680,4.448975
1,2014,MIN_VALUE,0.000000,0.000000,0.000000,0.000000,0.000000,0.095899,0.000040,0.030740,0.027169,0.001709,0.002761,0.169379,0.085537,0.073981,0.038042,0.057899,1.333364,0.801587,-4.101061,-0.956071,3.657820,5.580839,6.710430,7.340034,0.000000,0.000000,0.000000,0.000000,17646.867188,14418.256836,3228.774414,276.872009,14141.567383,2905.078125,251.710846,51.801205,20.040287,0.000000,4432.672363,1376.304199,524.138000,3908.635986,604.698486,211.101807,116.851906,0.000000,271.753937,82.311722,88.782684,0.000000,23261.671875,18446.654297,2382.124268,1477.069458,937.632324,58.911888,0.010488,4.172414,91.441597,0.000000,0.000000,0.009563,0.000143,0.009420,0.000000,0.000000,0.000000,0.653521,0.000000,0.000506,0.000000,0.000000,0.000000,0.000040,0.000000,0.001110,0.000506,0.000000,0.000000,-1.659169,596800.000000,4.000000,0.203443,298400.000000,2.000000,0.101721,298400.000000,2.000000,0.101721,0.000000,0.000000,0.000000,0.000000,0.000000,0.000000,176553.234375,1.183333,0.060185,298400.000000,2.000000,0.101721,22184060.000000,148.686737,7.562318,1764.041382,0.011823,0.000601,463374.062500,3.105724,0.157959,-3419439.500000,-22.918495,-1.165652,0.000000,0.000000,0.000000,0.000000,0.000000,0.000000,0.000000,0.000000,0.000000,195.148788,0.001308,0.000067,0.016844,0.000000,0.000000,9.348128,0.000063,0.000003,146.444504,0.000982,0.000050,0.000000,0.000000,0.000000,0.000000,0.000000,0.000000,0.000000,0.000000,0.000000,0.000000,0.000000,0.000000,0.000000,0.000000,51369377792.000000,42092.246094,17511.292969,42293473280.000000,34655.417969,14417.410156,9075903488.000000,7436.826660,3093.882080,0.000000,0.000000,0.000000,0.000000,0.000000,0.000000,12672932864.000000,10384.245117,4320.072754,3535669504.000000,2897.139893,1205.273438,12720195.000000,10.422973,4.336184,8875.006836,0.007272,0.003025,5519584.000000,4.522766,1.881570,192116848.000000,157.421219,65.490662,0.000000,0.000000,0.000000,0.000000,0.000000,0.000000,0.000000,0.000000,0.000000,40.875618,0.000033,0.000014,0.138048,0.000000,0.000000,20.792189,0.000017,0.000007,986.192993,0.000808,0.000336,0.000000,0.000000,0.000000,0.000000,0.000000,0.000000,0.000000,0.000000,0.000000,0.000000,0.000000,0.000000,0.000000,0.000000,75337632.000000,512.152466,25.681824,2277237.250000,15.480879,0.776287,73060472.000000,496.672150,24.905565,0.000000,0.000000,0.000000,0.000000,0.000000,0.000000,40715008.000000,276.784576,13.879328,67869144.000000,461.380981,23.135893,7209906.000000,49.013638,2.457783,2589.510254,0.017604,0.000883,651129.375000,4.426441,0.221963,13476978.000000,91.617798,4.594163,0.000000,0.000000,0.000000,0.000000,0.000000,0.000000,0.000000,0.000000,0.000000,0.954333,0.000006,0.000000,0.003377,0.000000,0.000000,0.157036,0.000001,0.000000,5.453593,0.000037,0.000002,0.000000,0.000000,0.000000,0.000000,0.000000,0.000000,0.000000,0.000000,0.000000,0.000000,0.000000,0.000000,0.000000,0.000000,2806400.000000,4.000000,0.956673,1403200.000000,2.000000,0.478336,1403200.000000,2.000000,0.478336,0.000000,0.000000,0.000000,0.000000,0.000000,0.000000,822111.437500,1.171767,0.280249,1403200.000000,2.000000,0.478336,115811016.000000,165.067001,39.478783,11340.287109,0.016163,0.003866,2688050.000000,3.831314,0.916329,-18417660.000000,-26.250942,-6.278391,0.000000,0.000000,0.000000,0.000000,0.000000,0.000000,0.000000,0.000000,0.000000,1191.659668,0.001698,0.000406,0.128956,0.000000,0.000000,51.803825,0.000074,0.000018,661.918945,0.000943,0.000226,0.000000,0.000000,0.000000,0.000000,0.000000,0.000000,0.000000,0.000000,0.000000,0.000000,0.000000,0.000000,0.000000,0.000000,321332320.000000,449.290161,109.538887,93.606461,0.000131,0.000032,321330144.000000,449.287109,109.538147,0.000000,0.000000,0.000000,0.000000,0.000000,0.000000,241344048.000000,337.449738,82.271706,362587904.000000,506.974121,123.602486,13482614.000000,18.851530,4.596085,6159.992676,0.008613,0.002100,2909534.250000,4.068141,0.991830,83725200.000000,117.065437,28.541059,0.000000,0.000000,0.000000,0.000000,0.000000,0.000000,0.000000,0.000000,0.000000,54.111366,0.000076,0.000018,0.064798,0.000000,0.000000,27.186071,0.000038,0.000009,917.123535,0.001282,0.000313,0.000000,0.000000,0.000000,0.000000,0.000000,0.000000,0.000000,0.000000,0.000000,0.000000,0.000000,0.000000,0.000000,0.000000,65897549824.000000,23649.708984,22463.796875,2341042176.000000,15914.630859,798.037231
1,2014,MIN_VALUE_JDAY,1.000000,1.000000,1.000000,1.000000,1.000000,163.000000,265.000000,163.000000,203.000000,10.000000,43.000000,265.000000,265.000000,203.000000,292.000000,7.000000,37.000000,37.000000,37.000000,37.000000,38.000000,38.000000,38.000000,38.000000,1.000000,1.000000,1.000000,1.000000,1.000000,1.000000,1.000000,365.000000,1.000000,1.000000,1.000000,365.000000,365.000000,1.000000,349.000000,262.000000,349.000000,349.000000,262.000000,262.000000,349.000000,1.000000,262.000000,349.000000,349.000000,1.000000,1.000000,1.000000,365.000000,365.000000,365.000000,154.000000,355.000000,1.000000,1.000000,1.000000,1.000000,38.000000,38.000000,38.000000,350.000000,350.000000,350.000000,37.000000,1.000000,200.000000,1.000000,267.000000,1.000000,200.000000,1.000000,200.000000,200.000000,1.000000,1.000000,266.000000,1.000000,1.000000,1.000000,1.000000,1.000000,1.000000,1.000000,1.000000,1.000000,1.000000,1.000000,1.000000,1.000000,1.000000,1.000000,365.000000,365.000000,365.000000,1.000000,1.000000,1.000000,119.000000,119.000000,119.000000,365.000000,365.000000,365.000000,152.000000,152.000000,152.000000,1.000000,1.000000,1.000000,1.000000,1.000000,1.000000,1.000000,1.000000,1.000000,1.000000,1.000000,1.000000,203.000000,203.000000,203.000000,291.000000,291.000000,291.000000,204.000000,204.000000,204.000000,266.000000,266.000000,266.000000,1.000000,1.000000,1.000000,1.000000,1.000000,1.000000,1.000000,1.000000,1.000000,1.000000,1.000000,1.000000,1.000000,1.000000,1.000000,1.000000,1.000000,1.000000,1.000000,1.000000,1.000000,1.000000,1.000000,1.000000,1.000000,1.000000,1.000000,1.000000,1.000000,349.000000,349.000000,349.000000,349.000000,349.000000,349.000000,147.000000,147.000000,147.000000,349.000000,349.000000,349.000000,1.000000,1.000000,1.000000,90.000000,90.000000,90.000000,350.000000,350.000000,350.000000,350.000000,350.000000,350.000000,350.000000,350.000000,350.000000,224.000000,224.000000,224.000000,305.000000,305.000000,305.000000,204.000000,204.000000,204.000000,204.000000,204.000000,204.000000,1.000000,1.000000,1.000000,1.000000,1.000000,1.000000,1.000000,1.000000,1.000000,1.000000,1.000000,1.000000,1.000000,1.000000,2.000000,2.000000,2.000000,365.000000,365.000000,365.000000,1.000000,1.000000,1.000000,1.000000,1.000000,1.000000,1.000000,1.000000,1.000000,262.000000,262.000000,262.000000,262.000000,262.000000,262.000000,172.000000,172.000000,172.000000,178.000000,178.000000,178.000000,134.000000,134.000000,134.000000,133.000000,133.000000,133.000000,1.000000,1.000000,1.000000,1.000000,1.000000,1.000000,1.000000,1.000000,1.000000,266.000000,266.000000,266.000000,294.000000,294.000000,294.000000,266.000000,266.000000,266.000000,266.000000,266.000000,266.000000,1.000000,1.000000,1.000000,1.000000,1.000000,1.000000,1.000000,1.000000,1.000000,1.000000,1.000000,1.000000,1.000000,1.000000,1.000000,1.000000,1.000000,1.000000,1.000000,1.000000,1.000000,1.000000,1.000000,1.000000,1.000000,1.000000,1.000000,1.000000,1.000000,365.000000,365.000000,365.000000,1.000000,1.000000,1.000000,118.000000,118.000000,118.000000,365.000000,365.000000,365.000000,7.000000,7.000000,7.000000,1.000000,1.000000,1.000000,1.000000,1.000000,1.000000,1.000000,1.000000,1.000000,1.000000,1.000000,1.000000,200.000000,200.000000,200.000000,266.000000,266.000000,266.000000,200.000000,200.000000,200.000000,265.000000,265.000000,265.000000,1.000000,1.000000,1.000000,1.000000,1.000000,1.000000,1.000000,1.000000,1.000000,1.000000,1.000000,1.000000,1.000000,1.000000,1.000000,1.000000,1.000000,365.000000,365.000000,365.000000,1.000000,1.000000,1.000000,1.000000,1.000000,1.000000,1.000000,1.000000,1.000000,135.000000,135.000000,135.000000,262.000000,262.000000,262.000000,262.000000,262.000000,262.000000,262.000000,262.000000,262.000000,13.000000,13.000000,13.000000,13.000000,13.000000,13.000000,1.000000,1.000000,1.000000,1.000000,1.000000,1.000000,1.000000,1.000000,1.000000,201.000000,201.000000,201.000000,283.000000,283.000000,283.000000,164.000000,164.000000,164.000000,164.000000,164.000000,164.000000,1.000000,1.000000,1.000000,1.000000,1.000000,1.000000,1.000000,1.000000,1.000000,1.000000,1.000000,1.000000,1.000000,1.000000,1.000000,1.000000,1.000000,1.000000,1.000000,1.000000
1,2014,MAX_VALUE,1.430829,0.000000,0.000000,0.000000,36.307907,6.156253,1.820017,2.500566,2.128576,0.021348,0.007514,7.172180,0.297473,0.278065,0.076185,0.070361,10.215451,5.000427,26.394909,21.965183,15.693990,12.126100,10.352143,9.411829,0.005738,0.000000,0.000000,0.000000,18126.394531,14747.150391,3444.867920,374.315460,14379.136719,2972.635986,377.252045,71.983093,28.313265,0.000000,4743.159668,1571.461426,611.529358,4131.753906,651.790649,218.263336,119.779259,0.000000,383.163025,101.512878,96.948898,0.000000,23393.089844,18596.580078,2393.523682,1480.214111,942.071472,61.613373,0.010578,4.298264,97.007156,0.000000,0.000000,0.037060,0.000556,0.036504,7.853936,0.096866,0.096867,2.673530,0.000000,0.005806,0.000000,0.000000,0.000000,0.000850,0.000000,0.028985,0.005806,0.000000,0.000000,5.528574,596800.000000,4.000000,0.203443,298400.000000,2.000000,0.101721,298400.000000,2.000000,0.101721,0.000000,0.000000,0.000000,0.000000,0.000000,0.000000,178447.140625,1.196026,0.060831,298400.000000,2.000000,0.101721,23231412.000000,155.706512,7.919350,1792.735718,0.012016,0.000611,475425.375000,3.186497,0.162068,-2594408.500000,-17.388798,-0.884407,0.000000,0.000000,0.000000,0.000000,0.000000,0.000000,0.000000,0.000000,0.000000,2278.197510,0.015269,0.000777,0.033331,0.000000,0.000000,136.080902,0.000912,0.000046,2885.439209,0.019339,0.000984,0.000000,0.000000,0.000000,0.000000,0.000000,0.000000,0.000000,0.000000,0.000000,0.000000,0.000000,0.000000,0.000000,0.000000,52705984512.000000,43187.464844,17966.927734,43247828992.000000,35437.417969,14742.740234,9458300928.000000,7750.164551,3224.237549,0.000000,0.000000,0.000000,0.000000,0.000000,0.000000,13578216448.000000,11126.037109,4628.674316,3895375104.000000,3191.884033,1327.893311,13808844.000000,11.315015,4.707293,8932.933594,0.007320,0.003045,5687228.000000,4.660134,1.938718,199726208.000000,163.656357,68.084610,13506345.000000,11.067146,4.604174,102733.265625,0.084180,0.035021,102733.250000,0.084180,0.035021,1152.625977,0.000944,0.000393,0.155445,0.000000,0.000000,1096.358398,0.000898,0.000374,50001.679688,0.040972,0.017045,0.000000,0.000000,0.000000,0.000000,0.000000,0.000000,0.000000,0.000000,0.000000,0.000000,0.000000,0.000000,0.000000,0.000000,130266416.000000,885.563660,44.406483,26422834.000000,179.624985,9.007273,103843456.000000,705.937866,35.399166,0.000000,0.000000,0.000000,0.000000,0.000000,0.000000,62080408.000000,422.028595,21.162573,92048608.000000,625.755310,31.378424,7750622.000000,52.689476,2.642107,2612.488037,0.017760,0.000891,675403.625000,4.591459,0.230238,14228608.000000,96.727448,4.850386,1745484.125000,11.865970,0.595018,25053.599609,0.170317,0.008541,25053.585938,0.170317,0.008541,632.382324,0.004299,0.000216,0.009963,0.000000,0.000000,125.149200,0.000851,0.000043,3497.681152,0.023778,0.001192,0.000000,0.000000,0.000000,0.000000,0.000000,0.000000,0.000000,0.000000,0.000000,0.000000,0.000000,0.000000,0.000000,0.000000,2806400.000000,4.000000,0.956673,1403200.000000,2.000000,0.478336,1403200.000000,2.000000,0.478336,0.000000,0.000000,0.000000,0.000000,0.000000,0.000000,830840.250000,1.184208,0.283225,1403200.000000,2.000000,0.478336,120923264.000000,172.353561,41.221497,11500.931641,0.016392,0.003921,2761938.500000,3.936628,0.941516,-13939573.000000,-19.868263,-4.751857,0.000000,0.000000,0.000000,0.000000,0.000000,0.000000,0.000000,0.000000,0.000000,11238.897461,0.016019,0.003831,0.281062,0.000000,0.000000,554.122803,0.000790,0.000189,9865.344727,0.014061,0.003363,0.000000,0.000000,0.000000,0.000000,0.000000,0.000000,0.000000,0.000000,0.000000,0.000000,0.000000,0.000000,0.000000,0.000000,726374528.000000,1015.624329,247.613602,116470488.000000,162.850235,39.703590,668969792.000000,935.360474,228.044922,0.000000,0.000000,0.000000,0.000000,0.000000,0.000000,294934752.000000,412.380798,100.540222,631861376.000000,883.475037,215.395035,17957230.000000,25.107983,6.121435,6232.264160,0.008714,0.002125,3011266.500000,4.210384,1.026510,87528784.000000,122.383652,29.837664,14473292.000000,20.236706,4.933796,207740.203125,0.290464,0.070817,207740.265625,0.290465,0.070817,1879.401611,0.002628,0.000641,0.084593,0.000000,0.000000,601.265930,0.000841,0.000205,20355.488281,0.028461,0.006939,0.000000,0.000000,0.000000,0.000000,0.000000,0.000000,3492109.500000,4.882703,1.190424,7152.000000,120102.539063,0.167929,0.040942,7152.000000,66269433856.000000,23783.173828,22590.568359,2354093312.000000,16003.352539,802.486206
1,2014,MAX_VALUE_JDAY,64.000000,1.000000,1.000000,1.000000,64.000000,67.000000,64.000000,65.000000,70.000000,81.000000,83.000000,69.000000,64.000000,70.000000,81.000000,79.000000,223.000000,135.000000,223.000000,223.000000,197.000000,197.000000,197.000000,197.000000,295.000000,1.000000,1.000000,1.000000,349.000000,349.000000,262.000000,152.000000,349.000000,262.000000,262.000000,349.000000,349.000000,1.000000,365.000000,365.000000,365.000000,365.000000,365.000000,365.000000,365.000000,1.000000,365.000000,365.000000,365.000000,1.000000,362.000000,363.000000,1.000000,1.000000,1.000000,365.000000,1.000000,365.000000,365.000000,1.000000,1.000000,225.000000,225.000000,225.000000,132.000000,132.000000,132.000000,135.000000,1.000000,68.000000,1.000000,77.000000,1.000000,69.000000,1.000000,68.000000,68.000000,1.000000,1.000000,132.000000,1.000000,1.000000,1.000000,1.000000,1.000000,1.000000,1.000000,1.000000,1.000000,1.000000,1.000000,1.000000,1.000000,1.000000,1.000000,1.000000,1.000000,1.000000,1.000000,1.000000,1.000000,304.000000,304.000000,304.000000,1.000000,1.000000,1.000000,334.000000,334.000000,334.000000,365.000000,365.000000,365.000000,1.000000,1.000000,1.000000,1.000000,1.000000,1.000000,1.000000,1.000000,1.000000,69.000000,69.000000,69.000000,69.000000,69.000000,69.000000,70.000000,70.000000,70.000000,70.000000,70.000000,70.000000,1.000000,1.000000,1.000000,1.000000,1.000000,1.000000,1.000000,1.000000,1.000000,1.000000,1.000000,1.000000,1.000000,1.000000,349.000000,349.000000,349.000000,349.000000,349.000000,349.000000,349.000000,349.000000,349.000000,1.000000,1.000000,1.000000,1.000000,1.000000,1.000000,365.000000,365.000000,365.000000,365.000000,365.000000,365.000000,45.000000,45.000000,45.000000,1.000000,1.000000,1.000000,365.000000,365.000000,365.000000,332.000000,332.000000,332.000000,304.000000,304.000000,304.000000,304.000000,304.000000,304.000000,304.000000,304.000000,304.000000,68.000000,68.000000,68.000000,80.000000,80.000000,80.000000,68.000000,68.000000,68.000000,68.000000,68.000000,68.000000,1.000000,1.000000,1.000000,1.000000,1.000000,1.000000,1.000000,1.000000,1.000000,1.000000,1.000000,1.000000,1.000000,1.000000,262.000000,262.000000,262.000000,262.000000,262.000000,262.000000,262.000000,262.000000,262.000000,1.000000,1.000000,1.000000,1.000000,1.000000,1.000000,1.000000,1.000000,1.000000,1.000000,1.000000,1.000000,365.000000,365.000000,365.000000,365.000000,365.000000,365.000000,341.000000,341.000000,341.000000,332.000000,332.000000,332.000000,135.000000,135.000000,135.000000,135.000000,135.000000,135.000000,135.000000,135.000000,135.000000,68.000000,68.000000,68.000000,68.000000,68.000000,68.000000,68.000000,68.000000,68.000000,68.000000,68.000000,68.000000,1.000000,1.000000,1.000000,1.000000,1.000000,1.000000,1.000000,1.000000,1.000000,1.000000,1.000000,1.000000,1.000000,1.000000,1.000000,1.000000,1.000000,1.000000,1.000000,1.000000,1.000000,1.000000,1.000000,1.000000,1.000000,1.000000,1.000000,1.000000,1.000000,1.000000,1.000000,1.000000,1.000000,1.000000,1.000000,303.000000,303.000000,303.000000,1.000000,1.000000,1.000000,365.000000,365.000000,365.000000,365.000000,365.000000,365.000000,1.000000,1.000000,1.000000,1.000000,1.000000,1.000000,1.000000,1.000000,1.000000,68.000000,68.000000,68.000000,77.000000,77.000000,77.000000,69.000000,69.000000,69.000000,70.000000,70.000000,70.000000,1.000000,1.000000,1.000000,1.000000,1.000000,1.000000,1.000000,1.000000,1.000000,1.000000,1.000000,1.000000,1.000000,1.000000,258.000000,258.000000,258.000000,152.000000,152.000000,152.000000,262.000000,262.000000,262.000000,1.000000,1.000000,1.000000,1.000000,1.000000,1.000000,197.000000,197.000000,197.000000,1.000000,1.000000,1.000000,121.000000,121.000000,121.000000,121.000000,121.000000,121.000000,365.000000,365.000000,365.000000,365.000000,365.000000,365.000000,132.000000,132.000000,132.000000,132.000000,132.000000,132.000000,132.000000,132.000000,132.000000,68.000000,68.000000,68.000000,76.000000,76.000000,76.000000,68.000000,68.000000,68.000000,68.000000,68.000000,68.000000,1.000000,1.000000,1.000000,1.000000,1.000000,1.000000,122.000000,122.000000,122.000000,122.000000,153.000000,153.000000,153.000000,61.000000,362.000000,362.000000,362.000000,365.000000,365.000000,365.000000
1,2014,ANNUAL_SUM,32.182520,0.000000,0.000000,0.000000,1188.112374,341.069269,61.216918,131.683048,112.384671,2.110613,1.491498,592.063225,62.086412,55.097147,19.864889,22.720152,1707.613708,866.425146,4665.466929,4258.547547,3859.484355,3455.900725,3248.704004,3137.959501,0.239295,0.000000,0.000000,0.000000,6551752.480469,5329776.618164,1222042.235352,122921.598450,5206811.901367,1073645.193848,116234.358170,23233.965786,8910.237776,0.000000,1668703.448730,530701.101685,204556.002441,1464193.359863,228609.057922,77772.594635,42805.167046,0.000000,116478.645721,32097.090157,32940.521408,0.000000,8512842.707031,6758595.949219,871674.132813,539726.617798,343055.518433,21979.168449,3.842068,1544.659308,34368.817169,0.000000,0.000000,8.438353,0.126575,8.311776,686.120184,6.771921,6.771919,556.555861,0.000000,0.571745,0.000000,0.000051,0.000000,0.064167,0.000000,1.999752,0.571796,0.000000,0.000000,127.564570,217832000.000000,1460.000000,74.256692,108916000.000000,730.000000,37.128346,108916000.000000,730.000000,37.128346,0.000000,0.000000,0.000000,0.000000,0.000000,0.000000,64808814.593750,434.375431,22.092659,108916000.000000,730.000000,37.128346,8267555036.000000,55412.567261,2818.324540,648937.520874,4.349447,0.221216,170711815.000000,1144.181068,58.193903,-1092685693.750000,-7323.630678,-372.485324,0.000000,0.000000,0.000000,0.000000,0.000000,0.000000,0.000000,0.000000,0.000000,214557.909561,1.438056,0.073141,7.574648,0.000051,0.000003,11254.680025,0.075434,0.003837,206279.382339,1.382570,0.070319,0.000000,0.000000,0.000000,0.000000,0.000000,0.000000,0.000000,0.000000,0.000000,0.000000,0.000000,0.000000,0.000000,0.000000,19003151605760.000000,15571248.421875,6477979.046875,15617997295616.000000,12797441.218750,5324014.764648,3385182138368.000000,2773830.003418,1153973.797119,0.000000,0.000000,0.000000,0.000000,0.000000,0.000000,4776153151488.000000,3913596.474609,1628141.518555,1341918947584.000000,1099573.046631,457446.375854,4861270136.000000,3983.341640,1657.157027,3247004.374023,2.660607,1.106870,2043706327.500000,1674.620064,696.678483,71422478960.000000,58523.827179,24347.188942,1337482030.718750,1095.937420,455.933877,10173286.496826,8.336026,3.467969,10173284.187988,8.336024,3.467968,72787.295910,0.059642,0.024812,52.413742,0.000043,0.000018,64214.564091,0.052618,0.021890,2888997.428894,2.367255,0.984830,0.000000,0.000000,0.000000,0.000000,0.000000,0.000000,0.000000,0.000000,0.000000,0.000000,0.000000,0.000000,0.000000,0.000000,36671761680.000000,249298.172302,12501.026550,4856571301.250000,33015.440542,1655.555236,31815187152.000000,216282.714264,10845.470442,0.000000,0.000000,0.000000,0.000000,0.000000,0.000000,18593329628.000000,126399.250092,6338.274985,28726272664.000000,195283.974030,9792.491093,2711272211.500000,18431.490192,924.244830,948478.558105,6.447849,0.323327,241316312.500000,1640.491589,82.262251,5034460751.000000,34224.750198,1716.195925,54928681.121094,373.410477,18.724623,788412.162781,5.359702,0.268762,788412.119171,5.359702,0.268762,41608.652210,0.282860,0.014184,1.721957,0.000012,0.000001,8040.201695,0.054658,0.002741,222471.035925,1.512380,0.075838,0.000000,0.000000,0.000000,0.000000,0.000000,0.000000,0.000000,0.000000,0.000000,0.000000,0.000000,0.000000,0.000000,0.000000,1024336000.000000,1460.000000,349.185611,512168000.000000,730.000000,174.592806,512168000.000000,730.000000,174.592806,0.000000,0.000000,0.000000,0.000000,0.000000,0.000000,301772503.625000,430.120443,102.871145,512168000.000000,730.000000,174.592806,43101167984.000000,61432.679596,14692.745152,4167377.518555,5.939820,1.420616,993591731.250000,1416.179776,338.705210,-5850378902.000000,-8338.624437,-1994.334044,0.000000,0.000000,0.000000,0.000000,0.000000,0.000000,0.000000,0.000000,0.000000,1200311.432007,1.710820,0.409174,61.868360,0.000088,0.000021,53682.868271,0.076515,0.018300,794954.561401,1.133060,0.270992,0.000000,0.000000,0.000000,0.000000,0.000000,0.000000,0.000000,0.000000,0.000000,0.000000,0.000000,0.000000,0.000000,0.000000,179333522528.000000,250745.977539,61132.954933,11946901992.291030,16704.281307,4072.576098,167386596512.000000,234041.660339,57060.370514,0.000000,0.000000,0.000000,0.000000,0.000000,0.000000,100223626576.000000,140133.705688,34165.204155,185551249152.000000,259439.665619,63252.513893,5534352956.000000,7738.189255,1886.604039,2259547.020020,3.159322,0.770256,1081968960.250000,1512.820133,368.832099,31306894328.000000,43773.621780,10672.198494,620323154.541016,867.342214,211.461787,8903734.425140,12.449293,3.035192,8903730.577484,12.449288,3.035190,147958.478474,0.206877,0.050438,25.356712,0.000035,0.000009,51041.311066,0.071366,0.017399,1753577.629761,2.451870,0.597777,0.000000,0.000000,0.000000,0.000000,0.000000,0.000000,13968438.000000,19.530813,4.761697,28608.000000,758798.787354,1.060960,0.258667,100128.000000,24115556982784.000000,8654736.197266,8220745.511719,856947500288.000000,5825611.827148,292124.594910
1,2014,ANNUAL_AVERAGE,0.088171,0.000000,0.000000,0.000000,3.255102,0.934436,0.167718,0.360775,0.307903,0.005783,0.004086,1.622091,0.170100,0.150951,0.054424,0.062247,4.678394,2.373768,12.782101,11.667254,10.573930,9.468221,8.900559,8.597149,0.000656,0.000000,0.000000,0.000000,17950.006796,14602.127721,3348.060919,336.771503,14265.238086,2941.493682,318.450296,63.654701,24.411610,0.000000,4571.790270,1453.975621,560.427404,4011.488657,626.326186,213.075602,117.274430,0.000000,319.119577,87.937233,90.248004,0.000000,23322.856732,18516.701231,2388.148309,1478.703062,939.878133,60.216900,0.010526,4.231943,94.161143,0.000000,0.000000,0.023119,0.000347,0.022772,1.879781,0.018553,0.018553,1.524811,0.000000,0.001566,0.000000,0.000000,0.000000,0.000176,0.000000,0.005479,0.001567,0.000000,0.000000,0.349492,596800.000000,4.000000,0.203443,298400.000000,2.000000,0.101721,298400.000000,2.000000,0.101721,0.000000,0.000000,0.000000,0.000000,0.000000,0.000000,177558.396147,1.190070,0.060528,298400.000000,2.000000,0.101721,22650835.715068,151.815253,7.721437,1777.911016,0.011916,0.000606,467703.602740,3.134743,0.159435,-2993659.434932,-20.064742,-1.020508,0.000000,0.000000,0.000000,0.000000,0.000000,0.000000,0.000000,0.000000,0.000000,587.829889,0.003940,0.000200,0.020752,0.000000,0.000000,30.834740,0.000207,0.000011,565.148993,0.003788,0.000193,0.000000,0.000000,0.000000,0.000000,0.000000,0.000000,0.000000,0.000000,0.000000,0.000000,0.000000,0.000000,0.000000,0.000000,52063429056.876710,42660.954580,17747.887800,42789033686.619180,35061.482791,14586.341821,9274471611.967123,7599.534256,3161.572047,0.000000,0.000000,0.000000,0.000000,0.000000,0.000000,13085351099.967123,10722.182122,4460.661695,3676490267.353425,3012.528895,1253.277742,13318548.317808,10.913265,4.540156,8895.902395,0.007289,0.003033,5599195.417808,4.588000,1.908708,195678024.547945,160.339253,66.704627,3664334.330736,3.002568,1.249134,27872.017800,0.022838,0.009501,27872.011474,0.022838,0.009501,199.417249,0.000163,0.000068,0.143599,0.000000,0.000000,175.930313,0.000144,0.000060,7915.061449,0.006486,0.002698,0.000000,0.000000,0.000000,0.000000,0.000000,0.000000,0.000000,0.000000,0.000000,0.000000,0.000000,0.000000,0.000000,0.000000,100470579.945205,683.008691,34.249388,13305674.797945,90.453262,4.535768,87164896.306849,592.555382,29.713618,0.000000,0.000000,0.000000,0.000000,0.000000,0.000000,50940629.117808,346.299315,17.365137,78702116.887671,535.024586,26.828743,7428143.045205,50.497233,2.532178,2598.571392,0.017665,0.000886,661140.582192,4.494498,0.225376,13793043.153425,93.766439,4.701907,150489.537318,1.023042,0.051300,2160.033323,0.014684,0.000736,2160.033203,0.014684,0.000736,113.996307,0.000775,0.000039,0.004718,0.000000,0.000000,22.027950,0.000150,0.000008,609.509687,0.004144,0.000208,0.000000,0.000000,0.000000,0.000000,0.000000,0.000000,0.000000,0.000000,0.000000,0.000000,0.000000,0.000000,0.000000,0.000000,2806400.000000,4.000000,0.956673,1403200.000000,2.000000,0.478336,1403200.000000,2.000000,0.478336,0.000000,0.000000,0.000000,0.000000,0.000000,0.000000,826773.982534,1.178412,0.281839,1403200.000000,2.000000,0.478336,118085391.736986,168.308711,40.254096,11417.472654,0.016273,0.003892,2722169.126712,3.879945,0.927959,-16028435.347945,-22.845546,-5.463929,0.000000,0.000000,0.000000,0.000000,0.000000,0.000000,0.000000,0.000000,0.000000,3288.524471,0.004687,0.001121,0.169502,0.000000,0.000000,147.076351,0.000210,0.000050,2177.957702,0.003104,0.000742,0.000000,0.000000,0.000000,0.000000,0.000000,0.000000,0.000000,0.000000,0.000000,0.000000,0.000000,0.000000,0.000000,0.000000,491324719.254795,686.975281,167.487548,32731238.335044,45.765154,11.157743,458593415.101370,641.210028,156.329782,0.000000,0.000000,0.000000,0.000000,0.000000,0.000000,274585278.290411,383.927961,93.603299,508359586.717808,710.793604,173.294559,15162610.838356,21.200519,5.168778,6190.539781,0.008656,0.002110,2964298.521233,4.144713,1.010499,85772313.227397,119.927731,29.238900,1699515.491893,2.376280,0.579347,24393.792946,0.034108,0.008316,24393.782404,0.034108,0.008316,405.365694,0.000567,0.000138,0.069470,0.000000,0.000000,139.839208,0.000196,0.000048,4804.322273,0.006717,0.001638,0.000000,0.000000,0.000000,0.000000,0.000000,0.000000,38269.693151,0.053509,0.013046,78.378082,2078.900787,0.002907,0.000709,274.323288,66070019130.915070,23711.606020,22522.590443,2347801370.652055,15960.580348,800.341356
1,2014,DAY_COUNT,365,365,365,365,365,365,365,365,365,365,365,365,365,365,365,365,365,365,365,365,365,365,365,365,365,365,365,365,365,365,365,365,365,365,365,365,365,365,365,365,365,365,365,365,365,365,365,365,365,365,365,365,365,365,365,365,365,365,365,365,365,365,365,365,365,365,365,365,365,365,365,365,365,365,365,365,365,365,365,365,365,365,365,365,365,365,365,365,365,365,365,365,365,365,365,365,365,365,365,365,365,365,365,365,365,365,365,365,365,365,365,365,365,365,365,365,365,365,365,365,365,365,365,365,365,365,365,365,365,365,365,365,365,365,365,365,365,365,365,365,365,365,365,365,365,365,365,365,365,365,365,365,365,365,365,365,365,365,365,365,365,365,365,365,365,365,365,365,365,365,365,365,365,365,365,365,365,365,365,365,365,365,365,365,365,365,365,365,365,365,365,365,365,365,365,365,365,365,365,365,365,365,365,365,365,365,365,365,365,365,365,365,365,365,365,365,365,365,365,365,365,365,365,365,365,365,365,365,365,365,365,365,365,365,365,365,365,365,365,365,365,365,365,365,365,365,365,365,365,365,365,365,365,365,365,365,365,365,365,365,365,365,365,365,365,365,365,365,365,365,365,365,365,365,365,365,365,365,365,365,365,365,365,365,365,365,365,365,365,365,365,365,365,365,365,365,365,365,365,365,365,365,365,365,365,365,365,365,365,365,365,365,365,365,365,365,365,365,365,365,365,365,365,365,365,365,365,365,365,365,365,365,365,365,365,365,365,365,365,365,365,365,365,365,365,365,365,365,365,365,365,365,365,365,365,365,365,365,365,365,365,365,365,365,365,365,365,365,365,365,365,365,365,365,365,365,365,365,365,365,365,365,365,365,365,365,365,365,365,365,365,365,365,365,365,365,365,365,365,365,365,365,365,365,365,365,365,365,365,365,365,365,365,365,365,365,365,365,365,365,365,365,365,365,365,365
1,2015,INITIAL_VALUE,0.000000,0.000000,0.000000,0.000000,0.000000,1.244530,0.004435,0.446890,0.780003,0.008498,0.004703,3.407470,0.218732,0.237445,0.060700,0.065063,2.172786,1.517881,2.550095,3.135863,4.914711,6.163977,6.986412,7.475972,0.000000,0.000000,0.000000,0.000000,17658.863281,14426.527344,3232.496826,276.872009,14149.783203,2908.666992,251.822617,51.801205,20.040287,0.000000,4742.758301,1570.963745,611.371338,4131.514648,651.667480,218.241241,119.777298,0.000000,382.882996,101.449837,96.941460,0.000000,23392.939453,18596.513672,2382.109131,1477.063843,937.622314,61.624683,0.010488,4.298457,97.016243,0.000000,0.000000,0.011966,0.000179,0.011787,0.000000,0.000000,0.000000,0.902643,0.000000,0.002638,0.000000,0.000000,0.000000,0.000356,0.000000,0.011389,0.002638,0.000000,0.000000,-0.914032,596800.000000,4.000000,0.203443,298400.000000,2.000000,0.101721,298400.000000,2.000000,0.101721,0.000000,0.000000,0.000000,0.000000,0.000000,0.000000,176551.765625,1.183323,0.060185,298400.000000,2.000000,0.101721,23045696.000000,154.461777,7.856041,1763.947876,0.011823,0.000601,474838.718750,3.182565,0.161868,-2591499.250000,-17.369297,-0.883415,0.000000,0.000000,0.000000,0.000000,0.000000,0.000000,0.000000,0.000000,0.000000,1080.863770,0.007244,0.000368,0.023746,0.000000,0.000000,64.987160,0.000436,0.000022,1355.195557,0.009083,0.000462,0.000000,0.000000,0.000000,0.000000,0.000000,0.000000,0.000000,0.000000,0.000000,0.000000,0.000000,0.000000,0.000000,0.000000,51404079104.000000,42120.683594,17523.123047,42317729792.000000,34675.296875,14425.679688,9086282752.000000,7445.331543,3097.420166,0.000000,0.000000,0.000000,0.000000,0.000000,0.000000,13577246720.000000,11125.243164,4628.343750,3894612736.000000,3191.259277,1327.633423,13497458.000000,11.059864,4.601145,8880.509766,0.007277,0.003027,5687249.500000,4.660152,1.938725,199387728.000000,163.378998,67.969223,0.000000,0.000000,0.000000,0.000000,0.000000,0.000000,0.000000,0.000000,0.000000,384.484924,0.000315,0.000131,0.142911,0.000000,0.000000,413.936615,0.000339,0.000141,17589.812500,0.014413,0.005996,0.000000,0.000000,0.000000,0.000000,0.000000,0.000000,0.000000,0.000000,0.000000,0.000000,0.000000,0.000000,0.000000,0.000000,75649232.000000,514.270752,25.788046,2277237.250000,15.480879,0.776287,73371976.000000,498.789764,25.011753,0.000000,0.000000,0.000000,0.000000,0.000000,0.000000,57819980.000000,393.065826,19.710238,88653760.000000,602.676819,30.221157,7754471.000000,52.715645,2.643420,2612.639404,0.017761,0.000891,673727.937500,4.580068,0.229667,14166178.000000,96.303047,4.829104,0.000000,0.000000,0.000000,0.000000,0.000000,0.000000,0.000000,0.000000,0.000000,232.512421,0.001581,0.000079,0.004604,0.000000,0.000000,50.252789,0.000342,0.000017,1447.947632,0.009843,0.000494,0.000000,0.000000,0.000000,0.000000,0.000000,0.000000,0.000000,0.000000,0.000000,0.000000,0.000000,0.000000,0.000000,0.000000,2806400.000000,4.000000,0.956673,1403200.000000,2.000000,0.478336,1403200.000000,2.000000,0.478336,0.000000,0.000000,0.000000,0.000000,0.000000,0.000000,822105.937500,1.171759,0.280247,1403200.000000,2.000000,0.478336,120124960.000000,171.215744,40.949364,11339.730469,0.016163,0.003866,2761989.750000,3.936702,0.941534,-13913392.000000,-19.830946,-4.742932,0.000000,0.000000,0.000000,0.000000,0.000000,0.000000,0.000000,0.000000,0.000000,5271.010742,0.007513,0.001797,0.200630,0.000000,0.000000,269.094971,0.000384,0.000092,4670.611816,0.006657,0.001592,0.000000,0.000000,0.000000,0.000000,0.000000,0.000000,0.000000,0.000000,0.000000,0.000000,0.000000,0.000000,0.000000,0.000000,321537184.000000,449.576599,109.608719,93.606461,0.000131,0.000032,321537056.000000,449.576416,109.608673,0.000000,0.000000,0.000000,0.000000,0.000000,0.000000,277371136.000000,387.823151,94.552963,623459072.000000,871.726929,212.530792,16344114.000000,22.852509,5.571540,6172.501953,0.008630,0.002104,3011837.000000,4.211181,1.026704,87546568.000000,122.408516,29.843725,0.000000,0.000000,0.000000,0.000000,0.000000,0.000000,0.000000,0.000000,0.000000,768.707581,0.001075,0.000262,0.069744,0.000000,0.000000,244.934433,0.000342,0.000083,8345.463867,0.011669,0.002845,0.000000,0.000000,0.000000,0.000000,0.000000,0.000000,0.000000,0.000000,0.000000,0.000000,0.000000,0.000000,0.000000,0.000000,66268921856.000000,23782.990234,22590.394531,2354106368.000000,16003.442383,802.490662
1,2015,FINAL_VALUE,0.000000,0.000000,0.000000,0.000000,0.000000,1.815107,0.010323,0.510967,1.261020,0.024328,0.008468,4.605279,0.225904,0.266749,0.079419,0.070592,2.172786,1.560065,2.550095,2.964652,4.541225,5.913532,6.827633,7.376779,0.000000,0.000000,0.000000,0.000000,17668.367188,14433.022461,3235.474121,276.874817,14156.352539,2911.456543,251.996567,51.810917,20.041004,0.000000,4736.812500,1575.807495,610.939331,4126.015137,650.982666,218.938248,121.263977,0.000000,382.323029,101.898979,100.409981,0.000000,23507.896484,18729.857422,2371.335693,1474.161133,933.294006,63.904327,0.010415,4.421933,102.293617,0.000000,0.000000,0.011602,0.000174,0.011428,0.000000,0.000000,0.000000,0.882299,0.000000,0.003442,0.000000,0.000000,0.000000,0.000523,0.000000,0.018483,0.003442,0.000000,0.000000,-0.900782,596800.000000,4.000000,0.203443,298400.000000,2.000000,0.101721,298400.000000,2.000000,0.101721,0.000000,0.000000,0.000000,0.000000,0.000000,0.000000,174795.203125,1.171550,0.059586,298400.000000,2.000000,0.101721,23686560.000000,158.757111,8.074505,1738.198608,0.011650,0.000593,485697.593750,3.255346,0.165569,-1852576.500000,-12.416733,-0.631524,0.000000,0.000000,0.000000,0.000000,0.000000,0.000000,0.000000,0.000000,0.000000,1346.174805,0.009023,0.000459,0.026452,0.000000,0.000000,87.599411,0.000587,0.000030,2075.437256,0.013910,0.000707,0.000000,0.000000,0.000000,0.000000,0.000000,0.000000,0.000000,0.000000,0.000000,0.000000,0.000000,0.000000,0.000000,0.000000,51431399424.000000,42143.066406,17532.435547,42336784384.000000,34690.906250,14432.174805,9094478848.000000,7452.047852,3100.214600,0.000000,0.000000,0.000000,0.000000,0.000000,0.000000,13557711872.000000,11109.236328,4621.684570,3900204800.000000,3195.841309,1329.539673,14837380.000000,12.157801,5.057910,8843.320313,0.007246,0.003015,5841162.000000,4.786269,1.991192,205592976.000000,168.463593,70.084534,0.000000,0.000000,0.000000,0.000000,0.000000,0.000000,0.000000,0.000000,0.000000,661.668518,0.000542,0.000226,0.158579,0.000000,0.000000,670.878845,0.000550,0.000229,30687.896484,0.025146,0.010461,0.000000,0.000000,0.000000,0.000000,0.000000,0.000000,0.000000,0.000000,0.000000,0.000000,0.000000,0.000000,0.000000,0.000000,76013136.000000,516.744629,25.912098,2277237.750000,15.480882,0.776287,73735880.000000,501.263641,25.135803,0.000000,0.000000,0.000000,0.000000,0.000000,0.000000,54611576.000000,371.254761,18.616524,84756560.000000,576.183289,28.892641,8241001.000000,56.023117,2.809273,2637.230225,0.017928,0.000899,684674.500000,4.654483,0.233398,14496903.000000,98.551346,4.941845,0.000000,0.000000,0.000000,0.000000,0.000000,0.000000,0.000000,0.000000,0.000000,359.011139,0.002441,0.000122,0.007200,0.000000,0.000000,80.727867,0.000549,0.000028,2478.064453,0.016846,0.000845,0.000000,0.000000,0.000000,0.000000,0.000000,0.000000,0.000000,0.000000,0.000000,0.000000,0.000000,0.000000,0.000000,0.000000,2806400.000000,4.000000,0.956673,1403200.000000,2.000000,0.478336,1403200.000000,2.000000,0.478336,0.000000,0.000000,0.000000,0.000000,0.000000,0.000000,813959.375000,1.160147,0.277470,1403200.000000,2.000000,0.478336,123714872.000000,176.332489,42.173130,11196.181641,0.015958,0.003817,2840221.000000,4.048205,0.968202,-9657754.000000,-13.765327,-3.292229,0.000000,0.000000,0.000000,0.000000,0.000000,0.000000,0.000000,0.000000,0.000000,6614.645508,0.009428,0.002255,0.245340,0.000000,0.000000,364.656647,0.000520,0.000124,7255.274414,0.010341,0.002473,0.000000,0.000000,0.000000,0.000000,0.000000,0.000000,0.000000,0.000000,0.000000,0.000000,0.000000,0.000000,0.000000,0.000000,321707840.000000,449.815216,109.666901,19.035826,0.000027,0.000006,321707840.000000,449.815216,109.666901,0.000000,0.000000,0.000000,0.000000,0.000000,0.000000,282699616.000000,395.273529,96.369400,636004672.000000,889.268250,216.807449,16986546.000000,23.750765,5.790539,6138.612793,0.008583,0.002093,3119967.500000,4.362371,1.063565,91497504.000000,127.932755,31.190559,0.000000,0.000000,0.000000,0.000000,0.000000,0.000000,0.000000,0.000000,0.000000,1116.591797,0.001561,0.000381,0.073068,0.000000,0.000000,331.735077,0.000464,0.000113,11723.498047,0.016392,0.003996,0.000000,0.000000,0.000000,0.000000,0.000000,0.000000,0.000000,0.000000,0.000000,0.000000,0.000000,0.000000,0.000000,0.000000,66595966976.000000,23900.361328,22701.880859,2364432896.000000,16073.643555,806.010925
1,2015,ANNUAL_DELTA,0.000000,0.000000,0.000000,0.000000,0.000000,0.570577,0.005888,0.064077,0.481018,0.015830,0.003765,1.197810,0.007172,0.029304,0.018719,0.005530,0.000000,0.042184,0.000000,-0.171210,-0.373486,-0.250445,-0.158779,-0.099193,0.000000,0.000000,0.000000,0.000000,9.503906,6.495117,2.977295,0.002808,6.569336,2.789551,0.173950,0.009712,0.000717,0.000000,-5.945801,4.843750,-0.432007,-5.499512,-0.684814,0.697006,1.486679,0.000000,-0.559967,0.449142,3.468521,0.000000,114.957031,133.343750,-10.773438,-2.902710,-4.328308,2.279644,-0.000074,0.123477,5.277374,0.000000,0.000000,-0.000365,-0.000005,-0.000359,0.000000,0.000000,0.000000,-0.020344,0.000000,0.000805,0.000000,0.000000,0.000000,0.000168,0.000000,0.007094,0.000805,0.000000,0.000000,0.013249,0.000000,0.000000,0.000000,0.000000,0.000000,0.000000,0.000000,0.000000,0.000000,0.000000,0.000000,0.000000,0.000000,0.000000,0.000000,-1756.562500,-0.011773,-0.000599,0.000000,0.000000,0.000000,640864.000000,4.295334,0.218463,-25.749268,-0.000173,-0.000009,10858.875000,0.072781,0.003702,738922.750000,4.952564,0.251891,0.000000,0.000000,0.000000,0.000000,0.000000,0.000000,0.000000,0.000000,0.000000,265.311035,0.001778,0.000090,0.002706,0.000000,0.000000,22.612251,0.000152,0.000008,720.241699,0.004827,0.000246,0.000000,0.000000,0.000000,0.000000,0.000000,0.000000,0.000000,0.000000,0.000000,0.000000,0.000000,0.000000,0.000000,0.000000,27320320.000000,22.382813,9.312500,19054592.000000,15.609375,6.495117,8196096.000000,6.716309,2.794434,0.000000,0.000000,0.000000,0.000000,0.000000,0.000000,-19534848.000000,-16.006836,-6.659180,5592064.000000,4.582031,1.906250,1339922.000000,1.097937,0.456766,-37.189453,-0.000030,-0.000013,153912.500000,0.126117,0.052467,6205248.000000,5.084595,2.115311,0.000000,0.000000,0.000000,0.000000,0.000000,0.000000,0.000000,0.000000,0.000000,277.183594,0.000227,0.000094,0.015668,0.000000,0.000000,256.942230,0.000211,0.000088,13098.083984,0.010733,0.004465,0.000000,0.000000,0.000000,0.000000,0.000000,0.000000,0.000000,0.000000,0.000000,0.000000,0.000000,0.000000,0.000000,0.000000,363904.000000,2.473877,0.124052,0.500000,0.000003,0.000000,363904.000000,2.473877,0.124050,0.000000,0.000000,0.000000,0.000000,0.000000,0.000000,-3208404.000000,-21.811066,-1.093714,-3897200.000000,-26.493530,-1.328516,486530.000000,3.307472,0.165853,24.590820,0.000167,0.000008,10946.562500,0.074416,0.003732,330725.000000,2.248299,0.112741,0.000000,0.000000,0.000000,0.000000,0.000000,0.000000,0.000000,0.000000,0.000000,126.498718,0.000860,0.000043,0.002597,0.000000,0.000000,30.475079,0.000207,0.000010,1030.116821,0.007003,0.000351,0.000000,0.000000,0.000000,0.000000,0.000000,0.000000,0.000000,0.000000,0.000000,0.000000,0.000000,0.000000,0.000000,0.000000,0.000000,0.000000,0.000000,0.000000,0.000000,0.000000,0.000000,0.000000,0.000000,0.000000,0.000000,0.000000,0.000000,0.000000,0.000000,-8146.562500,-0.011611,-0.002777,0.000000,0.000000,0.000000,3589912.000000,5.116745,1.223766,-143.548828,-0.000205,-0.000049,78231.250000,0.111504,0.026668,4255638.000000,6.065619,1.450703,0.000000,0.000000,0.000000,0.000000,0.000000,0.000000,0.000000,0.000000,0.000000,1343.634766,0.001915,0.000458,0.044709,0.000000,0.000000,95.561676,0.000136,0.000033,2584.662598,0.003684,0.000881,0.000000,0.000000,0.000000,0.000000,0.000000,0.000000,0.000000,0.000000,0.000000,0.000000,0.000000,0.000000,0.000000,0.000000,170656.000000,0.238617,0.058182,-74.570635,-0.000104,-0.000025,170784.000000,0.238800,0.058228,0.000000,0.000000,0.000000,0.000000,0.000000,0.000000,5328480.000000,7.450378,1.816437,12545600.000000,17.541321,4.276657,642432.000000,0.898256,0.218999,-33.889160,-0.000047,-0.000012,108130.500000,0.151190,0.036861,3950936.000000,5.524239,1.346834,0.000000,0.000000,0.000000,0.000000,0.000000,0.000000,0.000000,0.000000,0.000000,347.884216,0.000486,0.000119,0.003325,0.000000,0.000000,86.800644,0.000121,0.000030,3378.034180,0.004723,0.001152,0.000000,0.000000,0.000000,0.000000,0.000000,0.000000,0.000000,0.000000,0.000000,0.000000,0.000000,0.000000,0.000000,0.000000,327045120.000000,117.371094,111.486328,10326528.000000,70.201172,3.520264
1,2015,MIN_VALUE,0.000000,0.000000,0.000000,0.000000,0.000000,0.054081,0.000041,0.018755,0.016081,0.001309,0.002576,0.089387,0.064908,0.056216,0.032069,0.054948,1.887881,0.908707,0.599823,2.345004,4.541225,5.913532,6.827633,7.376779,0.000000,0.000000,0.000000,0.000000,17658.863281,14426.527344,3232.496826,276.872009,14149.783203,2908.666992,251.822617,51.801205,20.040287,0.000000,4495.907715,1400.021973,542.439026,3953.500977,606.166382,213.136993,119.011520,0.000000,280.213135,87.107704,94.139969,0.000000,23392.939453,18596.513672,2371.335693,1474.161133,933.294006,61.279163,0.010415,4.298457,97.016243,0.000000,0.000000,0.011602,0.000174,0.011428,0.000000,0.000000,0.000000,0.840837,0.000000,0.000395,0.000000,0.000000,0.000000,0.000032,0.000000,0.000885,0.000395,0.000000,0.000000,-1.458887,596800.000000,4.000000,0.203443,298400.000000,2.000000,0.101721,298400.000000,2.000000,0.101721,0.000000,0.000000,0.000000,0.000000,0.000000,0.000000,174795.203125,1.171550,0.059586,298400.000000,2.000000,0.101721,22904754.000000,153.517105,7.807995,1738.198608,0.011650,0.000593,472634.656250,3.167793,0.161116,-2591499.250000,-17.369297,-0.883415,0.000000,0.000000,0.000000,0.000000,0.000000,0.000000,0.000000,0.000000,0.000000,153.295410,0.001027,0.000052,0.015847,0.000000,0.000000,7.386647,0.000050,0.000003,130.184402,0.000873,0.000044,0.000000,0.000000,0.000000,0.000000,0.000000,0.000000,0.000000,0.000000,0.000000,0.000000,0.000000,0.000000,0.000000,0.000000,51404079104.000000,42120.683594,17523.123047,42317729792.000000,34675.296875,14425.679688,9086282752.000000,7445.331543,3097.420166,0.000000,0.000000,0.000000,0.000000,0.000000,0.000000,12857968640.000000,10535.864258,4383.149414,3624309504.000000,2969.771973,1235.489868,13210800.000000,10.824975,4.503426,8836.165039,0.007240,0.003012,5687249.500000,4.660152,1.938725,199359120.000000,163.355560,67.959480,0.000000,0.000000,0.000000,0.000000,0.000000,0.000000,0.000000,0.000000,0.000000,37.592701,0.000031,0.000013,0.130344,0.000000,0.000000,17.802719,0.000015,0.000006,843.704407,0.000691,0.000288,0.000000,0.000000,0.000000,0.000000,0.000000,0.000000,0.000000,0.000000,0.000000,0.000000,0.000000,0.000000,0.000000,0.000000,75649232.000000,514.270752,25.788046,2277237.250000,15.480879,0.776287,73371976.000000,498.789764,25.011753,0.000000,0.000000,0.000000,0.000000,0.000000,0.000000,38452000.000000,261.400421,13.107892,65931024.000000,448.205475,22.475208,7689177.500000,52.271770,2.621161,2612.639404,0.017761,0.000891,666889.125000,4.533576,0.227336,13940766.000000,94.770668,4.752264,0.000000,0.000000,0.000000,0.000000,0.000000,0.000000,0.000000,0.000000,0.000000,0.958505,0.000007,0.000000,0.003166,0.000000,0.000000,0.157952,0.000001,0.000000,5.495336,0.000037,0.000002,0.000000,0.000000,0.000000,0.000000,0.000000,0.000000,0.000000,0.000000,0.000000,0.000000,0.000000,0.000000,0.000000,0.000000,2806400.000000,4.000000,0.956673,1403200.000000,2.000000,0.478336,1403200.000000,2.000000,0.478336,0.000000,0.000000,0.000000,0.000000,0.000000,0.000000,813959.375000,1.160147,0.277470,1403200.000000,2.000000,0.478336,119630760.000000,170.511353,40.780899,11196.181641,0.015958,0.003817,2761989.750000,3.936702,0.941534,-13913392.000000,-19.830946,-4.742932,0.000000,0.000000,0.000000,0.000000,0.000000,0.000000,0.000000,0.000000,0.000000,915.749146,0.001305,0.000312,0.118818,0.000000,0.000000,39.902077,0.000057,0.000014,550.596069,0.000785,0.000188,0.000000,0.000000,0.000000,0.000000,0.000000,0.000000,0.000000,0.000000,0.000000,0.000000,0.000000,0.000000,0.000000,0.000000,321537184.000000,449.576599,109.608719,19.035826,0.000027,0.000006,321537056.000000,449.576416,109.608673,0.000000,0.000000,0.000000,0.000000,0.000000,0.000000,230163568.000000,321.817078,78.460396,354312736.000000,495.403687,120.781563,14087352.000000,19.697081,4.802233,6122.921387,0.008561,0.002087,3011837.000000,4.211181,1.026704,87546568.000000,122.408516,29.843725,0.000000,0.000000,0.000000,0.000000,0.000000,0.000000,0.000000,0.000000,0.000000,45.864899,0.000064,0.000016,0.062752,0.000000,0.000000,16.929911,0.000024,0.000006,596.395691,0.000834,0.000203,0.000000,0.000000,0.000000,0.000000,0.000000,0.000000,0.000000,0.000000,0.000000,0.000000,0.000000,0.000000,0.000000,0.000000,66268909568.000000,23782.984375,22590.390625,2354106368.000000,16003.442383,802.490662
1,2015,MIN_VALUE_JDAY,1.000000,1.000000,1.000000,1.000000,1.000000,166.000000,166.000000,167.000000,206.000000,303.000000,313.000000,200.000000,166.000000,205.000000,297.000000,302.000000,333.000000,202.000000,333.000000,333.000000,365.000000,365.000000,365.000000,365.000000,1.000000,1.000000,1.000000,1.000000,1.000000,1.000000,1.000000,1.000000,1.000000,1.000000,1.000000,1.000000,1.000000,1.000000,349.000000,262.000000,347.000000,349.000000,262.000000,262.000000,349.000000,1.000000,262.000000,349.000000,349.000000,1.000000,1.000000,1.000000,365.000000,365.000000,365.000000,147.000000,359.000000,1.000000,1.000000,1.000000,1.000000,365.000000,365.000000,365.000000,1.000000,1.000000,1.000000,333.000000,1.000000,205.000000,1.000000,207.000000,1.000000,205.000000,1.000000,170.000000,205.000000,1.000000,1.000000,263.000000,1.000000,1.000000,1.000000,1.000000,1.000000,1.000000,1.000000,1.000000,1.000000,1.000000,1.000000,1.000000,1.000000,1.000000,1.000000,365.000000,365.000000,365.000000,1.000000,1.000000,1.000000,97.000000,97.000000,97.000000,365.000000,365.000000,365.000000,124.000000,124.000000,124.000000,1.000000,1.000000,1.000000,1.000000,1.000000,1.000000,1.000000,1.000000,1.000000,1.000000,1.000000,1.000000,206.000000,206.000000,206.000000,303.000000,303.000000,303.000000,207.000000,207.000000,207.000000,226.000000,226.000000,226.000000,1.000000,1.000000,1.000000,1.000000,1.000000,1.000000,1.000000,1.000000,1.000000,1.000000,1.000000,1.000000,1.000000,1.000000,1.000000,1.000000,1.000000,1.000000,1.000000,1.000000,1.000000,1.000000,1.000000,1.000000,1.000000,1.000000,1.000000,1.000000,1.000000,349.000000,349.000000,349.000000,349.000000,349.000000,349.000000,122.000000,122.000000,122.000000,349.000000,349.000000,349.000000,1.000000,1.000000,1.000000,4.000000,4.000000,4.000000,1.000000,1.000000,1.000000,1.000000,1.000000,1.000000,1.000000,1.000000,1.000000,205.000000,205.000000,205.000000,207.000000,207.000000,207.000000,207.000000,207.000000,207.000000,207.000000,207.000000,207.000000,1.000000,1.000000,1.000000,1.000000,1.000000,1.000000,1.000000,1.000000,1.000000,1.000000,1.000000,1.000000,1.000000,1.000000,1.000000,1.000000,1.000000,1.000000,1.000000,1.000000,1.000000,1.000000,1.000000,1.000000,1.000000,1.000000,1.000000,1.000000,1.000000,262.000000,262.000000,262.000000,262.000000,262.000000,262.000000,154.000000,154.000000,154.000000,1.000000,1.000000,1.000000,119.000000,119.000000,119.000000,116.000000,116.000000,116.000000,1.000000,1.000000,1.000000,1.000000,1.000000,1.000000,1.000000,1.000000,1.000000,224.000000,224.000000,224.000000,301.000000,301.000000,301.000000,226.000000,226.000000,226.000000,226.000000,226.000000,226.000000,1.000000,1.000000,1.000000,1.000000,1.000000,1.000000,1.000000,1.000000,1.000000,1.000000,1.000000,1.000000,1.000000,1.000000,1.000000,1.000000,1.000000,1.000000,1.000000,1.000000,1.000000,1.000000,1.000000,1.000000,1.000000,1.000000,1.000000,1.000000,1.000000,365.000000,365.000000,365.000000,1.000000,1.000000,1.000000,85.000000,85.000000,85.000000,365.000000,365.000000,365.000000,1.000000,1.000000,1.000000,1.000000,1.000000,1.000000,1.000000,1.000000,1.000000,1.000000,1.000000,1.000000,1.000000,1.000000,1.000000,205.000000,205.000000,205.000000,280.000000,280.000000,280.000000,205.000000,205.000000,205.000000,206.000000,206.000000,206.000000,1.000000,1.000000,1.000000,1.000000,1.000000,1.000000,1.000000,1.000000,1.000000,1.000000,1.000000,1.000000,1.000000,1.000000,1.000000,1.000000,1.000000,365.000000,365.000000,365.000000,1.000000,1.000000,1.000000,1.000000,1.000000,1.000000,1.000000,1.000000,1.000000,121.000000,121.000000,121.000000,262.000000,262.000000,262.000000,262.000000,262.000000,262.000000,262.000000,262.000000,262.000000,1.000000,1.000000,1.000000,1.000000,1.000000,1.000000,1.000000,1.000000,1.000000,1.000000,1.000000,1.000000,1.000000,1.000000,1.000000,225.000000,225.000000,225.000000,297.000000,297.000000,297.000000,167.000000,167.000000,167.000000,167.000000,167.000000,167.000000,1.000000,1.000000,1.000000,1.000000,1.000000,1.000000,1.000000,1.000000,1.000000,1.000000,1.000000,1.000000,1.000000,1.000000,2.000000,2.000000,2.000000,1.000000,1.000000,1.000000
1,2015,MAX_VALUE,2.835070,0.000000,0.000000,0.000000,55.384491,8.006802,2.773859,3.137905,2.720172,0.025951,0.008521,8.154878,0.309979,0.289445,0.079451,0.070804,10.398540,3.837680,26.692421,22.131920,16.012018,12.111950,10.275630,9.340597,0.006582,0.000000,0.000000,0.000000,18052.908203,14681.586914,3431.781250,356.591705,14333.569336,2971.614990,369.326050,67.576263,26.443619,0.000000,4742.758301,1575.807495,611.371338,4131.514648,651.667480,218.938248,121.263977,0.000000,382.882996,101.898979,100.409981,0.000000,23508.058594,18729.859375,2382.109131,1477.063843,937.622314,63.904327,0.010488,4.421933,102.293617,0.000000,0.000000,0.035115,0.000527,0.034588,5.960187,0.077008,0.077008,2.431088,0.000000,0.007128,0.000000,0.000000,0.000000,0.001078,0.000000,0.038416,0.007128,0.000000,0.000000,4.279413,596800.000000,4.000000,0.203443,298400.000000,2.000000,0.101721,298400.000000,2.000000,0.101721,0.000000,0.000000,0.000000,0.000000,0.000000,0.000000,176551.765625,1.183323,0.060185,298400.000000,2.000000,0.101721,24041632.000000,161.136948,8.195545,1763.947876,0.011823,0.000601,486848.250000,3.263058,0.165962,-1852576.500000,-12.416733,-0.631524,0.000000,0.000000,0.000000,0.000000,0.000000,0.000000,0.000000,0.000000,0.000000,2881.168457,0.019311,0.000982,0.032124,0.000000,0.000000,168.088562,0.001127,0.000057,3685.130371,0.024699,0.001256,0.000000,0.000000,0.000000,0.000000,0.000000,0.000000,0.000000,0.000000,0.000000,0.000000,0.000000,0.000000,0.000000,0.000000,52437577728.000000,42967.535156,17875.431641,43055452160.000000,35279.789063,14677.161133,9381937152.000000,7687.591797,3198.205811,0.000000,0.000000,0.000000,0.000000,0.000000,0.000000,13577246720.000000,11125.243164,4628.343750,3900204800.000000,3195.841309,1329.539673,14837380.000000,12.157801,5.057910,8880.831055,0.007277,0.003027,5854193.000000,4.796946,1.995634,207677152.000000,170.171371,70.795006,9784016.000000,8.017056,3.335270,74420.218750,0.060980,0.025369,74420.203125,0.060980,0.025369,1364.764771,0.001118,0.000465,0.159625,0.000000,0.000000,1425.577881,0.001168,0.000486,67689.632813,0.055465,0.023075,0.000000,0.000000,0.000000,0.000000,0.000000,0.000000,0.000000,0.000000,0.000000,0.000000,0.000000,0.000000,0.000000,0.000000,124298528.000000,844.993347,42.372089,23662586.000000,160.860550,8.066333,100636008.000000,684.133301,34.305779,0.000000,0.000000,0.000000,0.000000,0.000000,0.000000,57819980.000000,393.065826,19.710238,88653760.000000,602.676819,30.221157,8241001.000000,56.023117,2.809273,2637.230225,0.017928,0.000899,689655.562500,4.688345,0.235096,14668634.000000,99.718796,5.000387,1347709.375000,9.161859,0.459420,19344.191406,0.131504,0.006594,19344.189453,0.131504,0.006594,837.514587,0.005694,0.000286,0.010473,0.000000,0.000000,147.551208,0.001003,0.000050,4254.798828,0.028925,0.001450,0.000000,0.000000,0.000000,0.000000,0.000000,0.000000,0.000000,0.000000,0.000000,0.000000,0.000000,0.000000,0.000000,0.000000,2806400.000000,4.000000,0.956673,1403200.000000,2.000000,0.478336,1403200.000000,2.000000,0.478336,0.000000,0.000000,0.000000,0.000000,0.000000,0.000000,822105.937500,1.171759,0.280247,1403200.000000,2.000000,0.478336,125290584.000000,178.578369,42.710274,11339.730469,0.016163,0.003866,2840221.000000,4.048205,0.968202,-9657754.000000,-13.765327,-3.292229,0.000000,0.000000,0.000000,0.000000,0.000000,0.000000,0.000000,0.000000,0.000000,13916.821289,0.019836,0.004744,0.260105,0.000000,0.000000,679.767883,0.000969,0.000232,12397.506836,0.017670,0.004226,0.000000,0.000000,0.000000,0.000000,0.000000,0.000000,0.000000,0.000000,0.000000,0.000000,0.000000,0.000000,0.000000,0.000000,743938496.000000,1040.182495,253.600983,100529144.000000,140.560883,34.269352,682007680.000000,953.590210,232.489410,0.000000,0.000000,0.000000,0.000000,0.000000,0.000000,282699616.000000,395.273529,96.369400,636004672.000000,889.268250,216.807449,18777118.000000,26.254358,6.400926,6184.119141,0.008647,0.002108,3119967.500000,4.362371,1.063565,91497504.000000,127.932755,31.190559,12422939.000000,17.369881,4.234852,178311.578125,0.249317,0.060785,178311.125000,0.249316,0.060784,2203.889160,0.003082,0.000751,0.084663,0.000000,0.000000,755.220276,0.001056,0.000257,26452.312500,0.036986,0.009017,0.000000,0.000000,0.000000,0.000000,0.000000,0.000000,3492109.500000,4.882703,1.190424,7152.000000,103000.937500,0.144017,0.035112,7152.000000,66596704256.000000,23900.625000,22702.132813,2364432896.000000,16073.643555,806.010925
1,2015,MAX_VALUE_JDAY,74.000000,1.000000,1.000000,1.000000,74.000000,342.000000,74.000000,343.000000,345.000000,360.000000,364.000000,345.000000,342.000000,345.000000,364.000000,362.000000,200.000000,242.000000,200.000000,200.000000,187.000000,187.000000,187.000000,187.000000,241.000000,1.000000,1.000000,1.000000,258.000000,349.000000,262.000000,152.000000,349.000000,262.000000,262.000000,349.000000,349.000000,1.000000,1.000000,365.000000,1.000000,1.000000,1.000000,365.000000,365.000000,1.000000,1.000000,365.000000,365.000000,1.000000,345.000000,363.000000,1.000000,1.000000,1.000000,365.000000,2.000000,365.000000,365.000000,1.000000,1.000000,226.000000,226.000000,226.000000,125.000000,125.000000,125.000000,241.000000,1.000000,344.000000,1.000000,357.000000,1.000000,345.000000,1.000000,345.000000,344.000000,1.000000,1.000000,125.000000,1.000000,1.000000,1.000000,1.000000,1.000000,1.000000,1.000000,1.000000,1.000000,1.000000,1.000000,1.000000,1.000000,1.000000,1.000000,1.000000,1.000000,1.000000,1.000000,1.000000,1.000000,318.000000,318.000000,318.000000,1.000000,1.000000,1.000000,345.000000,345.000000,345.000000,365.000000,365.000000,365.000000,1.000000,1.000000,1.000000,1.000000,1.000000,1.000000,1.000000,1.000000,1.000000,344.000000,344.000000,344.000000,344.000000,344.000000,344.000000,345.000000,345.000000,345.000000,345.000000,345.000000,345.000000,1.000000,1.000000,1.000000,1.000000,1.000000,1.000000,1.000000,1.000000,1.000000,1.000000,1.000000,1.000000,1.000000,1.000000,349.000000,349.000000,349.000000,349.000000,349.000000,349.000000,349.000000,349.000000,349.000000,1.000000,1.000000,1.000000,1.000000,1.000000,1.000000,1.000000,1.000000,1.000000,365.000000,365.000000,365.000000,365.000000,365.000000,365.000000,2.000000,2.000000,2.000000,340.000000,340.000000,340.000000,317.000000,317.000000,317.000000,318.000000,318.000000,318.000000,318.000000,318.000000,318.000000,318.000000,318.000000,318.000000,343.000000,343.000000,343.000000,360.000000,360.000000,360.000000,345.000000,345.000000,345.000000,343.000000,343.000000,343.000000,1.000000,1.000000,1.000000,1.000000,1.000000,1.000000,1.000000,1.000000,1.000000,1.000000,1.000000,1.000000,1.000000,1.000000,262.000000,262.000000,262.000000,262.000000,262.000000,262.000000,262.000000,262.000000,262.000000,1.000000,1.000000,1.000000,1.000000,1.000000,1.000000,1.000000,1.000000,1.000000,1.000000,1.000000,1.000000,365.000000,365.000000,365.000000,365.000000,365.000000,365.000000,336.000000,336.000000,336.000000,337.000000,337.000000,337.000000,125.000000,125.000000,125.000000,125.000000,125.000000,125.000000,125.000000,125.000000,125.000000,343.000000,343.000000,343.000000,75.000000,75.000000,75.000000,343.000000,343.000000,343.000000,343.000000,343.000000,343.000000,1.000000,1.000000,1.000000,1.000000,1.000000,1.000000,1.000000,1.000000,1.000000,1.000000,1.000000,1.000000,1.000000,1.000000,1.000000,1.000000,1.000000,1.000000,1.000000,1.000000,1.000000,1.000000,1.000000,1.000000,1.000000,1.000000,1.000000,1.000000,1.000000,1.000000,1.000000,1.000000,1.000000,1.000000,1.000000,312.000000,312.000000,312.000000,1.000000,1.000000,1.000000,365.000000,365.000000,365.000000,365.000000,365.000000,365.000000,1.000000,1.000000,1.000000,1.000000,1.000000,1.000000,1.000000,1.000000,1.000000,343.000000,343.000000,343.000000,347.000000,347.000000,347.000000,345.000000,345.000000,345.000000,346.000000,346.000000,346.000000,1.000000,1.000000,1.000000,1.000000,1.000000,1.000000,1.000000,1.000000,1.000000,1.000000,1.000000,1.000000,1.000000,1.000000,258.000000,258.000000,258.000000,152.000000,152.000000,152.000000,262.000000,262.000000,262.000000,1.000000,1.000000,1.000000,1.000000,1.000000,1.000000,365.000000,365.000000,365.000000,365.000000,365.000000,365.000000,108.000000,108.000000,108.000000,107.000000,107.000000,107.000000,365.000000,365.000000,365.000000,365.000000,365.000000,365.000000,125.000000,125.000000,125.000000,125.000000,125.000000,125.000000,125.000000,125.000000,125.000000,345.000000,345.000000,345.000000,75.000000,75.000000,75.000000,343.000000,343.000000,343.000000,343.000000,343.000000,343.000000,1.000000,1.000000,1.000000,1.000000,1.000000,1.000000,122.000000,122.000000,122.000000,122.000000,153.000000,153.000000,153.000000,61.000000,306.000000,306.000000,306.000000,365.000000,365.000000,365.000000
1,2015,ANNUAL_SUM,28.791739,0.000000,0.000000,0.000000,1000.089979,311.980634,51.967894,114.885257,112.799134,2.093507,1.443106,546.859649,57.187072,53.048818,18.961790,22.159445,1740.023124,782.414379,4805.569409,4356.722656,3894.675230,3451.233561,3237.647082,3128.272573,0.202855,0.000000,0.000000,0.000000,6538031.572266,5319497.127930,1218601.183838,119334.727692,5200116.989258,1073617.666016,113936.395325,22454.586147,8573.437508,0.000000,1682012.875488,537974.766235,207533.750977,1474523.944824,228822.342590,78412.975189,43562.105682,0.000000,118936.802612,33438.166229,34804.501236,0.000000,8558688.779297,6811255.328125,867534.832520,538596.639160,341442.652161,22777.842709,3.812719,1591.182781,36397.162056,0.000000,0.000000,8.281953,0.124229,8.157720,588.166066,6.065065,6.065066,529.150134,0.000000,0.549434,0.000000,0.000048,0.000000,0.062957,0.000000,2.028507,0.549482,0.000000,0.000000,56.987426,217832000.000000,1460.000000,74.256692,108916000.000000,730.000000,37.128346,108916000.000000,730.000000,37.128346,0.000000,0.000000,0.000000,0.000000,0.000000,0.000000,64122410.875000,429.774872,21.858671,108916000.000000,730.000000,37.128346,8532612026.000000,57189.088760,2908.679739,639055.671509,4.283215,0.217848,174382939.156250,1168.786457,59.445352,-862116367.125000,-5778.259824,-293.886609,0.000000,0.000000,0.000000,0.000000,0.000000,0.000000,0.000000,0.000000,0.000000,205927.181931,1.380209,0.070198,7.076360,0.000047,0.000002,11034.905343,0.073960,0.003762,215241.665085,1.442639,0.073374,0.000000,0.000000,0.000000,0.000000,0.000000,0.000000,0.000000,0.000000,0.000000,0.000000,0.000000,0.000000,0.000000,0.000000,18961105891328.000000,15536796.027344,6463646.123047,15587794833408.000000,12772693.203125,5313719.042969,3373330885632.000000,2764119.046387,1149933.826416,0.000000,0.000000,0.000000,0.000000,0.000000,0.000000,4820619204608.000000,3950032.117188,1643299.539063,1367811491840.000000,1120789.489258,466272.879639,5014568171.000000,4108.954587,1709.414755,3232531.364258,2.648747,1.101937,2108848352.500000,1727.997665,718.884726,74299591920.000000,60881.343643,25327.967201,1033518928.171875,846.868997,352.315979,7861252.421997,6.441538,2.679820,7861252.234741,6.441537,2.679820,72886.897648,0.059724,0.024846,51.453088,0.000042,0.000018,65071.106422,0.053319,0.022182,2993773.234070,2.453108,1.020547,0.000000,0.000000,0.000000,0.000000,0.000000,0.000000,0.000000,0.000000,0.000000,0.000000,0.000000,0.000000,0.000000,0.000000,36088943768.000000,245336.119751,12302.349997,4549199301.000000,30925.896036,1550.775286,31539745080.000000,214410.231049,10751.574982,0.000000,0.000000,0.000000,0.000000,0.000000,0.000000,17285498296.000000,117508.485992,5892.448726,27622397160.000000,187779.722443,9416.191311,2883261050.500000,19600.686958,982.874059,957123.113770,6.506615,0.326273,246518328.812500,1675.855395,84.035565,5188638963.000000,35272.868553,1768.753689,48649411.195923,330.723395,16.584084,698283.601504,4.746999,0.238038,698283.606692,4.746999,0.238038,42726.035457,0.290456,0.014565,1.578290,0.000011,0.000001,8128.235724,0.055257,0.002771,231630.848927,1.574649,0.078961,0.000000,0.000000,0.000000,0.000000,0.000000,0.000000,0.000000,0.000000,0.000000,0.000000,0.000000,0.000000,0.000000,0.000000,1024336000.000000,1460.000000,349.185611,512168000.000000,730.000000,174.592806,512168000.000000,730.000000,174.592806,0.000000,0.000000,0.000000,0.000000,0.000000,0.000000,298605764.750000,425.606849,101.791636,512168000.000000,730.000000,174.592806,44540351400.000000,63483.967026,15183.347996,4112778.797852,5.861999,1.402004,1019893736.500000,1453.668380,347.671292,-4517849744.000000,-6439.352567,-1540.088547,0.000000,0.000000,0.000000,0.000000,0.000000,0.000000,0.000000,0.000000,0.000000,1142354.699768,1.628214,0.389417,57.606082,0.000082,0.000020,51940.557186,0.074032,0.017706,814185.820984,1.160470,0.277548,0.000000,0.000000,0.000000,0.000000,0.000000,0.000000,0.000000,0.000000,0.000000,0.000000,0.000000,0.000000,0.000000,0.000000,181718001504.000000,254079.980865,61945.798988,12298340266.214247,17195.665947,4192.377811,169419604544.000000,236884.234009,57753.401466,0.000000,0.000000,0.000000,0.000000,0.000000,0.000000,96110646192.000000,134382.894409,32763.131454,182103230720.000000,254618.611420,62077.119621,5847649895.000000,8176.244274,1993.403751,2243723.590332,3.137197,0.764862,1118112667.750000,1563.356639,381.153117,32662818168.000000,45669.488541,11134.419014,643216947.675308,899.352556,219.266047,9232338.298502,12.908750,3.147209,9232337.625407,12.908749,3.147209,147877.122162,0.206763,0.050410,24.483653,0.000034,0.000008,48508.543415,0.067825,0.016536,1695798.882996,2.371083,0.578080,0.000000,0.000000,0.000000,0.000000,0.000000,0.000000,13968438.000000,19.530813,4.761697,28608.000000,782284.211833,1.093798,0.266673,100128.000000,24245509615616.000000,8701374.410156,8265045.044922,861345740544.000000,5855511.496094,293623.910583
1,2015,ANNUAL_AVERAGE,0.078881,0.000000,0.000000,0.000000,2.739973,0.854741,0.142378,0.314754,0.309039,0.005736,0.003954,1.498246,0.156677,0.145339,0.051950,0.060711,4.767187,2.143601,13.165944,11.936226,10.670343,9.455434,8.870266,8.570610,0.000556,0.000000,0.000000,0.000000,17912.415266,14573.964734,3338.633380,326.944459,14246.895861,2941.418263,312.154508,61.519414,23.488870,0.000000,4608.254453,1473.903469,568.585619,4039.791630,626.910528,214.830069,119.348235,0.000000,325.854254,91.611414,95.354798,0.000000,23448.462409,18660.973502,2376.807760,1475.607231,935.459321,62.405049,0.010446,4.359405,99.718252,0.000000,0.000000,0.022690,0.000340,0.022350,1.611414,0.016617,0.016617,1.449726,0.000000,0.001505,0.000000,0.000000,0.000000,0.000172,0.000000,0.005558,0.001505,0.000000,0.000000,0.156130,596800.000000,4.000000,0.203443,298400.000000,2.000000,0.101721,298400.000000,2.000000,0.101721,0.000000,0.000000,0.000000,0.000000,0.000000,0.000000,175677.838014,1.177465,0.059887,298400.000000,2.000000,0.101721,23377019.249315,156.682435,7.968986,1750.837456,0.011735,0.000597,477761.477140,3.202155,0.162864,-2361962.649658,-15.830849,-0.805169,0.000000,0.000000,0.000000,0.000000,0.000000,0.000000,0.000000,0.000000,0.000000,564.184060,0.003781,0.000192,0.019387,0.000000,0.000000,30.232617,0.000203,0.000010,589.703192,0.003952,0.000201,0.000000,0.000000,0.000000,0.000000,0.000000,0.000000,0.000000,0.000000,0.000000,0.000000,0.000000,0.000000,0.000000,0.000000,51948235318.706850,42566.564458,17708.619515,42706287214.816440,34993.680009,14558.134364,9242002426.389042,7572.928894,3150.503634,0.000000,0.000000,0.000000,0.000000,0.000000,0.000000,13207175903.035616,10822.005801,4502.190518,3747428744.767123,3070.656135,1277.459944,13738542.934247,11.257410,4.683328,8856.250313,0.007257,0.003019,5777666.719178,4.734240,1.969547,203560525.808219,166.798202,69.391691,2831558.707320,2.320189,0.965249,21537.677868,0.017648,0.007342,21537.677355,0.017648,0.007342,199.690131,0.000164,0.000068,0.140967,0.000000,0.000000,178.277004,0.000146,0.000061,8202.118450,0.006721,0.002796,0.000000,0.000000,0.000000,0.000000,0.000000,0.000000,0.000000,0.000000,0.000000,0.000000,0.000000,0.000000,0.000000,0.000000,98873818.542466,672.153753,33.705068,12463559.728767,84.728482,4.248699,86410260.493151,587.425291,29.456370,0.000000,0.000000,0.000000,0.000000,0.000000,0.000000,47357529.578082,321.941058,16.143695,75677800.438356,514.464993,25.797784,7899345.343836,53.700512,2.692806,2622.255106,0.017826,0.000894,675392.681678,4.591385,0.230234,14215449.213699,96.637996,4.845901,133286.058071,0.906091,0.045436,1913.105758,0.013005,0.000652,1913.105772,0.013005,0.000652,117.057631,0.000796,0.000040,0.004324,0.000000,0.000000,22.269139,0.000151,0.000008,634.605066,0.004314,0.000216,0.000000,0.000000,0.000000,0.000000,0.000000,0.000000,0.000000,0.000000,0.000000,0.000000,0.000000,0.000000,0.000000,0.000000,2806400.000000,4.000000,0.956673,1403200.000000,2.000000,0.478336,1403200.000000,2.000000,0.478336,0.000000,0.000000,0.000000,0.000000,0.000000,0.000000,818097.985616,1.166046,0.278881,1403200.000000,2.000000,0.478336,122028360.000000,173.928677,41.598214,11267.887117,0.016060,0.003841,2794229.415068,3.982653,0.952524,-12377670.531507,-17.642062,-4.219421,0.000000,0.000000,0.000000,0.000000,0.000000,0.000000,0.000000,0.000000,0.000000,3129.738903,0.004461,0.001067,0.157825,0.000000,0.000000,142.302896,0.000203,0.000049,2230.646085,0.003179,0.000760,0.000000,0.000000,0.000000,0.000000,0.000000,0.000000,0.000000,0.000000,0.000000,0.000000,0.000000,0.000000,0.000000,0.000000,497857538.367123,696.109537,169.714518,33694082.921135,47.111414,11.485967,464163300.120548,648.997901,158.228497,0.000000,0.000000,0.000000,0.000000,0.000000,0.000000,263316838.882192,368.172313,89.762004,498912960.876712,697.585237,170.074300,16020958.616438,22.400669,5.461380,6147.187919,0.008595,0.002096,3063322.377397,4.283169,1.044255,89487173.063014,125.121886,30.505258,1762238.212809,2.463980,0.600729,25294.077530,0.035366,0.008622,25294.075686,0.035366,0.008622,405.142800,0.000566,0.000138,0.067079,0.000000,0.000000,132.900119,0.000186,0.000045,4646.024337,0.006496,0.001584,0.000000,0.000000,0.000000,0.000000,0.000000,0.000000,38269.693151,0.053509,0.013046,78.378082,2143.244416,0.002997,0.000731,274.323288,66426053741.413700,23839.381946,22643.959027,2359851343.956164,16042.497250,804.449070
1,2015,DAY_COUNT,365,365,365,365,365,365,365,365,365,365,365,365,365,365,365,365,365,365,365,365,365,365,365,365,365,365,365,365,365,365,365,365,365,365,365,365,365,365,365,365,365,365,365,365,365,365,365,365,365,365,365,365,365,365,365,365,365,365,365,365,365,365,365,365,365,365,365,365,365,365,365,365,365,365,365,365,365,365,365,365,365,365,365,365,365,365,365,365,365,365,365,365,365,365,365,365,365,365,365,365,365,365,365,365,365,365,365,365,365,365,365,365,365,365,365,365,365,365,365,365,365,365,365,365,365,365,365,365,365,365,365,365,365,365,365,365,365,365,365,365,365,365,365,365,365,365,365,365,365,365,365,365,365,365,365,365,365,365,365,365,365,365,365,365,365,365,365,365,365,365,365,365,365,365,365,365,365,365,365,365,365,365,365,365,365,365,365,365,365,365,365,365,365,365,365,365,365,365,365,365,365,365,365,365,365,365,365,365,365,365,365,365,365,365,365,365,365,365,365,365,365,365,365,365,365,365,365,365,365,365,365,365,365,365,365,365,365,365,365,365,365,365,365,365,365,365,365,365,365,365,365,365,365,365,365,365,365,365,365,365,365,365,365,365,365,365,365,365,365,365,365,365,365,365,365,365,365,365,365,365,365,365,365,365,365,365,365,365,365,365,365,365,365,365,365,365,365,365,365,365,365,365,365,365,365,365,365,365,365,365,365,365,365,365,365,365,365,365,365,365,365,365,365,365,365,365,365,365,365,365,365,365,365,365,365,365,365,365,365,365,365,365,365,365,365,365,365,365,365,365,365,365,365,365,365,365,365,365,365,365,365,365,365,365,365,365,365,365,365,365,365,365,365,365,365,365,365,365,365,365,365,365,365,365,365,365,365,365,365,365,365,365,365,365,365,365,365,365,365,365,365,365,365,365,365,365,365,365,365,365,365,365,365,365,365,365,365,365,365,365,365,365,365,365,365,365
